14 0.9203125 0.3921875 0.159375 0.415625
16 0.27890625 0.7234375 0.1796875 0.246875
14 0.25546875 0.8 0.2265625 0.4
14 0.51015625 0.72421875 0.1421875 0.2484375
7 0.8125 0.68671875 0.03203125 0.053125
14 0.80546875 0.80390625 0.0953125 0.3921875
10 0.77421875 0.85234375 0.021875 0.05546875
10 0.8453125 0.8625 0.02265625 0.0625
13 0.7984375 0.6296875 0.03984375 0.03046875
11 0.4984375 0.60703125 0.021875 0.0140625
15 0.78515625 0.98828125 0.0296875 0.0234375
15 0.83828125 0.98125 0.0390625 0.0375