7 0.18359375 0.03359375 0.0453125 0.0671875
10 0.2859375 0.23515625 0.05 0.0640625
14 0.20390625 0.28984375 0.1796875 0.5796875
10 0.2484375 0.3125 0.05703125 0.05703125
15 0.1890625 0.51796875 0.0734375 0.084375
15 0.271875 0.540625 0.065625 0.078125
2 0.66796875 0.184375 0.2734375 0.36875
7 0.1734375 0.6265625 0.034375 0.0765625
10 0.13125 0.8359375 0.03515625 0.06640625
14 0.2078125 0.78984375 0.178125 0.4203125
10 0.24296875 0.9328125 0.059375 0.121875
5 0.74765625 0.88984375 0.5046875 0.2203125