7 0.0984375 0.05390625 0.021875 0.034375
14 0.103125 0.1578125 0.065625 0.27890625
14 0.02421875 0.159375 0.0484375 0.265625
14 0.184375 0.3828125 0.190625 0.534375
13 0.1921875 0.17265625 0.08984375 0.0890625
13 0.09765625 0.02578125 0.025 0.02109375
13 0.01875 0.0359375 0.021875 0.01796875
11 0.0203125 0.08984375 0.0140625 0.0234375
11 0.125 0.1671875 0.01015625 0.028125
8 0.01640625 0.0640625 0.015625 0.021875
16 0.71171875 0.36484375 0.2046875 0.2640625
12 0.7 0.1265625 0.134375 0.06875
14 0.71875 0.36328125 0.3875 0.5734375
16 0.14609375 0.8328125 0.2671875 0.2875
14 0.13984375 0.825 0.2796875 0.35
5 0.60078125 0.825 0.6421875 0.35