7 0.403125 0.1515625 0.0234375 0.0375
14 0.178125 0.1984375 0.0828125 0.2515625
14 0.384375 0.23046875 0.0984375 0.2375
13 0.07421875 0.3234375 0.0890625 0.08359375
13 0.1765625 0.0828125 0.02421875 0.025
13 0.4046875 0.121875 0.02734375 0.025
11 0.20390625 0.22421875 0.0140625 0.04453125
11 0.3921875 0.2203125 0.02109375 0.025
11 0.3734375 0.2 0.02109375 0.0265625
15 0.3390625 0.2828125 0.03125 0.0359375
8 0.1765625 0.109375 0.0203125 0.028125
15 0.19140625 0.30703125 0.02890625 0.040625
15 0.3734375 0.33046875 0.02890625 0.04140625
14 0.440625 0.69453125 0.25625 0.6109375
9 0.48984375 0.41328125 0.1109375 0.0484375
1 0.42421875 0.44375 0.0546875 0.109375
1 0.5546875 0.44296875 0.028125 0.1078125
14 0.690625 0.4453125 0.10625 0.1125
15 0.646875 0.446875 0.0359375 0.0375
15 0.68203125 0.490625 0.0265625 0.04296875