14 0.16640625 0.22734375 0.1171875 0.4546875
11 0.2046875 0.0890625 0.03046875 0.04609375
15 0.15234375 0.38671875 0.06953125 0.071875
15 0.01953125 0.4203125 0.0390625 0.065625
1 0.671875 0.13515625 0.1875 0.2703125
1 0.8953125 0.1421875 0.209375 0.284375
9 0.8546875 0.1234375 0.1203125 0.2046875
9 0.6578125 0.15625 0.1140625 0.06796875
7 0.6796875 0.5140625 0.0375 0.05859375
14 0.61015625 0.5984375 0.0828125 0.259375
14 0.68515625 0.60859375 0.1109375 0.2796875
10 0.70625 0.7109375 0.04296875 0.0625
10 0.65 0.7171875 0.02421875 0.05390625
13 0.6734375 0.47421875 0.040625 0.0109375
11 0.59296875 0.55625 0.0171875 0.02890625
15 0.6828125 0.9328125 0.0296875 0.0609375