14 0.37890625 0.05390625 0.0671875 0.1078125
14 0.0921875 0.31953125 0.184375 0.6390625
10 0.1578125 0.5453125 0.05 0.08203125
13 0.03984375 0.04296875 0.0796875 0.0859375
15 0.2015625 0.00703125 0.015625 0.0140625
15 0.21484375 0.00859375 0.0171875 0.0171875
15 0.253125 0.00859375 0.01875 0.0171875
15 0.26796875 0.00625 0.0203125 0.0125
15 0.30390625 0.00859375 0.0203125 0.0171875
15 0.32265625 0.00546875 0.0171875 0.0109375
15 0.3609375 0.04609375 0.02578125 0.05
0 0.68515625 0.31953125 0.4328125 0.6390625
2 0.2421875 0.87578125 0.184375 0.2484375
7 0.84296875 0.95390625 0.0890625 0.0921875
14 0.8453125 0.89140625 0.309375 0.2171875
13 0.8734375 0.85 0.12109375 0.1125
9 0.8375 0.93359375 0.0640625 0.06953125