7 0.2734375 0.20078125 0.03046875 0.04609375
14 0.2859375 0.35546875 0.08046875 0.51953125
14 0.23125 0.4109375 0.18125 0.596875
13 0.2171875 0.19921875 0.0578125 0.06796875
13 0.265625 0.14140625 0.04140625 0.05390625
11 0.3140625 0.37578125 0.02578125 0.034375
11 0.2609375 0.51796875 0.01875 0.04453125
15 0.19609375 0.68125 0.0390625 0.05625
15 0.2375 0.6953125 0.059375 0.028125
15 0.2625 0.5609375 0.03359375 0.075
14 0.9125 0.16015625 0.07890625 0.303125
14 0.78671875 0.221875 0.15 0.434375
14 0.97734375 0.07421875 0.0453125 0.1484375
13 0.7828125 0.0203125 0.046875 0.040625
13 0.91328125 0.03359375 0.028125 0.03359375
13 0.990625 0.02578125 0.01875 0.0203125
11 0.90625 0.15703125 0.01640625 0.03359375
11 0.91953125 0.1625 0.0234375 0.03046875
8 0.990625 0.0546875 0.01875 0.034375
2 0.478125 0.97109375 0.140625 0.0578125