14 0.27734375 0.0859375 0.0828125 0.171875
14 0.27265625 0.334375 0.2203125 0.309375
13 0.2671875 0.21484375 0.10078125 0.0859375
15 0.2890625 0.1515625 0.03203125 0.04453125
14 0.796875 0.31953125 0.0734375 0.215625
14 0.9828125 0.35 0.034375 0.25
13 0.70625 0.415625 0.0828125 0.06640625
13 0.796875 0.2171875 0.02421875 0.021875
11 0.9859375 0.29609375 0.0171875 0.02890625
8 0.79453125 0.24296875 0.021875 0.02890625
15 0.778125 0.42265625 0.028125 0.05
14 0.38046875 0.57265625 0.0734375 0.1671875
14 0.31484375 0.80546875 0.2015625 0.3890625
13 0.290625 0.6453125 0.0828125 0.06640625
5 0.709375 0.91484375 0.58125 0.1703125