7 0.19609375 0.0234375 0.0453125 0.046875
14 0.228125 0.23203125 0.178125 0.4640625
10 0.28125 0.27109375 0.0328125 0.09609375
15 0.26875 0.45234375 0.0359375 0.07890625
15 0.29921875 0.4453125 0.0359375 0.10859375
9 0.1890625 0.00390625 0.040625 0.0078125
14 0.84296875 0.140625 0.1390625 0.28125
14 0.86328125 0.25546875 0.1703125 0.5109375
13 0.91640625 0.01875 0.0546875 0.0375
11 0.8390625 0.06640625 0.01796875 0.034375
11 0.8046875 0.23515625 0.01953125 0.04453125
15 0.78515625 0.44296875 0.0296875 0.08203125
15 0.8234375 0.45703125 0.02578125 0.08046875
14 0.15625 0.75703125 0.053125 0.246875
14 0.084375 0.8046875 0.078125 0.315625
7 0.36171875 0.97421875 0.0765625 0.0515625
14 0.27890625 0.890625 0.2609375 0.21875
13 0.353125 0.83515625 0.1125 0.1171875
13 0.07578125 0.6578125 0.0265625 0.03046875
13 0.153125 0.63828125 0.021875 0.02109375
11 0.08828125 0.75390625 0.0140625 0.028125
11 0.075 0.7578125 0.01640625 0.02890625
15 0.0703125 0.93515625 0.02265625 0.05703125
15 0.10859375 0.921875 0.0265625 0.065625
14 0.67890625 0.79453125 0.1640625 0.4109375
10 0.62578125 0.775 0.03125 0.07890625
10 0.665625 0.84375 0.05234375 0.10546875