7 0.371875 0.23984375 0.021875 0.04453125
14 0.153125 0.29921875 0.0734375 0.215625
14 0.36171875 0.3171875 0.0796875 0.225
13 0.0625 0.3953125 0.0828125 0.06640625
13 0.153125 0.196875 0.02421875 0.021875
13 0.3734375 0.21171875 0.0234375 0.02109375
11 0.3421875 0.27578125 0.0171875 0.02890625
11 0.3796875 0.30546875 0.0140625 0.021875
8 0.15078125 0.22265625 0.021875 0.02890625
15 0.134375 0.40234375 0.028125 0.05
15 0.371875 0.4171875 0.021875 0.025
14 0.85078125 0.21484375 0.2984375 0.4296875
14 0.6828125 0.21484375 0.20625 0.4296875
16 0.80546875 0.103125 0.1234375 0.20625
10 0.6828125 0.5390625 0.021875 0.034375
14 0.6890625 0.6109375 0.0609375 0.2234375
14 0.8953125 0.640625 0.09453125 0.275
14 0.653125 0.84140625 0.146875 0.3171875
13 0.61640625 0.7015625 0.0734375 0.06875
13 0.68125 0.5078125 0.0203125 0.021875
13 0.9015625 0.5125 0.02578125 0.0265625
11 0.6828125 0.5890625 0.01796875 0.01796875
11 0.915625 0.63203125 0.02109375 0.0265625
8 0.8984375 0.54296875 0.02109375 0.03203125