14 0.3890625 0.03515625 0.040625 0.0703125
7 0.01953125 0.12421875 0.0390625 0.0734375
7 0.196875 0.1453125 0.04140625 0.075
10 0.09921875 0.196875 0.0515625 0.0859375
10 0.0421875 0.228125 0.05390625 0.1015625
10 0.09609375 0.3203125 0.034375 0.0890625
10 0.26875 0.33671875 0.04140625 0.0890625
14 0.20703125 0.2265625 0.2171875 0.446875
14 0.10859375 0.2296875 0.2171875 0.440625
13 0.015625 0.0265625 0.03125 0.053125
13 0.2171875 0.05234375 0.07734375 0.0609375
2 0.790625 0.225 0.31875 0.45
16 0.03515625 0.80703125 0.0703125 0.3171875
7 0.9375 0.5125 0.03203125 0.05546875
10 0.84453125 0.62421875 0.0359375 0.05546875
10 0.92421875 0.6875 0.0453125 0.084375
14 0.91015625 0.70390625 0.1484375 0.5078125
10 0.8859375 0.72421875 0.034375 0.0609375
14 0.77578125 0.7296875 0.1453125 0.540625
13 0.8046875 0.49765625 0.06953125 0.0609375
13 0.94921875 0.46171875 0.0515625 0.0234375