14 0.37578125 0.0421875 0.0921875 0.084375
13 0.1765625 0.08125 0.10859375 0.1015625
14 0.2140625 0.23515625 0.265625 0.4296875
15 0.38828125 0.025 0.0234375 0.04296875
15 0.371875 0.04453125 0.025 0.04140625
15 0.30078125 0.05 0.03046875 0.05390625
5 0.7296875 0.08828125 0.540625 0.1765625
5 0.27890625 0.815625 0.3609375 0.36875
5 0.11015625 0.78046875 0.2203125 0.4390625
0 0.5578125 0.71875 0.196875 0.5375
0 0.65078125 0.725 0.2640625 0.55
0 0.7671875 0.725 0.290625 0.55
0 0.8640625 0.725 0.271875 0.55
0 0.93515625 0.725 0.1296875 0.55