14 0.353125 0.15 0.05390625 0.18046875
7 0.1609375 0.32890625 0.04765625 0.046875
14 0.15390625 0.3859375 0.1984375 0.346875
10 0.14609375 0.5125 0.0515625 0.09375
13 0.16328125 0.234375 0.075 0.05546875
13 0.35546875 0.07578125 0.021875 0.02109375
11 0.3546875 0.1296875 0.01484375 0.0234375
11 0.346875 0.165625 0.01171875 0.0265625
8 0.35625 0.103125 0.01640625 0.025
2 0.684375 0.17890625 0.25625 0.3578125
14 0.11484375 0.596875 0.1015625 0.075
7 0.05625 0.57578125 0.040625 0.0328125
14 0.32734375 0.7796875 0.0953125 0.440625
14 0.0625 0.7796875 0.125 0.440625
10 0.3078125 0.871875 0.02734375 0.07109375
10 0.07265625 0.89296875 0.0359375 0.084375
5 0.7046875 0.7796875 0.590625 0.440625
5 0.9078125 0.77421875 0.184375 0.4296875