7 0.4390625 0.0859375 0.03203125 0.0515625
10 0.3796875 0.23515625 0.03671875 0.046875
14 0.42890625 0.24140625 0.1046875 0.4765625
10 0.3859375 0.3015625 0.04140625 0.05546875
13 0.446875 0.025 0.04140625 0.04296875
15 0.39453125 0.4671875 0.0484375 0.025
5 0.84609375 0.41171875 0.3078125 0.1359375
14 0.44453125 0.54453125 0.0984375 0.1296875
10 0.475 0.575 0.025 0.059375
10 0.43125 0.5875 0.03359375 0.065625
15 0.40234375 0.76328125 0.03984375 0.05703125
15 0.465625 0.7859375 0.040625 0.05859375
10 0.8421875 0.51015625 0.059375 0.0609375
14 0.74453125 0.73984375 0.2515625 0.5203125
13 0.6578125 0.50625 0.078125 0.053125