14 0.26796875 0.04375 0.0609375 0.0875
14 0.35546875 0.05703125 0.0546875 0.1140625
14 0.16796875 0.0296875 0.0453125 0.059375
14 0.08125 0.03125 0.06875 0.0625
14 0.12578125 0.2296875 0.1421875 0.459375
13 0.10078125 0.0140625 0.0609375 0.028125
11 0.37734375 0.00625 0.0203125 0.0125
14 0.80703125 0.2296875 0.3765625 0.459375
16 0.80390625 0.12109375 0.2578125 0.2265625
6 0.9171875 0.41796875 0.103125 0.0828125
6 0.771875 0.41875 0.10625 0.08125
14 0.6234375 0.76953125 0.128125 0.4609375
13 0.6015625 0.58046875 0.0578125 0.05859375
11 0.56484375 0.984375 0.0109375 0.03125