7 0.4671875 0.14765625 0.03046875 0.06640625
14 0.04375 0.16640625 0.0875 0.3328125
14 0.43359375 0.2734375 0.1140625 0.39296875
14 0.45078125 0.275 0.1578125 0.45
13 0.4625 0.10234375 0.04296875 0.0390625
13 0.48515625 0.18984375 0.0578125 0.053125
11 0.0671875 0.109375 0.01484375 0.046875
11 0.38828125 0.47421875 0.0203125 0.0515625
11 0.3859375 0.35078125 0.01796875 0.05546875
15 0.0609375 0.31796875 0.04375 0.05
14 0.76015625 0.128125 0.1078125 0.25625
10 0.7328125 0.07109375 0.03125 0.06796875
10 0.778125 0.08359375 0.02734375 0.06796875
15 0.74296875 0.2234375 0.0265625 0.059375
15 0.77109375 0.2296875 0.02265625 0.065625
5 0.27109375 0.90390625 0.5421875 0.1921875
1 0.775 0.75 0.45 0.5