7 0.615625 0.17421875 0.025 0.05390625
14 0.30859375 0.2484375 0.1265625 0.25
14 0.625 0.2515625 0.06640625 0.275
7 0.53359375 0.25859375 0.0421875 0.09140625
10 0.1578125 0.4703125 0.0359375 0.0734375
14 0.534375 0.496875 0.12578125 0.65546875
14 0.10625 0.61171875 0.2125 0.7734375
10 0.565625 0.62890625 0.05 0.1
13 0.0625 0.2640625 0.0859375 0.078125
13 0.56015625 0.1875 0.059375 0.0359375
13 0.265625 0.140625 0.02109375 0.021875
13 0.615625 0.1359375 0.02734375 0.025
11 0.621875 0.22578125 0.0203125 0.03203125
11 0.6078125 0.240625 0.02421875 0.025
11 0.290625 0.23671875 0.0125 0.0234375
8 0.2671875 0.17109375 0.01953125 0.028125