7 0.625 0.284375 0.01953125 0.04296875
7 0.6640625 0.29609375 0.02734375 0.08359375
14 0.40546875 0.35 0.1125 0.271875
14 0.61015625 0.3609375 0.1015625 0.23046875
14 0.6796875 0.49296875 0.10234375 0.6140625
10 0.6359375 0.56796875 0.03671875 0.06640625
13 0.67734375 0.22265625 0.0609375 0.0515625
13 0.6265625 0.2546875 0.02578125 0.01796875
13 0.4140625 0.23671875 0.0234375 0.0265625
11 0.625 0.35390625 0.02421875 0.021875
8 0.4125 0.2671875 0.02109375 0.03203125
15 0.57734375 0.4328125 0.0328125 0.046875
15 0.425 0.44375 0.02421875 0.04453125