7 0.35625 0.0140625 0.021875 0.028125
14 0.3609375 0.12734375 0.065625 0.2546875
14 0.26796875 0.125 0.0765625 0.25
14 0.44296875 0.24609375 0.1921875 0.3453125
13 0.45 0.13046875 0.08984375 0.0890625
11 0.278125 0.04765625 0.0140625 0.0234375
11 0.3828125 0.125 0.01015625 0.028125
8 0.27421875 0.021875 0.015625 0.021875
5 0.7359375 0.175 0.39375 0.35
2 0.05703125 0.68203125 0.1140625 0.4484375
14 0.759375 0.53515625 0.065625 0.2328125
14 0.66640625 0.5328125 0.0765625 0.228125
14 0.84765625 0.73515625 0.2046875 0.5296875
13 0.8484375 0.52734375 0.08984375 0.0890625
11 0.6765625 0.44453125 0.0140625 0.0234375
11 0.78125 0.521875 0.01015625 0.028125
8 0.671875 0.42421875 0.015625 0.0109375