14 0.26484375 0.07890625 0.1046875 0.1578125
14 0.03828125 0.18984375 0.0765625 0.3796875
7 0.6734375 0.10546875 0.01875 0.04140625
14 0.6703125 0.13203125 0.0859375 0.1484375
10 0.415625 0.26015625 0.0453125 0.0484375
10 0.4 0.3078125 0.06796875 0.0859375
10 0.45703125 0.359375 0.0546875 0.040625
14 0.515625 0.2265625 0.15625 0.30625
14 0.3859375 0.21015625 0.09375 0.3390625
14 0.54453125 0.0453125 0.0578125 0.090625
13 0.5203125 0.1046875 0.06640625 0.0515625
13 0.690625 0.06875 0.02421875 0.02109375
11 0.69453125 0.09609375 0.0140625 0.0375
11 0.546875 0.03671875 0.01171875 0.01796875
8 0.54375 0.025 0.015625 0.0234375
2 0.2078125 0.67578125 0.2625 0.5921875
8 0.4703125 0.47265625 0.240625 0.1859375
10 0.71953125 0.52734375 0.19921875 0.21171875
14 0.6296875 0.68984375 0.58125 0.6203125