7 0.16171875 0.19453125 0.034375 0.0859375
14 0.165625 0.33984375 0.06875 0.52890625
14 0.12265625 0.40703125 0.1515625 0.6046875
13 0.125 0.1828125 0.05078125 0.05703125
13 0.159375 0.1296875 0.04140625 0.04140625
11 0.1828125 0.41640625 0.021875 0.04296875
15 0.0984375 0.6859375 0.034375 0.046875
15 0.1390625 0.6953125 0.040625 0.028125
15 0.1671875 0.5796875 0.02421875 0.07109375
10 0.703125 0.08046875 0.0265625 0.07109375
14 0.74140625 0.17890625 0.0984375 0.3578125
15 0.7421875 0.3234375 0.03828125 0.053125
5 0.26328125 0.8546875 0.5109375 0.290625
0 0.5875 0.8546875 0.1375 0.290625
0 0.74375 0.8546875 0.45 0.290625