14 0.1296875 0.046875 0.071875 0.09375
15 0.1125 0.0375 0.025 0.059375
15 0.14765625 0.03515625 0.0328125 0.05859375
12 0.1296875 0.578125 0.025 0.034375
12 0.05078125 0.82578125 0.028125 0.0359375
12 0.140625 0.91875 0.0203125 0.0359375
10 0.08515625 0.52578125 0.0140625 0.0328125
10 0.1515625 0.6890625 0.0140625 0.0234375
10 0.07578125 0.88828125 0.0203125 0.0265625
10 0.15078125 0.975 0.01484375 0.01796875
6 0.0140625 0.6203125 0.01640625 0.015625
6 0.08203125 0.62109375 0.01484375 0.01484375
6 0.1484375 0.7671875 0.01484375 0.01796875
6 0.1125 0.7703125 0.01328125 0.01796875
14 0.05234375 0.896875 0.0859375 0.20625
14 0.13359375 0.67578125 0.08046875 0.24765625
14 0.046875 0.89765625 0.08125 0.2046875
2 0.61640625 0.709375 0.3953125 0.58125