14 0.03359375 0.25625 0.0671875 0.25
14 0.228125 0.26171875 0.09765625 0.23359375
13 0.025 0.1375 0.02421875 0.0234375
13 0.2328125 0.16640625 0.0265625 0.0265625
11 0.23671875 0.25390625 0.0203125 0.02109375
8 0.0234375 0.165625 0.0203125 0.03046875
15 0.1921875 0.325 0.03046875 0.0359375
15 0.0390625 0.340625 0.03203125 0.05390625
15 0.0109375 0.334375 0.021875 0.046875
5 0.90546875 0.1453125 0.1890625 0.290625
5 0.784375 0.378125 0.36875 0.24375
2 0.21640625 0.734375 0.4015625 0.46875
2 0.81640625 0.75 0.3671875 0.5