7 0.3640625 0.228125 0.04453125 0.09453125
14 0.3640625 0.3015625 0.13125 0.35625
13 0.35234375 0.159375 0.0546875 0.040625
7 0.73203125 0.17890625 0.034375 0.0734375
14 0.72265625 0.28125 0.1015625 0.396875
14 0.86328125 0.31953125 0.1296875 0.3203125
13 0.8734375 0.19765625 0.07109375 0.06640625
13 0.7171875 0.1078125 0.04375 0.0375
11 0.7109375 0.44609375 0.02578125 0.05
11 0.7625 0.41015625 0.01328125 0.046875
5 0.21484375 0.73984375 0.4296875 0.5203125
14 0.68828125 0.63515625 0.1984375 0.3109375