14 0.39296875 0.10390625 0.0609375 0.2078125
14 0.30703125 0.12578125 0.0796875 0.2515625
11 0.4 0.0203125 0.02578125 0.025
11 0.325 0.0984375 0.0171875 0.028125
11 0.29453125 0.09765625 0.0234375 0.03203125
8 0.384375 0.00546875 0.015625 0.0109375
15 0.28125 0.21796875 0.0296875 0.059375
15 0.325 0.21328125 0.0296875 0.05859375
10 0.98125 0.046875 0.0375 0.09375
7 0.271875 0.553125 0.02421875 0.06953125
14 0.26015625 0.7078125 0.1109375 0.396875
14 0.30703125 0.77890625 0.2015625 0.4421875
13 0.35078125 0.5640625 0.0734375 0.05859375
13 0.29140625 0.51796875 0.0390625 0.0171875
11 0.2125 0.7484375 0.01796875 0.04140625
11 0.2234375 0.96953125 0.028125 0.0609375
14 0.7265625 0.56171875 0.084375 0.1046875
14 0.684375 0.72421875 0.05 0.4296875
11 0.69296875 0.53203125 0.0140625 0.0453125
15 0.67109375 0.9 0.0234375 0.10625
15 0.7 0.5859375 0.034375 0.071875
15 0.725 0.5953125 0.02265625 0.059375