7 0.221875 0.10234375 0.021875 0.034375
14 0.2265625 0.20625 0.065625 0.27890625
14 0.134375 0.20859375 0.07734375 0.26640625
14 0.31484375 0.26171875 0.2046875 0.1953125
13 0.315625 0.22109375 0.08984375 0.0890625
13 0.22109375 0.07421875 0.025 0.02109375
13 0.1421875 0.084375 0.021875 0.01796875
11 0.14375 0.13828125 0.0140625 0.0234375
11 0.2484375 0.215625 0.01015625 0.028125
8 0.13984375 0.1125 0.015625 0.021875
1 0.63125 0.1890625 0.24375 0.340625
1 0.94765625 0.1765625 0.1046875 0.334375
2 0.09765625 0.62421875 0.1953125 0.5296875
12 0.61875 0.58359375 0.103125 0.1859375
14 0.5984375 0.68046875 0.178125 0.6390625