14 0.04140625 0.209375 0.0828125 0.41875
14 0.29609375 0.4765625 0.0921875 0.115625
14 0.2984375 0.64296875 0.140625 0.4484375
11 0.2546875 0.4484375 0.01953125 0.0515625
11 0.246875 0.61875 0.03203125 0.040625
11 0.3625 0.59765625 0.0125 0.0515625
15 0.25859375 0.7953125 0.03046875 0.08203125
15 0.303125 0.80703125 0.028125 0.0859375
14 0.62578125 0.62890625 0.2234375 0.4203125
10 0.60625 0.73203125 0.03671875 0.071875
13 0.5328125 0.5171875 0.0234375 0.10546875
15 0.6640625 0.75390625 0.05546875 0.071875
15 0.66015625 0.70859375 0.05625 0.053125