14 0.36328125 0.18671875 0.2078125 0.3734375
15 0.425 0.30859375 0.06015625 0.1
15 0.359375 0.21640625 0.0546875 0.071875
7 0.58359375 0.5296875 0.0296875 0.059375
14 0.56328125 0.7015625 0.1109375 0.403125
11 0.515625 0.70390625 0.015625 0.0515625
11 0.60234375 0.5203125 0.0296875 0.040625
15 0.5421875 0.8890625 0.02890625 0.07109375
14 0.665625 0.59296875 0.09375 0.1859375
10 0.6765625 0.628125 0.03828125 0.06796875
15 0.8140625 0.50859375 0.025 0.0171875
15 0.7875 0.51484375 0.03125 0.0296875