7 0.4578125 0.03359375 0.02109375 0.04609375
14 0.465625 0.08515625 0.059375 0.1703125
7 0.39453125 0.175 0.0640625 0.09140625
7 0.0109375 0.18984375 0.021875 0.0703125
14 0.39375 0.3109375 0.175 0.5375
10 0.10546875 0.3671875 0.0625 0.109375
14 0.08359375 0.315625 0.1671875 0.528125
10 0.334375 0.47265625 0.02890625 0.0984375
10 0.01484375 0.5453125 0.0296875 0.06875
10 0.43046875 0.553125 0.0515625 0.053125
13 0.39609375 0.0671875 0.075 0.065625
13 0.45625 0.0046875 0.025 0.009375
8 0.384375 0.02109375 0.01640625 0.0265625
14 0.91875 0.23359375 0.1625 0.4671875
10 0.9765625 0.196875 0.02890625 0.09296875
14 0.84765625 0.28984375 0.1765625 0.5796875
10 0.91484375 0.440625 0.0328125 0.09453125
5 0.87578125 0.7453125 0.2328125 0.33125
5 0.8796875 0.92421875 0.240625 0.1515625