14 0.44609375 0.1734375 0.1171875 0.346875
14 0.490625 0.24453125 0.15625 0.4890625
13 0.54375 0.0203125 0.05 0.040625
11 0.4 0.146875 0.015625 0.0515625
11 0.43359375 0.28828125 0.0234375 0.04609375
15 0.4234375 0.33203125 0.02890625 0.08046875
0 0.74375 0.41015625 0.06328125 0.08125
0 0.93359375 0.48125 0.1109375 0.015625
10 0.27109375 0.5765625 0.053125 0.10703125
14 0.20234375 0.74453125 0.2078125 0.5109375
15 0.134375 0.95859375 0.078125 0.0828125
15 0.253125 0.88046875 0.059375 0.10859375
5 0.784375 0.7046875 0.43125 0.253125