7 0.296875 0.03828125 0.03984375 0.06640625
14 0.27265625 0.18203125 0.1046875 0.3640625
14 0.39921875 0.19609375 0.1078125 0.3921875
10 0.35625 0.178125 0.01953125 0.07890625
10 0.4125 0.20546875 0.0265625 0.0734375
10 0.31953125 0.296875 0.034375 0.10859375
10 0.2859375 0.3203125 0.04296875 0.1
15 0.36015625 0.36796875 0.0296875 0.05390625
15 0.371875 0.38125 0.03046875 0.05859375
2 0.965625 0.40078125 0.06875 0.3171875
7 0.1046875 0.58203125 0.10625 0.0453125
7 0.33359375 0.615625 0.09140625 0.103125
14 0.36875 0.7796875 0.321875 0.440625
14 0.12421875 0.7796875 0.2484375 0.440625
9 0.3296875 0.5828125 0.11328125 0.0453125
10 0.19296875 0.93984375 0.0625 0.0890625
5 0.6359375 0.88828125 0.2125 0.2234375