7 0.1046875 0.0515625 0.02265625 0.0390625
14 0.10390625 0.12265625 0.1046875 0.2453125
14 0.2890625 0.1390625 0.040625 0.23125
13 0.10625 0.01328125 0.02421875 0.0234375
15 0.1265625 0.2203125 0.0265625 0.04453125
15 0.2703125 0.2109375 0.03125 0.0390625
7 0.7734375 0.290625 0.04921875 0.096875
10 0.671875 0.40546875 0.059375 0.0265625
14 0.74453125 0.2875 0.2109375 0.2625
13 0.8 0.2 0.08671875 0.06953125
7 0.8015625 0.7015625 0.03125 0.065625
10 0.77265625 0.7421875 0.025 0.06640625
14 0.796875 0.79375 0.0734375 0.296875
10 0.80546875 0.9 0.028125 0.05390625
13 0.809375 0.66953125 0.03359375 0.02890625
9 0.80078125 0.69453125 0.02578125 0.028125