7 0.334375 0.190625 0.01796875 0.04296875
14 0.11640625 0.2453125 0.0734375 0.203125
14 0.325 0.278125 0.0765625 0.2515625
14 0.0734375 0.390625 0.146875 0.196875
13 0.03828125 0.33203125 0.0765625 0.0671875
13 0.1203125 0.146875 0.02421875 0.021875
13 0.3375 0.15859375 0.02578125 0.0234375
11 0.3078125 0.2234375 0.01328125 0.025
11 0.33515625 0.2625 0.0125 0.0234375
8 0.11796875 0.18359375 0.01875 0.03203125
9 0.11875 0.17421875 0.02109375 0.021875
15 0.10078125 0.35234375 0.02578125 0.040625
15 0.128125 0.3515625 0.0234375 0.04140625
15 0.33671875 0.38125 0.02421875 0.04609375
2 0.884375 0.196875 0.23125 0.209375
1 0.39765625 0.81796875 0.3640625 0.3640625
1 0.10546875 0.82265625 0.2109375 0.3546875
0 0.596875 0.9453125 0.0265625 0.10625