14 0.23515625 0.0859375 0.0890625 0.171875
7 0.19375 0.2671875 0.07578125 0.1875
14 0.23671875 0.44765625 0.1921875 0.6640625
13 0.203125 0.15078125 0.10703125 0.0859375
11 0.27890625 0.759375 0.0390625 0.040625
11 0.259375 0.01875 0.02421875 0.03046875
11 0.21953125 0.01796875 0.0203125 0.028125
9 0.1796875 0.259375 0.06796875 0.06953125
15 0.00859375 0.17890625 0.0171875 0.0515625
15 0.025 0.171875 0.02421875 0.05
14 0.76875 0.48046875 0.19765625 0.46953125
13 0.8421875 0.32734375 0.03984375 0.084375
7 0.21484375 0.88125 0.0203125 0.0515625
14 0.12265625 0.91796875 0.1265625 0.1640625
14 0.21328125 0.90390625 0.0765625 0.1921875
13 0.1359375 0.86328125 0.0234375 0.03359375
13 0.2140625 0.84375 0.02421875 0.021875
11 0.20625 0.93203125 0.01484375 0.01796875
11 0.221875 0.934375 0.01796875 0.0140625
8 0.134375 0.896875 0.01953125 0.025
4 0.68125 0.86328125 0.059375 0.0390625
4 0.82578125 0.8609375 0.05390625 0.034375