12 0.7450301203125 0.068359375 0.7205572296875 0.0947265625 0.7068524093749999 0.1435546875 0.687274096875 0.1650390625 0.7039156625 0.189453125 0.7127259031250001 0.1884765625 0.7234939765625 0.166015625 0.762650603125 0.162109375 0.8585843375 0.16796875 0.8928463859375 0.1904296875 0.9065512046875 0.1689453125 0.8791415656249999 0.0927734375 0.8370481921875002 0.052734375 0.8135542171875001 0.044921875 0.7763554218750001 0.05078125 0.7450301203125 0.068359375
4 0.733215328125 0.2206267015625 0.8660458296875 0.23133542031249998 0.8722633734375 0.1930094375 0.7419152140625 0.186319440625 0.733215328125 0.2206267015625
3 0.72386593125 0.25 0.720008684375 0.20535345624999998 0.7032578453125 0.20484540624999997 0.7074594859375 0.25 0.72386593125 0.25
3 0.8807818187500001 0.25 0.8889009734375 0.21099316406250002 0.8711329187500001 0.2099179609375 0.8675510187500001 0.25 0.8807818187500001 0.25
14 0.28046875 0.33359375 0.0609375 0.1671875
11 0.26953125 0.31015625 0.0125 0.025
11 0.27890625 0.3109375 0.0140625 0.02109375
14 0.19296875 0.3578125 0.0890625 0.215625
13 0.0953125 0.33203125 0.04140625 0.02890625
14 0.07109375 0.4671875 0.1328125 0.2859375
10 0.090625 0.55703125 0.02734375 0.05703125
2 0.73828125 0.44765625 0.2390625 0.3953125