14 0.23359375 0.09609375 0.0953125 0.1921875
14 0.1828125 0.19453125 0.1625 0.3890625
11 0.2578125 0.028125 0.03125 0.04453125
11 0.22265625 0.01953125 0.0328125 0.0390625
15 0.1765625 0.34296875 0.0578125 0.08203125
15 0.23203125 0.17265625 0.025 0.05390625
2 0.33671875 0.746875 0.4578125 0.50625
14 0.97734375 0.67109375 0.0453125 0.3828125
14 0.76484375 0.75859375 0.1515625 0.4828125
13 0.82734375 0.56640625 0.0453125 0.08046875
11 0.7171875 0.7796875 0.025 0.04609375
11 0.98125 0.89296875 0.03046875 0.075
11 0.96953125 0.73671875 0.01875 0.0484375
15 0.72578125 0.9890625 0.0640625 0.021875