14 0.2203125 0.15859375 0.0828125 0.24140625
14 0.4390625 0.1890625 0.06640625 0.2390625
14 0.05859375 0.3828125 0.1171875 0.39375
13 0.221875 0.04453125 0.025 0.021875
13 0.440625 0.08359375 0.025 0.025
11 0.4390625 0.17265625 0.0171875 0.01953125
11 0.425 0.16171875 0.01171875 0.01953125
8 0.22109375 0.07265625 0.021875 0.03359375
9 0.221875 0.065625 0.0234375 0.021875
15 0.20390625 0.2578125 0.025 0.04140625
15 0.2375 0.26484375 0.02421875 0.040625
15 0.421875 0.25859375 0.02578125 0.040625
15 0.4203125 0.2859375 0.02265625 0.04453125
0 0.87421875 0.1 0.2515625 0.2
0 0.30234375 0.775 0.3671875 0.390625
14 0.9203125 0.8203125 0.159375 0.359375
13 0.94296875 0.8640625 0.1140625 0.253125
9 0.603125 0.715625 0.06875 0.165625
1 0.628125 0.803125 0.11875 0.29375
12 0.62578125 0.66484375 0.1140625 0.1703125