14 0.36484375 0.3046875 0.0703125 0.609375
14 0.6140625 0.20859375 0.146875 0.4171875
14 0.80078125 0.3046875 0.2015625 0.609375
11 0.58125 0.19453125 0.02890625 0.059375
11 0.7046875 0.06328125 0.02109375 0.046875
11 0.7078125 0.10078125 0.03359375 0.05546875
15 0.6078125 0.38515625 0.0546875 0.0640625
15 0.634375 0.34609375 0.03671875 0.09140625
15 0.79140625 0.57265625 0.0765625 0.0734375
15 0.8109375 0.50546875 0.0671875 0.09140625
5 0.08203125 0.71953125 0.1640625 0.2203125
5 0.2375 0.765625 0.28125 0.3125
5 0.175 0.95703125 0.228125 0.0859375
5 0.675 0.8046875 0.55 0.390625