7 0.13203125 0.00859375 0.0515625 0.0171875
14 0.14296875 0.1796875 0.1234375 0.359375
10 0.1015625 0.24921875 0.02578125 0.06640625
10 0.1640625 0.3140625 0.02734375 0.07109375
14 0.27265625 0.43359375 0.0796875 0.1484375
14 0.146875 0.49765625 0.15 0.2765625
11 0.26640625 0.36484375 0.0171875 0.0109375
11 0.28046875 0.36640625 0.0234375 0.0140625
14 0.78203125 0.5234375 0.1078125 0.328125
14 0.95703125 0.80625 0.0859375 0.3875
11 0.7328125 0.53125 0.01640625 0.05390625
11 0.8015625 0.54296875 0.0125 0.0515625
15 0.7546875 0.71015625 0.028125 0.0734375