14 0.03828125 0.109375 0.0765625 0.21875
7 0.39296875 0.04453125 0.034375 0.05390625
14 0.36171875 0.203125 0.1078125 0.40625
13 0.384375 0.01015625 0.04375 0.0203125
11 0.3125 0.25 0.01640625 0.05390625
11 0.38125 0.26171875 0.0125 0.0515625
15 0.334375 0.42890625 0.028125 0.0734375
15 0.01484375 0.1953125 0.0296875 0.05
5 0.77109375 0.3765625 0.4234375 0.20625
14 0.33671875 0.57421875 0.0828125 0.1890625
14 0.2625 0.60078125 0.090625 0.2421875
11 0.24609375 0.5484375 0.021875 0.01640625
11 0.27734375 0.5515625 0.0203125 0.0125
11 0.33515625 0.5625 0.0109375 0.01953125
7 0.8546875 0.65078125 0.03984375 0.07109375
14 0.81640625 0.78515625 0.1171875 0.4296875
14 0.86640625 0.85 0.1671875 0.3
13 0.8515625 0.5984375 0.04296875 0.034375
13 0.9171875 0.72421875 0.05546875 0.05703125
11 0.7703125 0.8578125 0.015625 0.0515625
11 0.80390625 0.9875 0.0234375 0.025