7 0.2546875 0.21171875 0.03046875 0.06640625
14 0.22109375 0.3375 0.1140625 0.39296875
14 0.23828125 0.34140625 0.1578125 0.4546875
13 0.25 0.16640625 0.04296875 0.0390625
13 0.27265625 0.25390625 0.0578125 0.053125
11 0.17578125 0.540625 0.0203125 0.05625
11 0.1734375 0.41484375 0.01796875 0.05546875
14 0.64921875 0.209375 0.4078125 0.41875
16 0.6390625 0.06953125 0.259375 0.1390625
6 0.7578125 0.34765625 0.09375 0.1296875
6 0.61328125 0.3390625 0.1 0.121875
7 0.1578125 0.6453125 0.02421875 0.06953125
14 0.146875 0.78671875 0.11015625 0.425
14 0.19296875 0.825 0.2015625 0.35
13 0.23671875 0.65625 0.0734375 0.05859375
13 0.178125 0.6015625 0.03828125 0.034375
11 0.0984375 0.840625 0.01796875 0.04140625
0 0.709375 0.784375 0.5 0.43125
0 0.8375 0.784375 0.325 0.43125