7 0.090625 0.1046875 0.021875 0.04140625
14 0.20234375 0.1390625 0.0546875 0.278125
14 0.28046875 0.1296875 0.0734375 0.259375
14 0.0234375 0.16015625 0.046875 0.2078125
14 0.05 0.303125 0.1 0.43125
7 0.196875 0.0140625 0.015625 0.028125
7 0.27421875 0.0390625 0.01875 0.04296875
13 0.01015625 0.0625 0.0203125 0.01875
13 0.090625 0.06875 0.0265625 0.025
13 0.2765625 0.00703125 0.028125 0.0140625
11 0.3 0.16484375 0.02265625 0.021875
11 0.1890625 0.0859375 0.0171875 0.021875
11 0.2140625 0.0703125 0.015625 0.01953125
8 0.009375 0.09609375 0.01875 0.0359375
1 0.30703125 0.7046875 0.2859375 0.371875
16 0.52578125 0.6203125 0.1515625 0.15625
6 0.546875 0.85 0.109375 0.0875
6 0.46484375 0.84609375 0.0296875 0.0828125
14 0.565625 0.71015625 0.23125 0.3828125