14 0.5234375 0.14609375 0.05078125 0.29140625
14 0.675 0.184375 0.0859375 0.26796875
14 0.5890625 0.20390625 0.06484375 0.25859375
14 0.4109375 0.296875 0.1140625 0.44453125
10 0.45625 0.42421875 0.02734375 0.07109375
7 0.5796875 0.11328125 0.01953125 0.0484375
13 0.4078125 0.109375 0.05234375 0.04609375
13 0.578125 0.07734375 0.02421875 0.0234375
13 0.7 0.0609375 0.02890625 0.025
11 0.57734375 0.14296875 0.021875 0.021875
11 0.6375 0.228125 0.01875 0.03203125
11 0.70390625 0.1046875 0.0109375 0.02890625
11 0.5125 0.08046875 0.0171875 0.021875
15 0.5046875 0.27734375 0.0203125 0.04140625
15 0.525 0.26484375 0.021875 0.03203125
15 0.578125 0.3 0.01640625 0.05390625
15 0.5984375 0.29765625 0.0265625 0.053125