14 0.33125 0.06640625 0.05625 0.1328125
14 0.0140625 0.0796875 0.028125 0.159375
14 0.21484375 0.2 0.1203125 0.4
10 0.19765625 0.31328125 0.0390625 0.1125
7 0.96171875 0.05 0.0296875 0.1
10 0.89375 0.178125 0.05 0.12109375
14 0.92265625 0.2 0.1546875 0.4
14 0.11953125 0.41796875 0.0703125 0.0359375
7 0.2234375 0.43671875 0.03125 0.0734375
7 0.0984375 0.446875 0.02421875 0.06640625
10 0.146875 0.4703125 0.05390625 0.0765625
14 0.26328125 0.66953125 0.1546875 0.5390625
10 0.221875 0.65078125 0.04765625 0.09296875
14 0.11015625 0.7 0.1703125 0.6
3 0.6828125 0.478125 0.04921875 0.12109375
3 0.3796875 0.4921875 0.040625 0.11875
4 0.534375 0.4375 0.265625 0.075