7 0.23125 0.18203125 0.02890625 0.0734375
14 0.22109375 0.3109375 0.1171875 0.40859375
14 0.23828125 0.3578125 0.2109375 0.503125
13 0.30234375 0.12890625 0.0640625 0.05859375
13 0.2359375 0.12265625 0.03828125 0.04609375
11 0.153125 0.33984375 0.01796875 0.05
11 0.2453125 0.53359375 0.03828125 0.05390625
2 0.875 0.190625 0.23125 0.38125
0 0.346875 0.8046875 0.309375 0.390625
0 0.47578125 0.79375 0.1671875 0.36875
2 0.75234375 0.8796875 0.3015625 0.240625
4 0.76171875 0.63984375 0.1046875 0.0609375