7 0.20234375 0.0421875 0.059375 0.08203125
7 0.46484375 0.08515625 0.0359375 0.0890625
14 0.2578125 0.19453125 0.2625 0.3890625
14 0.48515625 0.19453125 0.1390625 0.3890625
13 0.48984375 0.01484375 0.0734375 0.0296875
11 0.3078125 0.3171875 0.06953125 0.0640625
11 0.4390625 0.3375 0.03203125 0.0609375
11 0.3640625 0.18515625 0.04140625 0.0359375
9 0.21015625 0.01796875 0.0421875 0.0359375
3 0.8890625 0.06953125 0.05859375 0.06015625
4 0.80625 0.11328125 0.07734375 0.06171875
5 0.44453125 0.61640625 0.4375 0.1796875
5 0.32421875 0.92265625 0.3578125 0.1546875
5 0.865625 0.92578125 0.26875 0.1484375