14 0.42734375 0.11796875 0.0765625 0.2359375
14 0.51640625 0.13515625 0.0953125 0.2703125
14 0.075 0.20546875 0.15 0.4109375
7 0.425 0.0046875 0.025 0.009375
11 0.5109375 0.1359375 0.0125 0.03359375
11 0.4203125 0.115625 0.01796875 0.02890625
11 0.41875 0.06171875 0.02109375 0.02109375
8 0.53671875 0.015625 0.0234375 0.03125
15 0.4140625 0.21953125 0.03046875 0.05859375
15 0.44296875 0.2078125 0.02578125 0.05546875
2 0.978125 0.60078125 0.98125 0.55546875 0.9375 0.47265625 0.9296875 0.43515625 0.9328125 0.41015625 0.97265625 0.384375 0.9859375 0.36796875 0.97109375 0.3515625 0.95234375 0.3515625 0.93203125 0.3671875 0.91484375 0.371875 0.89375 0.33046875 0.88359375 0.321875 0.86953125 0.3203125 0.85625 0.32421875 0.8765625 0.37578125 0.865625 0.41484375 0.8140625 0.46484375 0.8046875 0.48828125 0.8078125 0.51015625 0.82109375 0.5125 0.8265625 0.51015625 0.828125 0.49765625 0.83984375 0.49375 0.86015625 0.465625 0.87734375 0.45625 0.8921875 0.46171875 0.8828125 0.57578125 0.8609375 0.64921875 0.88359375 0.65 0.8953125 0.65859375 0.90625 0.62734375 0.909375 0.57734375 0.92734375 0.521875 0.940625 0.53984375 0.94375 0.55546875 0.978125 0.60078125
14 0.26484375 0.85 0.1140625 0.3
10 0.2390625 0.8375 0.03203125 0.07109375
15 0.28515625 0.96484375 0.03046875 0.05390625
14 0.79609375 0.8140625 0.1140625 0.228125
14 0.81328125 0.85 0.1578125 0.3
11 0.7515625 0.9375 0.01953125 0.05703125
11 0.7484375 0.81015625 0.01796875 0.05546875