14 0.05390625 0.0390625 0.0671875 0.078125
7 0.88671875 0.1046875 0.01875 0.04453125
7 0.53671875 0.1046875 0.025 0.040625
7 0.74609375 0.1671875 0.0390625 0.0734375
14 0.88984375 0.1875 0.078125 0.29140625
14 0.540625 0.21015625 0.06953125 0.3
14 0.76171875 0.2484375 0.1203125 0.340625
13 0.5328125 0.071875 0.025 0.0234375
13 0.765625 0.0921875 0.06015625 0.04140625
13 0.8953125 0.06640625 0.02421875 0.02890625
11 0.90234375 0.10703125 0.0171875 0.028125
11 0.54296875 0.209375 0.0109375 0.02890625
11 0.5375 0.20625 0.01015625 0.0265625
14 0.31796875 0.48046875 0.1359375 0.1234375
14 0.05625 0.6859375 0.1125 0.534375
10 0.01953125 0.7078125 0.0390625 0.078125
15 0.0375 0.88359375 0.059375 0.0640625
5 0.65234375 0.8328125 0.3046875 0.334375