7 0.4 0.16171875 0.02109375 0.04140625
14 0.17890625 0.1984375 0.0703125 0.2125
14 0.38125 0.246875 0.09765625 0.25
14 0.10859375 0.27890625 0.2171875 0.3203125
13 0.05234375 0.19296875 0.1015625 0.10703125
13 0.1734375 0.103125 0.02421875 0.025
13 0.40625 0.1296875 0.02421875 0.021875
11 0.37890625 0.2234375 0.0171875 0.0234375
8 0.1734375 0.13203125 0.02109375 0.02890625
15 0.3765625 0.35546875 0.0328125 0.0359375
15 0.34375 0.3078125 0.03125 0.0390625
15 0.19296875 0.32578125 0.03203125 0.04609375
15 0.159375 0.32734375 0.0296875 0.04296875
0 0.63671875 0.2515625 0.2546875 0.375
3 0.071875 0.50390625 0.02421875 0.0859375
3 0.4984375 0.5890625 0.021875 0.109375
4 0.1171875 0.52578125 0.0921875 0.07734375
4 0.4296875 0.5984375 0.08359375 0.0734375