7 0.4921875 0.23125 0.04765625 0.1015625
10 0.4375 0.42890625 0.03671875 0.071875
14 0.4828125 0.45703125 0.14140625 0.6515625
10 0.4515625 0.465625 0.05703125 0.059375
13 0.51171875 0.16015625 0.059375 0.04609375
15 0.44921875 0.759375 0.0671875 0.08125
9 0.49296875 0.20390625 0.03359375 0.0375
2 0.9453125 0.2609375 0.109375 0.384375
13 0.28515625 0.9 0.2203125 0.2
9 0.27734375 0.94140625 0.2046875 0.1171875
14 0.27890625 0.9 0.5390625 0.2
13 0.28515625 0.9 0.2203125 0.2
9 0.27734375 0.94140625 0.2046875 0.1171875
14 0.27890625 0.9 0.5390625 0.2