14 0.13203125 0.04765625 0.0796875 0.0953125
14 0.04453125 0.040625 0.0859375 0.08125
7 0.828125 0.04609375 0.021875 0.0390625
14 0.721875 0.140625 0.0640625 0.246875
14 0.828125 0.14453125 0.06875 0.271875
14 0.9296875 0.275 0.140625 0.45
13 0.93203125 0.06953125 0.059375 0.04453125
13 0.8265625 0.0109375 0.02109375 0.02109375
13 0.7265625 0.0421875 0.02890625 0.04140625
11 0.81875 0.15 0.01171875 0.0234375
11 0.828125 0.15625 0.01015625 0.0265625
14 0.08203125 0.6078125 0.0671875 0.215625
14 0.021875 0.7375 0.04375 0.446875
10 0.0296875 0.86171875 0.03359375 0.06640625
11 0.0765625 0.5765625 0.0140625 0.0140625
15 0.1046875 0.66328125 0.02265625 0.04296875
15 0.0875 0.68359375 0.0203125 0.05390625
2 0.663824728125 1 0.6625 0.98984375 0.6109375 0.83828125 0.63125 0.76015625 0.6515625 0.72734375 0.63984375 0.71875 0.621875 0.73984375 0.60234375 0.796875 0.5859375 0.73515625 0.5796875 0.7330729171874999 0.5796875 0.7787946421875 0.59375 0.84609375 0.5796875 0.89390625 0.5796875 0.9631562500000002 0.59375 0.88046875 0.60390625 0.878125 0.6359375 0.96796875 0.651953125 1 0.663824728125 1
2 0.6400588765624999 1 0.6171875 0.92109375 0.59921875 0.903125 0.5921875 0.91484375 0.58580078125 1 0.60110029375 1 0.60703125 0.9546875 0.6203968078125001 1 0.6400588765624999 1