7 0.4640625 0.1609375 0.03203125 0.05546875
14 0.4796875 0.228125 0.07578125 0.2640625
14 0.1171875 0.23671875 0.11640625 0.40703125
10 0.478125 0.3015625 0.03515625 0.078125
14 0.4328125 0.478125 0.12421875 0.64609375
10 0.38359375 0.521875 0.028125 0.059375
10 0.478125 0.540625 0.02890625 0.0484375
7 0.1015625 0.0921875 0.03359375 0.0625
13 0.4359375 0.1890625 0.05234375 0.046875
13 0.4640625 0.1171875 0.03515625 0.03203125
13 0.0921875 0.04765625 0.03359375 0.02890625
11 0.10390625 0.24765625 0.028125 0.034375
15 0.453125 0.74296875 0.04609375 0.08203125
15 0.4171875 0.7546875 0.04140625 0.0859375
15 0.13125 0.39375 0.04375 0.05859375
15 0.15 0.35859375 0.040625 0.06796875