14 0.10390625 0.0390625 0.0703125 0.078125
14 0.30546875 0.07265625 0.0984375 0.1453125
14 0.07109375 0.18984375 0.1421875 0.3796875
11 0.30390625 0.00390625 0.0171875 0.0078125
15 0.2671875 0.0828125 0.028125 0.0390625
15 0.115625 0.09765625 0.0296875 0.05
15 0.08125 0.1 0.02890625 0.04453125
14 0.73046875 0.2859375 0.0671875 0.1875
13 0.7328125 0.2046875 0.0265625 0.025
11 0.7328125 0.303125 0.01875 0.02109375
11 0.7171875 0.29375 0.01640625 0.021875
15 0.71015625 0.37265625 0.0265625 0.0140625
0 0.2765625 0.68984375 0.546875 0.6203125
2 0.853125 0.71015625 0.29375 0.5453125
2 0.815625 0.4921875 0.36875 0.225