7 0.49140625 0.08984375 0.01875 0.034375
14 0.47421875 0.1328125 0.0671875 0.17109375
14 0.53984375 0.19140625 0.1203125 0.3484375
7 0.2234375 0.21640625 0.040625 0.10390625
10 0.16640625 0.40390625 0.0546875 0.0296875
14 0.23671875 0.2578125 0.2171875 0.321875
14 0.08828125 0.3203125 0.1765625 0.196875
13 0.234375 0.128125 0.06484375 0.053125
13 0.490625 0.0625 0.02109375 0.01796875
13 0.55 0.046875 0.0265625 0.0234375
11 0.5421875 0.046875 0.01796875 0.0265625
11 0.48046875 0.1125 0.015625 0.01953125
5 0.94140625 0.1875 0.1171875 0.215625
14 0.11484375 0.4640625 0.0953125 0.090625
14 0.121875 0.709375 0.24375 0.58125
13 0.0546875 0.48203125 0.109375 0.1265625
15 0.1390625 0.50078125 0.034375 0.03203125
15 0.20078125 0.4921875 0.025 0.053125
15 0.2171875 0.465625 0.02265625 0.04296875
1 0.7296875 0.90625 0.259375 0.1875