7 0.23515625 0.03125 0.0265625 0.053125
14 0.20859375 0.109375 0.1015625 0.21875
14 0.23828125 0.109375 0.1609375 0.21875
13 0.28671875 0.0109375 0.0484375 0.021875
5 0.93828125 0.0625 0.1234375 0.125
5 0.57734375 0.07578125 0.1578125 0.1515625
7 0.3234375 0.321875 0.03515625 0.1
7 0.0546875 0.33671875 0.06328125 0.1140625
14 0.31328125 0.54609375 0.0734375 0.6140625
10 0.31875 0.571875 0.0328125 0.0875
14 0.0828125 0.5984375 0.165625 0.759375
10 0.0921875 0.71640625 0.0453125 0.084375
13 0.03125 0.246875 0.0625 0.046875
13 0.33046875 0.25546875 0.0390625 0.0390625
9 0.0578125 0.31328125 0.03203125 0.03046875
7 0.84765625 0.2359375 0.0234375 0.034375
7 0.9328125 0.25 0.01875 0.05
14 0.85234375 0.31875 0.0546875 0.2
14 0.94609375 0.36015625 0.0984375 0.2828125
7 0.47578125 0.3640625 0.059375 0.103125
10 0.453125 0.50859375 0.0625 0.128125
14 0.5 0.621875 0.2015625 0.69609375
14 0.59296875 0.6421875 0.2296875 0.715625
10 0.515625 0.7359375 0.0609375 0.10703125
13 0.4640625 0.278125 0.06015625 0.0390625
13 0.5890625 0.3171875 0.09296875 0.08203125
11 0.9515625 0.33671875 0.0171875 0.04296875
11 0.8359375 0.3421875 0.01171875 0.03359375
11 0.83515625 0.28671875 0.0140625 0.02109375
15 0.82734375 0.41328125 0.0203125 0.0359375
15 0.859375 0.41953125 0.02578125 0.0390625
15 0.93671875 0.46640625 0.03046875 0.06953125