14 0.0265625 0.05703125 0.053125 0.1140625
14 0.09140625 0.06484375 0.0640625 0.1296875
14 0.0859375 0.36328125 0.171875 0.5515625
13 0.0359375 0.121875 0.05859375 0.04296875
11 0.07890625 0.02578125 0.015625 0.0265625
11 0.07578125 0.0203125 0.0125 0.01796875
15 0.10234375 0.6265625 0.0484375 0.025
14 0.965625 0.07890625 0.06875 0.1578125
11 0.96796875 0.034375 0.0140625 0.028125
14 0.24765625 0.6625 0.0671875 0.046875
14 0.31328125 0.73671875 0.1203125 0.1953125
7 0.00859375 0.6875 0.0171875 0.096875
14 0.059375 0.81953125 0.11875 0.3609375
10 0.04921875 0.97890625 0.0453125 0.0421875