7 0.13125 0.01640625 0.03125 0.0328125
14 0.10703125 0.12578125 0.1078125 0.2515625
11 0.11875 0.053125 0.02109375 0.0359375
11 0.1140625 0.053125 0.01953125 0.0359375
16 0.8046875 0.24609375 0.271875 0.2546875
6 0.82578125 0.60390625 0.1703125 0.0515625
6 0.73515625 0.5734375 0.0609375 0.1125
12 0.815625 0.0234375 0.2 0.046875
14 0.7921875 0.31484375 0.415625 0.6296875
7 0.0609375 0.6703125 0.03125 0.0484375
14 0.0453125 0.77109375 0.090625 0.2828125
13 0.06328125 0.63828125 0.0359375 0.0171875
11 0.0484375 0.7140625 0.02109375 0.0359375
11 0.04375 0.7140625 0.01953125 0.0359375
0 0.76328125 0.81484375 0.4734375 0.3703125