7 0.07421875 0.24765625 0.0453125 0.0640625
10 0.0578125 0.29609375 0.05078125 0.103125
14 0.0671875 0.28671875 0.134375 0.2859375
13 0.090625 0.18359375 0.05078125 0.0359375
2 0.8765625 0.31796875 0.246875 0.2234375
13 0.34140625 0.475 0.05 0.0609375
7 0.3375 0.553125 0.05078125 0.065625
10 0.35625 0.70625 0.04296875 0.0625
14 0.31015625 0.71484375 0.1671875 0.5703125
10 0.3671875 0.76328125 0.0515625 0.07109375
14 0.06328125 0.51015625 0.0953125 0.1609375
15 0.2921875 0.9640625 0.06328125 0.065625
1 0.47265625 0.65703125 0.04765625 0.11484375
9 0.55234375 0.63828125 0.10546875 0.0546875
14 0.6453125 0.75859375 0.471875 0.4828125
10 0.8203125 0.6671875 0.12265625 0.13125