14 0.38203125 0.30625 0.0953125 0.346875
10 0.36328125 0.46171875 0.0421875 0.0359375
7 0.92890625 0.09375 0.040625 0.0671875
7 0.5859375 0.1046875 0.04296875 0.06015625
7 0.4859375 0.12265625 0.040625 0.053125
7 0.7125 0.12265625 0.0453125 0.0484375
7 0.815625 0.1453125 0.0359375 0.05078125
11 0.7859375 0.21484375 0.01953125 0.0265625
11 0.79609375 0.23671875 0.0265625 0.0359375
11 0.7078125 0.26875 0.021875 0.03828125
11 0.509375 0.303125 0.01953125 0.03359375
14 0.5828125 0.2625 0.09375 0.434375
14 0.69921875 0.27109375 0.1078125 0.4171875
11 0.49921875 0.321875 0.01953125 0.02890625
14 0.4796875 0.26875 0.1 0.421875
14 0.815625 0.28046875 0.09375 0.3984375
11 0.87109375 0.37734375 0.021875 0.03359375
14 0.9359375 0.24765625 0.128125 0.4640625
5 0.23984375 0.86796875 0.3796875 0.2640625
5 0.59765625 0.79140625 0.3359375 0.4171875
5 0.71484375 0.7453125 0.5703125 0.509375