14 0.12265625 0.1859375 0.1171875 0.371875
14 0.17265625 0.28203125 0.1671875 0.5359375
13 0.2234375 0.03828125 0.05546875 0.05703125
11 0.0765625 0.171875 0.015625 0.0515625
11 0.11015625 0.31328125 0.0234375 0.04609375
15 0.1 0.35703125 0.02890625 0.08046875
14 0.478125 0.58984375 0.08125 0.0796875
10 0.51328125 0.56796875 0.0109375 0.0359375
15 0.47578125 0.77890625 0.03125 0.06640625
15 0.5125 0.7734375 0.0125 0.05625
7 0.5640625 0.7203125 0.03671875 0.078125
7 0.53046875 0.85703125 0.0234375 0.0671875
14 0.56875 0.80859375 0.084375 0.3828125
13 0.53125 0.77890625 0.025 0.0640625
13 0.56171875 0.66484375 0.0390625 0.0359375
11 0.590625 0.946875 0.0171875 0.04296875