14 0.37734375 0.17890625 0.0234375 0.3578125
14 0.13359375 0.1859375 0.2359375 0.346875
13 0.23828125 0.06171875 0.0453125 0.08046875
11 0.128125 0.275 0.025 0.04609375
11 0.3796875 0.23203125 0.01875 0.0484375
2 0.6927389703125 0.359375 0.696875 0.34765625 0.6890625 0.30546875 0.66953125 0.3203125 0.65703125 0.30625 0.64296875 0.303125 0.63046875 0.28125 0.63125 0.29609375 0.6203125 0.30859375 0.6171875 0.33828125 0.60859375 0.3359375 0.6078125 0.34296875 0.6148344515625 0.359375 0.6927389703125 0.359375
7 0.9125 0.61171875 0.02890625 0.0734375
14 0.90234375 0.740625 0.1171875 0.40859375
14 0.90703125 0.76796875 0.1859375 0.4640625
13 0.97578125 0.5578125 0.0484375 0.059375
13 0.9171875 0.55234375 0.03828125 0.04609375
11 0.834375 0.76953125 0.01796875 0.05
11 0.9265625 0.96328125 0.03828125 0.05390625