13 0.11640625 0.1359375 0.028125 0.025
7 0.2203125 0.15390625 0.0203125 0.0375
8 0.11796875 0.175 0.01875 0.0390625
14 0.22265625 0.240625 0.0609375 0.24453125
11 0.21171875 0.25546875 0.0125 0.025
11 0.22109375 0.25625 0.0140625 0.02109375
14 0.13515625 0.26953125 0.0890625 0.28359375
13 0.0375 0.27734375 0.04140625 0.02890625
14 0.03984375 0.3640625 0.0796875 0.190625
13 0.221875 0.125 0.02109375 0.021875
5 0.71484375 0.35390625 0.5703125 0.2109375
14 0.10390625 0.68828125 0.2078125 0.4578125
16 0.07421875 0.5703125 0.1484375 0.2
6 0.10390625 0.8578125 0.1 0.109375
7 0.97890625 0.50390625 0.0421875 0.0796875
10 0.7015625 0.534375 0.04453125 0.06953125
10 0.825 0.58125 0.05703125 0.09453125
14 0.63984375 0.665625 0.1390625 0.4125
14 0.896875 0.7296875 0.20625 0.540625
15 0.621875 0.846875 0.05 0.084375