14 0.253125 0.1359375 0.07109375 0.17890625
14 0.36640625 0.1546875 0.0546875 0.24609375
14 0.21171875 0.3 0.1609375 0.4640625
10 0.15859375 0.41171875 0.0265625 0.05703125
10 0.284375 0.45234375 0.02421875 0.06796875
13 0.1859375 0.090625 0.0640625 0.0640625
13 0.2421875 0.05625 0.0265625 0.0234375
13 0.3609375 0.0359375 0.02265625 0.021875
11 0.36875 0.1609375 0.01015625 0.02890625
11 0.3453125 0.1625 0.01015625 0.028125
8 0.359375 0.0640625 0.01796875 0.028125
0 0.12734375 0.775 0.2546875 0.45
6 0.58984375 0.91640625 0.0953125 0.0640625
6 0.68671875 0.87890625 0.0828125 0.0578125
14 0.61015625 0.75546875 0.2953125 0.4109375