7 0.325 0.1890625 0.03671875 0.078125
7 0.2890625 0.3265625 0.03046875 0.06640625
14 0.3296875 0.340625 0.084375 0.509375
14 0.2453125 0.56640625 0.13671875 0.70859375
13 0.27265625 0.2484375 0.065625 0.0640625
13 0.32265625 0.13359375 0.0390625 0.0359375
11 0.2296875 0.6453125 0.040625 0.0765625
11 0.3515625 0.415625 0.0171875 0.04296875
11 0.296875 0.5125 0.01484375 0.046875
15 0.253125 0.884375 0.05703125 0.0890625
15 0.3046875 0.56953125 0.0328125 0.06796875
15 0.328125 0.57421875 0.0265625 0.06796875