15 0.23515625 0.03125 0.0390625 0.0625
15 0.30078125 0.02265625 0.0296875 0.0453125
7 0.76953125 0.034375 0.0546875 0.06875
10 0.653125 0.2109375 0.04375 0.096875
10 0.7734375 0.26640625 0.05859375 0.11640625
14 0.73828125 0.25 0.2390625 0.5
7 0.1671875 0.65 0.06171875 0.0875
14 0.17578125 0.7734375 0.1703125 0.453125
10 0.23359375 0.97578125 0.0359375 0.0484375
10 0.11796875 0.98046875 0.0359375 0.0390625
13 0.1640625 0.56484375 0.0640625 0.05
14 0.63515625 0.71796875 0.1234375 0.4359375
10 0.59375 0.60703125 0.02578125 0.06640625
10 0.65625 0.671875 0.02734375 0.07109375
15 0.6359375 0.87109375 0.0609375 0.078125