14 0.22109375 0.2703125 0.1765625 0.496875
11 0.2453125 0.284375 0.025 0.04609375
15 0.25390625 0.50078125 0.0640625 0.0359375
7 0.7578125 0.196875 0.03203125 0.0515625
10 0.6984375 0.34609375 0.03671875 0.046875
14 0.74765625 0.31640625 0.1046875 0.4046875
10 0.7046875 0.4125 0.04140625 0.05546875
13 0.765625 0.1359375 0.04140625 0.04296875
15 0.0171875 0.8640625 0.034375 0.109375
0 0.592036590625 0.51875 0.5762143046875 1 0.783713121875 1 0.8581745546875 0.51875 0.592036590625 0.51875
0 0.321605625 0.51875 0.452330240625 1 0.5656024015625001 1 0.5860130140625 0.51875 0.321605625 0.51875