7 0.28828125 0.18515625 0.0421875 0.0828125
10 0.178125 0.36015625 0.04375 0.0796875
10 0.2890625 0.3828125 0.040625 0.034375
14 0.2265625 0.22890625 0.165625 0.3421875
13 0.2828125 0.0984375 0.053125 0.065625
2 0.515625 0.325 0.15 0.15
2 0.7328125 0.28046875 0.134375 0.2390625
3 0.69375 0.1390625 0.01640625 0.0453125
4 0.33046875 0.1875 0.0421875 0.034375
4 0.53515625 0.19609375 0.05703125 0.03359375
15 0.11875 0.5484375 0.02578125 0.05546875
15 0.15 0.54375 0.03046875 0.05859375
7 0.815625 0.57578125 0.02890625 0.0734375
14 0.80546875 0.7046875 0.1171875 0.40859375
14 0.82265625 0.75 0.2109375 0.5
13 0.88671875 0.52265625 0.0640625 0.05859375
13 0.8203125 0.51640625 0.03828125 0.04609375
11 0.7375 0.73359375 0.01796875 0.05
11 0.8296875 0.92734375 0.03828125 0.05390625