14 0.36640625 0.184375 0.0453125 0.36875
14 0.12109375 0.234375 0.1703125 0.46875
10 0.378125 0.1984375 0.021875 0.1125
10 0.13515625 0.2359375 0.0359375 0.08359375
15 0.16640625 0.43671875 0.0640625 0.0640625
15 0.17578125 0.409375 0.05625 0.05390625
7 0.64609375 0.09453125 0.0484375 0.078125
7 0.8125 0.1640625 0.04296875 0.0890625
14 0.65390625 0.2359375 0.1359375 0.465625
10 0.7046875 0.3046875 0.0390625 0.078125
10 0.6609375 0.353125 0.04140625 0.11953125
14 0.81953125 0.265625 0.1359375 0.40625
13 0.83984375 0.08671875 0.0625 0.05
13 0.6453125 0.03125 0.04765625 0.04609375
0 0.21484375 0.73359375 0.2546875 0.5296875
0 0.30390625 0.6921875 0.1703125 0.446875
2 0.79140625 0.82890625 0.0984375 0.3421875