14 0.10859375 0.71328125 0.1421875 0.4890625
15 0.09375 0.921875 0.0375 0.09453125
15 0.1265625 0.8921875 0.03671875 0.08046875
12 0.3828125 0.47890625 0.03125 0.0203125
16 0.38203125 0.5796875 0.065625 0.1375
16 0.47421875 0.6453125 0.08125 0.1359375
16 0.5515625 0.5234375 0.15625 0.109375
16 0.85390625 0.54765625 0.1296875 0.1578125
10 0.7296875 0.58671875 0.0734375 0.0890625
10 0.97890625 0.56484375 0.0421875 0.1046875
6 0.5828125 0.98359375 0.103125 0.0328125
6 0.6265625 0.96484375 0.0625 0.0703125
6 0.85 0.97890625 0.046875 0.0421875
14 0.8625 0.734375 0.2375 0.53125
14 0.58984375 0.734375 0.3078125 0.53125