7 0.259375 0.06875 0.03671875 0.078125
7 0.2234375 0.20625 0.03046875 0.06640625
14 0.2640625 0.2375 0.084375 0.475
14 0.17890625 0.35 0.1359375 0.51875
13 0.20703125 0.128125 0.065625 0.0640625
13 0.25703125 0.015625 0.0390625 0.03125
11 0.1640625 0.525 0.040625 0.0765625
11 0.2859375 0.2953125 0.0171875 0.04296875
11 0.23125 0.3921875 0.01484375 0.046875
15 0.2375 0.44765625 0.03046875 0.065625
15 0.2625 0.4578125 0.02890625 0.06953125
14 0.675 0.02734375 0.0625 0.0546875
14 0.60078125 0.0578125 0.0828125 0.115625
15 0.5875 0.08359375 0.02578125 0.0640625
15 0.62578125 0.07578125 0.0265625 0.0640625
5 0.5765625 0.875 0.275 0.25
5 0.83125 0.85234375 0.3375 0.2953125