14 0.82421875 0.06484375 0.0546875 0.1296875
14 0.93046875 0.17734375 0.10625 0.334375
7 0.6328125 0.21953125 0.04765625 0.046875
14 0.62578125 0.26640625 0.1984375 0.3265625
10 0.61796875 0.39296875 0.0515625 0.0734375
13 0.63515625 0.125 0.075 0.05546875
13 0.928125 0.01796875 0.02578125 0.02109375
11 0.8265625 0.0203125 0.01484375 0.0234375
11 0.81875 0.05625 0.01171875 0.0265625
8 0.82734375 0.003125 0.0171875 0.00625
14 0.08046875 0.52109375 0.0984375 0.1828125
14 0.35625 0.6703125 0.1 0.48125
10 0.3765625 0.6359375 0.02265625 0.06953125
10 0.346875 0.7046875 0.03125 0.078125
11 0.08359375 0.4421875 0.0296875 0.025
15 0.3359375 0.87109375 0.05390625 0.059375
15 0.346875 0.84765625 0.04609375 0.05546875
0 0.759375 0.71484375 0.48125 0.5703125