7 0.18203125 0.01328125 0.0203125 0.0265625
7 0.5171875 0.0171875 0.02734375 0.028125
7 0.3953125 0.0453125 0.04296875 0.06953125
14 0.196875 0.10625 0.08125 0.2125
14 0.50859375 0.11953125 0.0890625 0.2390625
14 0.39609375 0.1375 0.1078125 0.275
10 0.4234375 0.234375 0.03359375 0.078125
10 0.3390625 0.23671875 0.03671875 0.05859375
11 0.51328125 0.065625 0.01875 0.0375
11 0.1953125 0.0578125 0.01640625 0.01640625
11 0.184375 0.0546875 0.015625 0.02109375
15 0.2234375 0.190625 0.028125 0.04296875
10 0.6796875 0.376597909375 0.6958984375 0.3734939765625 0.706640625 0.36272590312499997 0.714453125 0.31965361406250004 0.7525390625 0.30301204843749996 0.780859375 0.276581325 0.7828125 0.25896084375 0.7330078125 0.24231927656250002 0.6796875 0.24506024062499998 0.6796875 0.376597909375
10 0.905859375 0.1414909640625 0.921484375 0.15911144531250002 0.8599609375 0.18554216875 0.843359375 0.202183734375 0.8375 0.27853915625000003 0.8560546875 0.30301204843749996 0.874609375 0.3059487953125 0.909765625 0.28441265 0.960546875 0.202183734375 0.96640625 0.1551957828125 0.9498046875 0.11897590312499999 0.9107421875 0.12093373437499999 0.905859375 0.1414909640625
14 0.58203125 0.6390625 0.0953125 0.1
14 0.39140625 0.7125 0.1328125 0.246875
0 0.7328125 0.79453125 0.10625 0.4109375
0 0.83984375 0.79296875 0.3203125 0.4078125