14 0.11796875 0.19453125 0.1296875 0.3890625
10 0.121875 0.19453125 0.03515625 0.08359375
15 0.14765625 0.3671875 0.0546875 0.04375
14 0.94921875 0.0640625 0.1015625 0.128125
10 0.90703125 0.01875 0.0359375 0.0375
10 0.95859375 0.0328125 0.0390625 0.065625
15 0.946875 0.25390625 0.0390625 0.065625
7 0.115625 0.63984375 0.04453125 0.08359375
14 0.146875 0.77265625 0.178125 0.4546875
10 0.2 0.90546875 0.0328125 0.09609375
13 0.1140625 0.56484375 0.05234375 0.04140625
9 0.1078125 0.62421875 0.040625 0.0359375
14 0.72109375 0.71484375 0.1140625 0.5703125
10 0.70078125 0.80078125 0.0265625 0.078125
13 0.715625 0.47109375 0.04296875 0.03359375
15 0.7109375 0.97421875 0.05625 0.0515625