7 0.98671875 0.09375 0.0265625 0.090625
14 0.95625 0.26953125 0.0875 0.5390625
10 0.94140625 0.4015625 0.03125 0.07890625
10 0.97734375 0.46953125 0.0453125 0.1046875
13 0.98984375 0.0234375 0.0203125 0.046875
14 0.36796875 0.5828125 0.0703125 0.0875
7 0.2078125 0.56640625 0.0484375 0.0515625
14 0.17109375 0.665625 0.2171875 0.253125
10 0.24375 0.734375 0.03828125 0.06796875
15 0.3828125 0.596875 0.0265625 0.05390625
15 0.353125 0.61171875 0.028125 0.04453125
14 0.75859375 0.60234375 0.1078125 0.1265625
15 0.74140625 0.6328125 0.0265625 0.059375
15 0.76953125 0.6390625 0.02265625 0.065625