14 0.13203125 0.1265625 0.0796875 0.253125
14 0.084375 0.21171875 0.16875 0.4234375
11 0.16015625 0.015625 0.0265625 0.03125
11 0.1078125 0.15703125 0.01875 0.04453125
15 0.0421875 0.34375 0.03203125 0.0875
15 0.084375 0.3671875 0.053125 0.08359375
15 0.109375 0.20390625 0.03125 0.078125
14 0.62734375 0.26484375 0.1171875 0.5296875
15 0.5859375 0.503125 0.034375 0.05
14 0.12734375 0.7703125 0.2546875 0.459375
10 0.0671875 0.78828125 0.0375 0.06953125
10 0.1046875 0.890625 0.03359375 0.1
13 0.03671875 0.62109375 0.0328125 0.10859375
15 0.14140625 0.9078125 0.06484375 0.07890625
15 0.178125 0.95625 0.059375 0.0875
5 0.62109375 0.8234375 0.1046875 0.353125
5 0.83984375 0.815625 0.3203125 0.36875