14 0.52578125 0.14375 0.0828125 0.2875
14 0.61484375 0.1515625 0.0296875 0.303125
14 0.421875 0.19453125 0.128125 0.3890625
10 0.47265625 0.3578125 0.0234375 0.0625
13 0.53671875 0.00859375 0.0296875 0.0171875
13 0.43359375 0.01796875 0.0453125 0.0359375
8 0.5375 0.0359375 0.02421875 0.028125
5 0.83828125 0.0734375 0.3234375 0.146875
14 0.18203125 0.6828125 0.3609375 0.5875
16 0.18203125 0.5984375 0.2421875 0.215625
6 0.109375 0.91484375 0.0921875 0.13125
6 0.25703125 0.8984375 0.153125 0.121875
12 0.16875 0.41171875 0.146875 0.0453125
7 0.84453125 0.4609375 0.0359375 0.05
14 0.8265625 0.63515625 0.09609375 0.490625
10 0.85 0.66171875 0.03671875 0.09609375
13 0.83828125 0.40625 0.0484375 0.034375
15 0.790625 0.85859375 0.03046875 0.06953125
15 0.81796875 0.8578125 0.03203125 0.06796875