7 0.15 0.18359375 0.05 0.065625
10 0.16640625 0.31953125 0.0328125 0.059375
14 0.11953125 0.3609375 0.1296875 0.55625
13 0.1484375 0.11171875 0.04765625 0.05
7 0.72265625 0.28203125 0.04375 0.071875
10 0.69921875 0.45234375 0.0328125 0.06953125
14 0.72578125 0.415625 0.1140625 0.446875
10 0.7015625 0.53125 0.04140625 0.084375
13 0.73359375 0.21953125 0.0515625 0.04453125
0 0.603632165625 1 0.6431130984375 0.7880923296875 0.354098584375 0.74280603125 0.1621093390625 0.8179687515625 0.164792484375 1 0.603632165625 1
1 0.8078125 0.83046875 0.278125 0.3390625