14 0.20546875 0.05078125 0.0921875 0.1015625
14 0.21015625 0.2171875 0.1453125 0.434375
11 0.16328125 0.0203125 0.0203125 0.040625
11 0.15625 0.1859375 0.03203125 0.040625
11 0.27265625 0.165625 0.0140625 0.0515625
15 0.16796875 0.3625 0.03046875 0.08203125
15 0.2125 0.37421875 0.028125 0.0859375
14 0.35390625 0.6609375 0.1078125 0.303125
10 0.3984375 0.77265625 0.02265625 0.05703125
10 0.3265625 0.77890625 0.01796875 0.05546875
7 0.346875 0.54765625 0.03203125 0.065625
15 0.346875 0.965625 0.04140625 0.05390625
7 0.6 0.7453125 0.0390625 0.0984375
14 0.64453125 0.8140625 0.1890625 0.371875
10 0.59140625 0.96796875 0.0453125 0.0640625
13 0.61171875 0.66875 0.0640625 0.0484375