7 0.01015625 0.09296875 0.0203125 0.0703125
14 0.0203125 0.2546875 0.040625 0.49375
13 0.00703125 0.04296875 0.0140625 0.0359375
14 0.46875 0.36640625 0.1 0.4265625
13 0.478125 0.18671875 0.05234375 0.053125
10 0.5171875 0.4703125 0.03984375 0.05859375
5 0.20078125 0.89296875 0.3265625 0.2140625
7 0.690625 0.76875 0.0359375 0.06796875
14 0.71796875 0.834375 0.1546875 0.33125
13 0.7234375 0.69375 0.07265625 0.05859375
11 0.48046875 0.95625 0.0265625 0.04140625
11 0.65703125 0.8421875 0.028125 0.053125