14 0.0421875 0.17734375 0.05390625 0.11953125
7 0.2578125 0.19375 0.0203125 0.040625
14 0.228125 0.26484375 0.09375 0.2109375
14 0.08359375 0.365625 0.1671875 0.246875
13 0.05 0.28671875 0.1 0.0984375
13 0.03828125 0.1484375 0.021875 0.03046875
13 0.2609375 0.1640625 0.021875 0.02109375
11 0.228125 0.2296875 0.0171875 0.0234375
15 0.1828125 0.35078125 0.03046875 0.03046875
2 0.81796875 0.21328125 0.2453125 0.4203125
2 0.0640625 0.690625 0.128125 0.403125
2 0.4796875 0.7046875 0.2 0.43125
5 0.78984375 0.78046875 0.4203125 0.4390625