1 0.675 0.04765625 0.2125 0.0953125
16 0.69921875 0.225 0.2609375 0.2875
7 0.496875 0.49609375 0.01953125 0.03203125
14 0.275 0.5484375 0.078125 0.20703125
14 0.4796875 0.57578125 0.10625 0.23046875
14 0.23515625 0.80703125 0.1765625 0.3859375
13 0.253125 0.6578125 0.0640625 0.04453125
13 0.26875 0.45390625 0.0234375 0.025
13 0.4984375 0.4671875 0.02421875 0.0234375
11 0.4828125 0.55546875 0.01953125 0.0234375
15 0.4359375 0.6359375 0.0359375 0.0375
15 0.47109375 0.6796875 0.0265625 0.04296875
0 0.778125 0.684375 0.41875 0.63125