15 0.40625 0.17734375 0.02578125 0.053125
15 0.440625 0.1859375 0.02578125 0.0640625
7 0.66171875 0.12734375 0.0484375 0.09609375
10 0.71875 0.3171875 0.03515625 0.103125
14 0.6703125 0.271875 0.140625 0.49375
10 0.6421875 0.425 0.040625 0.0859375
13 0.6484375 0.06015625 0.05390625 0.0390625
14 0.43203125 0.62578125 0.1046875 0.2140625
14 0.50078125 0.759375 0.1359375 0.48125
11 0.465625 0.55234375 0.03203125 0.04453125
11 0.3796875 0.55703125 0.01796875 0.0484375
15 0.37578125 0.72109375 0.025 0.078125
15 0.403125 0.73046875 0.028125 0.07109375
15 0.45 0.975 0.05625 0.05