7 0.18359375 0.0453125 0.0453125 0.090625
7 0.4015625 0.06640625 0.0390625 0.10390625
14 0.1921875 0.28671875 0.146875 0.5734375
14 0.37890625 0.33984375 0.2015625 0.6796875
11 0.159375 0.35078125 0.02890625 0.059375
11 0.2828125 0.21953125 0.02109375 0.046875
11 0.2859375 0.25703125 0.03359375 0.05546875
15 0.38515625 0.64453125 0.0609375 0.0703125
15 0.1859375 0.5375 0.0515625 0.06953125
15 0.209375 0.5015625 0.04765625 0.07109375
6 0.43671875 0.9671875 0.0484375 0.065625
6 0.4890625 0.975 0.0625 0.05
5 0.9421875 0.83984375 0.115625 0.3203125