0 1 0.5390625 1 0 0.85667234375 0 0.854057246875 0.0910878265625 0.9582804921874999 0.5390625 1 0.5390625
0 0.665529178125 0 0.69158431875 0.36592846562500003 0.7538425828124999 0.5390625 0.9100955703124999 0.5390625 0.889988828125 0.303464678125 0.8243747703125 0.0098848921875 0.7990147625 0 0.665529178125 0
0 0.537879628125 0 0.5244245015625 0.0707871078125 0.504904953125 0.5390625 0.6312689375 0.5390625 0.672837359375 0.0910878265625 0.6571598671875 0 0.537879628125 0
14 0.453125 0.6125 0.071875 0.146875
11 0.42109375 0.54765625 0.0171875 0.0171875
11 0.48671875 0.553125 0.0046875 0.028125
15 0.44375 0.70859375 0.028125 0.0734375
14 0.90546875 0.728125 0.1703125 0.378125
10 0.96328125 0.5828125 0.0359375 0.0875
10 0.84765625 0.5890625 0.0359375 0.1
15 0.8890625 0.8015625 0.040625 0.11953125
15 0.9328125 0.80859375 0.04375 0.1234375