14 0.11171875 0.28359375 0.1140625 0.3921875
10 0.09140625 0.44921875 0.0265625 0.0609375
13 0.10625 0.12890625 0.04296875 0.03359375
12 0.375 0.61640625 0.040625 0.034375
12 0.084375 0.65078125 0.015625 0.0375
12 0.275 0.66484375 0.02421875 0.0375
16 0.1359375 0.66953125 0.11796875 0.29296875
16 0.2671875 0.85625 0.10859375 0.2640625
14 0.1265625 0.73984375 0.184375 0.5203125
14 0.290625 0.81953125 0.153125 0.3609375
10 0.303125 0.97578125 0.034375 0.0484375
6 0.02421875 0.9375 0.01796875 0.0734375
5 0.83359375 0.7640625 0.3046875 0.471875