14 0.22578125 0.15390625 0.2078125 0.3078125
15 0.28828125 0.25 0.053125 0.1015625
15 0.21953125 0.15390625 0.0546875 0.05
14 0.1328125 0.5484375 0.09375 0.159375
14 0.45546875 0.6421875 0.0890625 0.346875
11 0.415625 0.659375 0.01640625 0.05390625
11 0.484375 0.67109375 0.0125 0.0515625
15 0.4375 0.83671875 0.0265625 0.0609375
15 0.11171875 0.6046875 0.0375 0.046875
7 0.53828125 0.596875 0.040625 0.078125
14 0.56015625 0.753125 0.1203125 0.49375
10 0.5875 0.88515625 0.03203125 0.06796875
13 0.54921875 0.5375 0.0484375 0.0515625