7 0.471875 0.1296875 0.0421875 0.059375
14 0.4828125 0.1703125 0.08828125 0.24609375
14 0.0921875 0.17421875 0.153125 0.33203125
14 0.44609375 0.34453125 0.1609375 0.3890625
7 0.06875 0.065625 0.0328125 0.05390625
13 0.4546875 0.1953125 0.07421875 0.07109375
13 0.48125 0.07578125 0.04140625 0.0484375
13 0.0640625 0.01875 0.040625 0.0375
11 0.0765625 0.2375 0.0234375 0.04453125
11 0.1734375 0.11640625 0.03046875 0.03046875
5 0.728125 0.26328125 0.31875 0.3171875
5 0.61796875 0.375 0.0984375 0.315625
5 0.284375 0.76953125 0.56875 0.4609375
5 0.784375 0.76953125 0.43125 0.4609375