7 0.35390625 0.16484375 0.0484375 0.084375
7 0.5953125 0.240625 0.025 0.06640625
14 0.3609375 0.43203125 0.221875 0.79140625
14 0.60390625 0.459375 0.1203125 0.675
13 0.321875 0.084375 0.07265625 0.0515625
13 0.6140625 0.171875 0.06328125 0.05859375
11 0.2609375 0.53984375 0.028125 0.0515625
11 0.57421875 0.578125 0.025 0.0484375
15 0.35234375 0.74765625 0.05546875 0.0875
15 0.43203125 0.70234375 0.0734375 0.05
15 0.546875 0.759375 0.06328125 0.0640625
15 0.61171875 0.71328125 0.06484375 0.05546875