7 0.5234375 0.15390625 0.0125 0.0328125
14 0.3046875 0.21640625 0.078125 0.253125
14 0.503125 0.23046875 0.053125 0.2421875
13 0.30078125 0.09765625 0.0234375 0.0234375
13 0.52265625 0.1203125 0.0140625 0.028125
8 0.3 0.12421875 0.02109375 0.02890625
15 0.29140625 0.30546875 0.02421875 0.040625
15 0.321875 0.30625 0.021875 0.04453125
15 0.52109375 0.33046875 0.0171875 0.0453125
2 0.934375 0.35703125 0.921875 0.35390625 0.9296875 0.33046875 0.9390625 0.24296875 0.9484375 0.21796875 0.95 0.20078125 0.94453125 0.2 0.93046875 0.203125 0.925 0.21484375 0.921875 0.30390625 0.90625 0.35546875 0.9125 0.37265625 0.934375 0.39609375 0.9375 0.43671875 0.9484375 0.46484375 0.965625 0.47109375 0.9765625 0.46640625 0.9796875 0.45546875 0.96484375 0.4609375 0.9578125 0.45078125 0.9359375 0.39453125 0.934375 0.35703125
1 0.20390625 0.8625 0.4078125 0.275
7 0.778125 0.56640625 0.01953125 0.03203125
14 0.5625 0.6203125 0.065625 0.203125
14 0.7609375 0.64609375 0.10625 0.23046875
14 0.5671875 0.8421875 0.075 0.315625
13 0.54765625 0.72734375 0.0359375 0.0453125
13 0.54921875 0.52734375 0.0234375 0.0171875
13 0.7796875 0.5375 0.02421875 0.0234375
11 0.7640625 0.62578125 0.01953125 0.0234375
15 0.71796875 0.70234375 0.0359375 0.04296875
15 0.7515625 0.75 0.021875 0.04609375