14 0.22109375 0.0625 0.0671875 0.125
14 0.30625 0.09375 0.0875 0.1875
14 0.059375 0.1359375 0.11875 0.271875
10 0.01640625 0.1234375 0.0328125 0.0625
14 0.15234375 0.03515625 0.0640625 0.0703125
14 0.096875 0.03671875 0.06875 0.0734375
15 0.0921875 0.06953125 0.02109375 0.03203125
15 0.1109375 0.06640625 0.015625 0.0390625
15 0.1453125 0.06796875 0.01875 0.04296875
15 0.165625 0.06640625 0.02421875 0.04140625
2 0.78828125 0.28671875 0.4234375 0.5171875
5 0.1265625 0.79765625 0.234375 0.2765625
5 0.3375 0.796875 0.24375 0.275
5 0.4921875 0.78828125 0.153125 0.2578125