7 0.1921875 0.08125 0.03203125 0.05546875
14 0.2078125 0.1484375 0.07578125 0.2640625
10 0.20625 0.221875 0.03515625 0.078125
14 0.16015625 0.346875 0.1234375 0.54375
10 0.11171875 0.4421875 0.028125 0.059375
10 0.20625 0.4609375 0.02890625 0.0484375
13 0.1640625 0.109375 0.05234375 0.046875
13 0.1921875 0.0375 0.03515625 0.03203125
10 0.865625 0.05078125 0.02890625 0.0734375
10 0.9125 0.09921875 0.04453125 0.07890625
10 0.9015625 0.140625 0.0421875 0.1
14 0.9453125 0.246875 0.109375 0.49375
14 0.82109375 0.2546875 0.1734375 0.509375
2 0.8625 0.878125 0.115625 0.24375