7 0.40546875 0.12109375 0.0265625 0.0953125
14 0.378125 0.19140625 0.08125 0.2734375
14 0.38125 0.3234375 0.075 0.571875
13 0.41015625 0.05703125 0.0171875 0.0359375
11 0.334375 0.2953125 0.028125 0.04609375
0 0.94453125 0.590625 0.0796875 0.0375
7 0.296875 0.6671875 0.0265625 0.065625
14 0.29453125 0.8046875 0.1078125 0.390625
14 0.3140625 0.8046875 0.1875 0.390625
13 0.37734375 0.640625 0.0546875 0.0625
13 0.3125 0.61484375 0.040625 0.0109375
11 0.28203125 0.7921875 0.0296875 0.04140625
2 0.696875 0.8046875 0.36875 0.390625