14 0.046875 0.10546875 0.08125 0.2109375
14 0.0296875 0.34609375 0.059375 0.5171875
11 0.04375 0.3796875 0.01875 0.0515625
11 0.053125 0.15625 0.01796875 0.0375
15 0.0203125 0.57421875 0.040625 0.0796875
15 0.05625 0.41328125 0.0328125 0.08359375
14 0.5375 0.16328125 0.0625 0.271875
14 0.4921875 0.20078125 0.025 0.3171875
7 0.53359375 0.07265625 0.021875 0.0375
13 0.5328125 0.04140625 0.0234375 0.025
11 0.48671875 0.184375 0.0140625 0.021875
15 0.490625 0.31953125 0.021875 0.0640625
0 0.4796875 0.65 0.251786371875 0.65 0.30156998437500004 1 0.4223127203125 1 0.466573659375 0.8457037703125 0.4796875 0.7872908703125 0.4796875 0.65
14 0.79296875 0.803125 0.0984375 0.30625
10 0.8234375 0.921875 0.025 0.059375
10 0.7796875 0.934375 0.03359375 0.065625
7 0.8078125 0.72265625 0.04140625 0.046875
13 0.81015625 0.66640625 0.0421875 0.0328125