14 0.31171875 0.1171875 0.1171875 0.234375
10 0.26328125 0.19921875 0.0265625 0.0765625
10 0.3515625 0.2203125 0.03046875 0.084375
5 0.7484375 0.20078125 0.165625 0.1984375
14 0.03671875 0.37890625 0.0734375 0.1578125
10 0.2421875 0.34921875 0.0265625 0.05546875
10 0.3140625 0.3875 0.034375 0.0765625
14 0.28984375 0.48359375 0.1296875 0.3671875
11 0.05390625 0.33125 0.01875 0.03046875
15 0.25234375 0.65 0.04609375 0.0515625
15 0.3046875 0.584375 0.03125 0.05703125
5 0.69453125 0.72578125 0.4109375 0.2671875