14 0.1375 0.221875 0.07109375 0.17890625
14 0.25078125 0.240625 0.0546875 0.24609375
14 0.09609375 0.3109375 0.1609375 0.315625
13 0.0703125 0.1765625 0.0640625 0.0640625
13 0.1265625 0.1421875 0.0265625 0.0234375
13 0.2453125 0.121875 0.02265625 0.021875
11 0.253125 0.246875 0.01015625 0.02890625
11 0.2296875 0.2484375 0.01015625 0.028125
8 0.24375 0.15 0.01796875 0.028125
2 0.71171875 0.234375 0.2046875 0.46875
2 0.9359375 0.234375 0.128125 0.46875
2 0.2875 0.590625 0.246875 0.24375
2 0.75625 0.67734375 0.1796875 0.35625