7 0.06875 0.12421875 0.02265625 0.04140625
14 0.07578125 0.18125 0.0484375 0.2109375
14 0.00859375 0.20859375 0.0171875 0.2703125
14 0.125 0.28984375 0.11484375 0.41640625
13 0.1375 0.090625 0.0484375 0.0359375
13 0.07109375 0.08984375 0.0265625 0.028125
13 0.00625 0.09140625 0.0125 0.0234375
11 0.075 0.24296875 0.01640625 0.02890625
8 0.00390625 0.1171875 0.0078125 0.025
1 0.85703125 0.125 0.1359375 0.25
4 0.86328125 0.11171875 0.0765625 0.084375
14 0.11171875 0.621875 0.1984375 0.165625
15 0.196875 0.83515625 0.02890625 0.0640625
10 0.83203125 0.55 0.0328125 0.021875
10 0.74765625 0.54609375 0.0359375 0.0140625