14 0.3328125 0.17421875 0.1125 0.3484375
15 0.315625 0.3171875 0.0390625 0.065625
14 0.5421875 0.0984375 0.08125 0.196875
14 0.48515625 0.25625 0.1390625 0.365625
13 0.47421875 0.0359375 0.053125 0.053125
11 0.5390625 0.365625 0.01875 0.0515625
11 0.5484375 0.1421875 0.01796875 0.0375
15 0.55 0.3984375 0.034375 0.071875
7 0.22265625 0.4671875 0.0296875 0.05625
14 0.18984375 0.61171875 0.1140625 0.3453125
14 0.20703125 0.71953125 0.1578125 0.5609375
13 0.24140625 0.50546875 0.0578125 0.053125
11 0.1453125 0.79375 0.01953125 0.05703125
11 0.1421875 0.66640625 0.01796875 0.05546875
15 0.140625 0.975 0.0375 0.05
15 0.175 0.9765625 0.03125 0.046875
14 0.66171875 0.71953125 0.2640625 0.5609375