14 0.1109375 0.140625 0.128125 0.28125
7 0.10625 0.0328125 0.03359375 0.0484375
11 0.0984375 0.09296875 0.02265625 0.03203125
2 0.908191521875 0.56875 0.878125 0.43671875 0.87421875 0.4296875 0.8703125 0.43515625 0.871875 0.39609375 0.86640625 0.3859375 0.8546875 0.39921875 0.8203125 0.27890625 0.81171875 0.2703125 0.7984375 0.30390625 0.8046875 0.34921875 0.796875 0.43984375 0.8 0.56484375 0.80390625 0.56875 0.8099330359374999 0.56875 0.81484375 0.5515625 0.83359375 0.56875 0.908191521875 0.56875
5 0.12734375 0.928125 0.2546875 0.14375
5 0.1546875 0.8234375 0.309375 0.346875
1 0.35546875 0.9359375 0.0921875 0.128125
1 0.37109375 0.86640625 0.1234375 0.2265625
1 0.41796875 0.69765625 0.1640625 0.18125
1 0.45703125 0.64453125 0.1578125 0.1515625
1 0.6828125 0.68828125 0.140625 0.2390625
1 0.778125 0.71875 0.1484375 0.225