14 0.03203125 0.17421875 0.0640625 0.3484375
14 0.16328125 0.18671875 0.1296875 0.3734375
11 0.15859375 0.153125 0.0359375 0.0609375
11 0.0125 0.01484375 0.025 0.0296875
15 0.02109375 0.29375 0.0421875 0.084375
15 0.02578125 0.23515625 0.0515625 0.0609375
15 0.1625 0.271875 0.07109375 0.04453125
15 0.15546875 0.32734375 0.06953125 0.05390625
12 0.6890625 0.053125 0.084375 0.08125
16 0.69921875 0.29765625 0.1765625 0.2421875
14 0.76953125 0.209375 0.4609375 0.41875
1 0.33125 0.709375 0.415625 0.58125
1 0.73515625 0.4859375 0.2609375 0.134375