14 0.09609375 0.03125 0.0578125 0.0625
14 0.16953125 0.03671875 0.0921875 0.0734375
0 0.2 0.69453125 0.4 0.6109375
7 0.6421875 0.5171875 0.02734375 0.04453125
14 0.6484375 0.621875 0.08828125 0.33046875
14 0.50234375 0.82421875 0.2046875 0.3515625
13 0.4625 0.709375 0.10546875 0.08203125
13 0.54765625 0.471875 0.021875 0.01796875
13 0.64453125 0.4734375 0.03125 0.01796875
11 0.6609375 0.521875 0.01640625 0.04296875
12 0.834375 0.9109375 0.075 0.075
14 0.834375 0.66015625 0.07578125 0.10546875
16 0.9125 0.52265625 0.0828125 0.0609375
9 0.95859375 0.746875 0.04765625 0.103125
15 0.95703125 0.971875 0.0578125 0.05625