7 0.1921875 0.0859375 0.0234375 0.0484375
14 0.1859375 0.16328125 0.071875 0.25
14 0.10859375 0.2640625 0.1453125 0.33125
13 0.08359375 0.0703125 0.028125 0.0265625
13 0.1890625 0.05078125 0.02109375 0.01953125
13 0.09296875 0.12734375 0.06875 0.065625
11 0.1796875 0.16484375 0.01484375 0.015625
11 0.18828125 0.0890625 0.0140625 0.01640625
15 0.20703125 0.2515625 0.01875 0.0390625
0 0.7546875 0.11328125 0.490625 0.2265625
0 0.7546875 0.21484375 0.490625 0.4296875
5 0.2546875 0.64609375 0.509375 0.4328125
2 0.53828125 0.61875 0.0578125 0.35625