14 0.13515625 0.10625 0.0953125 0.2125
14 0.046875 0.125 0.06953125 0.2265625
14 0.06484375 0.015625 0.0703125 0.03125
7 0.034375 0.0484375 0.01953125 0.04296875
13 0.15546875 0.0078125 0.0265625 0.015625
13 0.0359375 0.01953125 0.02265625 0.0234375
11 0.09453125 0.165625 0.01875 0.04140625
11 0.1625 0.0484375 0.01328125 0.02890625
15 0.0359375 0.24375 0.0203125 0.059375
15 0.0546875 0.240625 0.028125 0.05703125
8 0.15234375 0.0390625 0.02265625 0.0390625
2 0.77421875 0.3234375 0.175 0.296875
1 0.68203125 0.809375 0.6046875 0.38125