7 0.24453125 0.13125 0.015625 0.034375
7 0.3109375 0.140625 0.0234375 0.0359375
14 0.2265625 0.1671875 0.05546875 0.18359375
14 0.290625 0.1859375 0.0734375 0.178125
14 0.05 0.3265625 0.1 0.425
10 0.090625 0.48203125 0.02265625 0.08359375
10 0.0046875 0.5015625 0.009375 0.075
13 0.0515625 0.146875 0.053125 0.040625
13 0.246875 0.1140625 0.01484375 0.0109375
13 0.309375 0.121875 0.0171875 0.009375
11 0.29375 0.2046875 0.0125 0.0140625
11 0.2859375 0.20390625 0.0078125 0.02109375
13 0.465625 0.08125 0.0203125 0.01796875
13 0.82890625 0.08515625 0.0296875 0.01640625
8 0.46640625 0.109375 0.01875 0.03203125
13 0.6703125 0.1125 0.0515625 0.0359375
7 0.8203125 0.11796875 0.0328125 0.046875
11 0.8375 0.11953125 0.01640625 0.04140625
11 0.4859375 0.16328125 0.02265625 0.0234375
14 0.4828125 0.1734375 0.08125 0.2234375
7 0.6609375 0.17421875 0.0578125 0.0984375
11 0.7984375 0.18984375 0.02109375 0.03203125
7 0.34765625 0.1953125 0.0359375 0.09375
14 0.78984375 0.2265625 0.1328125 0.271875
14 0.66015625 0.31796875 0.1359375 0.4421875
14 0.3859375 0.31875 0.1125 0.440625
10 0.653125 0.5078125 0.03125 0.0625
10 0.38203125 0.52734375 0.0515625 0.0234375
5 0.1890625 0.66015625 0.28125 0.2421875
2 0.540213259375 0.5390625 0.5453125 0.59296875 0.55625 0.64609375 0.56640625 0.6 0.62265625 0.5875 0.6296875 0.59765625 0.6359375 0.63359375 0.64375 0.63828125 0.630461775 0.5390625 0.61671875 0.5390625 0.61484375 0.5671875 0.58203125 0.575 0.5609375 0.57265625 0.5583026953125 0.5390625 0.540213259375 0.5390625
2 0.545596875 0.7723015625 0.5313921875000001 0.7666187499999999 0.514346875 0.8688921875 0.5441765625 0.8291187499999999 0.5626421875000001 0.8191765625 0.5987218750000001 0.7943890625 0.608878125 0.7951703125 0.622940625 0.7904828125 0.638565625 0.7732953124999999 0.639346875 0.8131390625 0.647159375 0.8022015625 0.656534375 0.7615765624999999 0.651065625 0.7264203124999999 0.6182531250000001 0.7670453125 0.5498578125 0.8063921875 0.545596875 0.7723015625