7 0.609375 0.17265625 0.025 0.04296875
14 0.61640625 0.2171875 0.0828125 0.1765625
14 0.51484375 0.2421875 0.0609375 0.24609375
7 0.271875 0.25234375 0.04453125 0.0625
14 0.296875 0.47265625 0.1640625 0.63203125
10 0.34375 0.5421875 0.04765625 0.09296875
14 0.2046875 0.62734375 0.23828125 0.74296875
13 0.15625 0.303125 0.09765625 0.0859375
13 0.2765625 0.18671875 0.05703125 0.0515625
13 0.52421875 0.1234375 0.0234375 0.01953125
13 0.6140625 0.1359375 0.02890625 0.01953125
11 0.61875 0.2640625 0.01484375 0.04140625
11 0.5078125 0.2625 0.0125 0.03359375
11 0.52109375 0.1609375 0.0109375 0.021875
8 0.5203125 0.15234375 0.01640625 0.0234375