7 0.096875 0.00703125 0.03125 0.0140625
14 0.26015625 0.03359375 0.0765625 0.0671875
14 0.09140625 0.1265625 0.0921875 0.253125
10 0.0640625 0.21015625 0.03046875 0.078125
10 0.09921875 0.2125 0.03125 0.08359375
11 0.26015625 0.01328125 0.0171875 0.0265625
11 0.24765625 0.0109375 0.0140625 0.021875
3 0.67734375 0.0265625 0.1390625 0.053125
16 0.18359375 0.7625 0.228125 0.203125
12 0.19140625 0.584375 0.1375 0.06875
14 0.18828125 0.7734375 0.3578125 0.453125
2 0.59140625 0.696875 0.2453125 0.60625