14 0.09453125 0.10546875 0.0796875 0.2109375
11 0.08125 0.0328125 0.01640625 0.03046875
11 0.0921875 0.03671875 0.02578125 0.02890625
7 0.84375 0.15703125 0.03125 0.05546875
14 0.984375 0.15703125 0.03125 0.1609375
14 0.66953125 0.18515625 0.0671875 0.234375
14 0.8390625 0.2484375 0.09296875 0.35
10 0.8109375 0.38046875 0.03046875 0.078125
10 0.84609375 0.3828125 0.03125 0.08359375
13 0.6765625 0.07890625 0.02265625 0.021875
13 0.8453125 0.090625 0.04140625 0.04296875
11 0.99375 0.17734375 0.0125 0.0296875
11 0.6671875 0.2015625 0.01484375 0.02890625
15 0.6609375 0.2703125 0.02578125 0.05546875
15 0.6828125 0.26796875 0.0203125 0.05546875
14 0.790625 0.76796875 0.365625 0.1984375
6 0.8765625 0.79453125 0.0890625 0.1296875
6 0.74296875 0.77734375 0.121875 0.1234375