7 0.5515625 0.0828125 0.03203125 0.0515625
14 0.50703125 0.209375 0.1390625 0.41875
14 0.52734375 0.309375 0.1703125 0.41875
13 0.55390625 0.015625 0.0453125 0.03125
13 0.58125 0.1390625 0.05390625 0.071875
11 0.503125 0.20390625 0.01796875 0.034375
11 0.46875 0.37265625 0.01953125 0.04453125
0 0.86484375 0.25234375 0.2703125 0.5046875
14 0.41796875 0.7734375 0.2234375 0.453125
13 0.38671875 0.58359375 0.090625 0.0875
11 0.37890625 0.5296875 0.0203125 0.021875
11 0.35234375 0.53125 0.0234375 0.025
1 0.85 0.759375 0.240625 0.48125