14 0.03828125 0.11953125 0.0765625 0.2390625
10 0.0484375 0.1671875 0.02265625 0.05859375
7 0.0234375 0.03046875 0.034375 0.0609375
15 0.009375 0.37734375 0.01875 0.0453125
15 0.04765625 0.37734375 0.0265625 0.0453125
2 0.887109375 0 0.88125 0.02109375 0.8828125 0.04765625 0.85859375 0.0890625 0.83203125 0.1109375 0.81015625 0.115625 0.78671875 0.1015625 0.71796875 0.090625 0.696875 0.07734375 0.70234375 0.0703125 0.68359375 0.0640625 0.65546875 0.0640625 0.63125 0.08046875 0.63125 0.09921875 0.65234375 0.115625 0.67265625 0.1203125 0.67890625 0.1375 0.69453125 0.1390625 0.69921875 0.146875 0.71171875 0.1453125 0.73671875 0.165625 0.78515625 0.16875 0.7921875 0.17578125 0.784375 0.21328125 0.778125 0.31171875 0.76640625 0.3203125 0.73359375 0.315625 0.69921875 0.3265625 0.66015625 0.315625 0.65078125 0.31875 0.6453125 0.32734375 0.64375 0.36328125 0.69140625 0.3703125 0.70390625 0.378125 0.70625 0.33515625 0.71796875 0.334375 0.721875 0.37421875 0.70703125 0.3828125 0.75390625 0.3828125 0.759375 0.37421875 0.75390625 0.3640625 0.76640625 0.3703125 0.80859375 0.3671875 0.84296875 0.3734375 0.8515625 0.36640625 0.846875 0.34609375 0.85390625 0.334375 0.865625 0.35078125 0.86171875 0.3546875 0.86796875 0.35625 0.8765625 0.34609375 0.8765625 0.32578125 0.84765625 0.3203125 0.8390625 0.29765625 0.846875 0.27421875 0.846875 0.23203125 0.85234375 0.246875 0.8546875 0.22734375 0.8609375 0.22890625 0.8625 0.18828125 0.86796875 0.190625 0.87109375 0.1828125 0.88515625 0.1828125 0.88515625 0.178125 0.88984375 0.184375 0.89921875 0.184375 0.90234375 0.178125 0.90546875 0.184375 0.91484375 0.184375 0.92109375 0.1765625 0.92265625 0.1828125 0.93515625 0.1828125 0.9421875 0.18984375 0.9390625 0.22890625 0.946875 0.23046875 0.9421875 0.24140625 0.946875 0.25390625 0.9390625 0.27578125 0.9359375 0.31953125 0.89375 0.32734375 0.89375 0.36328125 0.90859375 0.3640625 0.91015625 0.371875 0.92109375 0.371875 0.92578125 0.3796875 0.98671875 0.3875 1 0.3944568453125 1 0.3375 0.99765625 0.3375 0.990625 0.32734375 1 0.2981770828125 1 0.1287400265625 0.9640625 0.08515625 0.95625 0.03515625 0.959375 0.02109375 0.9703125 0.01484375 0.9728940218750001 0 0.887109375 0
14 0.08828125 0.7 0.1609375 0.6
10 0.1078125 0.7453125 0.03359375 0.103125
15 0.0953125 0.93828125 0.04921875 0.08359375
15 0.125 0.9609375 0.06875 0.078125
5 0.73984375 0.69296875 0.5203125 0.2828125