7 0.00390625 0.07890625 0.0078125 0.0484375
7 0.22578125 0.08671875 0.025 0.0484375
14 0.02109375 0.1390625 0.0421875 0.209375
14 0.2015625 0.175 0.12265625 0.2515625
10 0.0890625 0.47109375 0.0328125 0.09609375
14 0.05078125 0.41015625 0.1015625 0.3984375
13 0.025 0.25078125 0.05 0.0765625
13 0.003125 0.0453125 0.00625 0.025
13 0.2296875 0.0640625 0.02265625 0.02109375
11 0.215625 0.16796875 0.015625 0.021875
15 0.16015625 0.24453125 0.034375 0.040625
4 0.5015625 0.1609375 0.115625 0.096875
3 0.67890625 0.29609375 0.04609375 0.09140625
3 0.84375 0.17421875 0.0359375 0.06640625
4 0.90859375 0.1625 0.065625 0.06328125
4 0.74296875 0.25625 0.065625 0.0765625
0 0.3203125 0.8046875 0.196875 0.390625
1 0.69296875 0.83125 0.5484375 0.3375