7 0.1328125 0.08125 0.01953125 0.04140625
14 0.13671875 0.13828125 0.0515625 0.2234375
14 0.05859375 0.1421875 0.0890625 0.215625
14 0.040625 0.1515625 0.08125 0.196875
13 0.00703125 0.0890625 0.0140625 0.053125
13 0.02578125 0.075 0.028125 0.028125
13 0.1328125 0.0578125 0.02265625 0.02109375
11 0.125 0.19375 0.00859375 0.0265625
11 0.128125 0.19296875 0.0125 0.0234375
8 0.028125 0.10703125 0.021875 0.03046875
14 0.80546875 0.0546875 0.0609375 0.109375
11 0.79375 0.00703125 0.0125 0.0140625
11 0.80390625 0.00625 0.0140625 0.0125
14 0.71796875 0.07890625 0.0890625 0.1578125
13 0.6203125 0.02421875 0.04140625 0.02890625
14 0.62578125 0.1328125 0.0734375 0.234375
10 0.61484375 0.23515625 0.0265625 0.0296875
2 0.57734375 0.7796875 0.0234375 0.278125
12 0.7234375 0.31484375 0.26875 0.1296875
9 0.721875 0.47109375 0.265625 0.2640625