14 0.1609375 0.13359375 0.09375 0.2671875
14 0.46953125 0.2453125 0.0609375 0.41875
11 0.44375 0.2984375 0.01640625 0.05390625
11 0.1859375 0.0390625 0.02421875 0.0234375
15 0.465625 0.47421875 0.02265625 0.065625
15 0.14140625 0.240625 0.03671875 0.0515625
14 0.67734375 0.29140625 0.1515625 0.5359375
10 0.690625 0.0828125 0.0265625 0.090625
13 0.728125 0.146875 0.04140625 0.0515625
15 0.6109375 0.55 0.03125 0.01875
14 0.05859375 0.7796875 0.1171875 0.440625
13 0.02421875 0.57734375 0.0484375 0.0359375
10 0.50859375 0.7515625 0.0171875 0.096875
15 0.5046875 0.93046875 0.009375 0.0890625
15 0.51953125 0.928125 0.0390625 0.1