7 0.01796875 0.0578125 0.0359375 0.090625
14 0.34375 0.259375 0.18125 0.51875
14 0.04140625 0.259375 0.0828125 0.51875
11 0.40625 0.30703125 0.03828125 0.0609375
11 0.015625 0.40078125 0.03125 0.0578125
11 0.0578125 0.303125 0.02421875 0.0625
15 0.034375 0.49765625 0.059375 0.0421875
15 0.25703125 0.471875 0.0359375 0.0734375
15 0.3359375 0.4828125 0.05 0.071875
5 0.73984375 0.15546875 0.4796875 0.3109375
14 0.3640625 0.7375 0.146875 0.4375
11 0.33125 0.73359375 0.02890625 0.059375
11 0.4546875 0.60234375 0.02109375 0.046875
11 0.4578125 0.63984375 0.03359375 0.05546875
15 0.3578125 0.92421875 0.0546875 0.0640625
15 0.384375 0.88515625 0.03671875 0.09140625
14 0.67421875 0.790625 0.1296875 0.41875
13 0.671875 0.61640625 0.05859375 0.0609375
11 0.51015625 0.8859375 0.0203125 0.06875