7 0.0984375 0.15390625 0.03984375 0.071875
14 0.12265625 0.2640625 0.1796875 0.45
10 0.0484375 0.38046875 0.040625 0.1
10 0.084375 0.42421875 0.04296875 0.09296875
13 0.10625 0.065625 0.06484375 0.07109375
15 0.1453125 0.46640625 0.053125 0.0453125
14 0.85390625 0.21171875 0.2921875 0.4234375
16 0.853125 0.07578125 0.259375 0.1515625
6 0.81953125 0.3578125 0.134375 0.1328125
6 0.93203125 0.33515625 0.1359375 0.1140625
7 0.6640625 0.840625 0.02734375 0.06953125
14 0.68046875 0.8546875 0.1203125 0.290625
13 0.6765625 0.759375 0.0640625 0.05703125