7 0.015625 0.11171875 0.03125 0.0734375
14 0.028125 0.1328125 0.05625 0.234375
14 0.14609375 0.17109375 0.1296875 0.1578125
13 0.15625 0.13046875 0.07109375 0.06640625
13 0.0109375 0.040625 0.021875 0.0375
5 0.87890625 0.075 0.2421875 0.15
14 0.33984375 0.37890625 0.0703125 0.2578125
14 0.18125 0.37109375 0.065625 0.2421875
7 0.184375 0.28984375 0.02734375 0.05546875
11 0.1640625 0.4859375 0.01875 0.028125
11 0.36875 0.4265625 0.01953125 0.03359375
15 0.1890625 0.6453125 0.0421875 0.04140625
15 0.33046875 0.6703125 0.046875 0.05
14 0.709375 0.653125 0.159375 0.69375
13 0.703125 0.34765625 0.0578125 0.05859375
11 0.65859375 0.765625 0.028125 0.05859375
15 0.68203125 0.98125 0.0671875 0.0375