7 0.303125 0.21015625 0.02734375 0.04140625
14 0.05625 0.26640625 0.08203125 0.234375
14 0.2796875 0.29140625 0.1 0.24609375
14 0.08046875 0.525 0.1609375 0.26875
13 0.04765625 0.42578125 0.0953125 0.0859375
13 0.0546875 0.15625 0.0234375 0.025
13 0.3046875 0.18046875 0.02421875 0.0234375
11 0.2859375 0.2546875 0.0140625 0.01953125
11 0.29921875 0.265625 0.015625 0.025
15 0.0671875 0.36484375 0.0296875 0.05
15 0.253125 0.3921875 0.0296875 0.04609375
15 0.2796875 0.371875 0.0171875 0.05703125
12 0.31953125 0.8296875 0.6390625 0.340625