7 0.28828125 0.0953125 0.021875 0.0359375
14 0.0765625 0.1515625 0.0859375 0.2234375
14 0.2703125 0.1625 0.08984375 0.228125
14 0.30390625 0.3484375 0.2296875 0.240625
13 0.3328125 0.28515625 0.0828125 0.07109375
13 0.2890625 0.0625 0.02421875 0.0265625
13 0.065625 0.05234375 0.021875 0.025
11 0.26171875 0.14921875 0.0125 0.0265625
15 0.25078125 0.25625 0.025 0.04140625
15 0.271875 0.26328125 0.02421875 0.04453125
12 0.95859375 0.00625 0.0265625 0.0125
12 0.9890625 0.41171875 0.021875 0.0703125
12 0.46171875 0.31171875 0.0328125 0.0546875
12 0.56640625 0.334375 0.0421875 0.05625
12 0.68046875 0.33125 0.034375 0.0453125
16 0.8171875 0.0234375 0.025 0.046875
16 0.4375 0.38671875 0.0375 0.1234375
12 0.43984375 0.4578125 0.0421875 0.021875
12 0.771875 0.0421875 0.0234375 0.0484375
10 0.7359375 0.4453125 0.0265625 0.03125
6 0.9359375 0.26640625 0.025 0.01796875
6 0.96328125 0.25625 0.02890625 0.01796875
14 0.5140625 0.13828125 0.08515625 0.2265625
14 0.67265625 0.38828125 0.0765625 0.1609375
14 0.4546875 0.37421875 0.071875 0.1890625
14 0.57578125 0.38984375 0.0984375 0.1578125
14 0.71328125 0.115625 0.0953125 0.23125
14 0.95390625 0.1390625 0.0578125 0.278125
5 0.209375 0.79453125 0.41875 0.3515625
2 0.8328125 0.74453125 0.24375 0.5109375