10 0.33359375 0.1609375 0.0296875 0.078125
14 0.36796875 0.26796875 0.2171875 0.5359375
15 0.065625 0.021875 0.034375 0.04375
15 0.34140625 0.4546875 0.03671875 0.084375
15 0.3875 0.3734375 0.03203125 0.06640625
7 0.91875 0.034375 0.021875 0.05546875
7 0.57421875 0.0921875 0.0109375 0.075
7 0.79140625 0.11015625 0.025 0.078125
14 0.9203125 0.1296875 0.09375 0.259375
10 0.7328125 0.25625 0.04609375 0.06953125
10 0.6890625 0.25703125 0.03515625 0.065625
14 0.76796875 0.29453125 0.2015625 0.5890625
10 0.7171875 0.28515625 0.03671875 0.08046875
14 0.634375 0.29453125 0.13125 0.5890625
13 0.8 0.01796875 0.071875 0.0359375
11 0.90546875 0.0671875 0.0265625 0.03359375
11 0.9390625 0.028125 0.01640625 0.021875
2 0.47861328125 1 0.4765625 0.99453125 0.4609375 0.86953125 0.45546875 0.859375 0.44609375 0.859375 0.4421875 0.86953125 0.459375 0.93828125 0.463583096875 1 0.47861328125 1
2 0.56875 0.88046875 0.56171875 0.8875 0.55234375 0.8859375 0.509375 0.86484375 0.5140625 0.79765625 0.51015625 0.7578125 0.5 0.76484375 0.496875 0.77890625 0.4875 0.95859375 0.4921875 0.96171875 0.50859375 0.8921875 0.56875 0.9218848890625001 0.56875 0.88046875
14 0.83359375 0.6796875 0.0890625 0.18125
14 0.6796875 0.81640625 0.221875 0.3671875
13 0.6484375 0.69375 0.10546875 0.08203125