7 0.2859375 0.11953125 0.01875 0.04140625
14 0.2828125 0.14609375 0.0859375 0.1484375
10 0.028125 0.27421875 0.0453125 0.0484375
10 0.02265625 0.32109375 0.0453125 0.0859375
10 0.0703125 0.38359375 0.05390625 0.059375
14 0.128125 0.26875 0.15625 0.3625
14 0.1578125 0.053125 0.05703125 0.10390625
13 0.1328125 0.11875 0.06640625 0.0515625
13 0.1578125 0.009375 0.01953125 0.01640625
13 0.303125 0.0828125 0.02421875 0.02109375
11 0.30703125 0.11015625 0.0140625 0.0375
11 0.159375 0.05078125 0.01171875 0.01796875
8 0.15625 0.0390625 0.015625 0.0234375
15 0.5765625 0.06328125 0.0234375 0.0609375
15 0.5984375 0.07109375 0.02578125 0.06796875
2 0.2390625 0.85078125 0.18125 0.2984375
14 0.50546875 0.66640625 0.1828125 0.4328125
10 0.4140625 0.5640625 0.03828125 0.103125
15 0.61015625 0.49296875 0.03203125 0.0515625
15 0.65 0.50703125 0.02265625 0.065625