7 0.571875 0.171875 0.02890625 0.059375
7 0.45625 0.240625 0.03515625 0.1
7 0.1875 0.25546875 0.06328125 0.1140625
14 0.5640625 0.26796875 0.0828125 0.30546875
14 0.478125 0.465625 0.13515625 0.6140625
10 0.4515625 0.490625 0.0328125 0.0875
14 0.203125 0.5125 0.1921875 0.76953125
10 0.225 0.63515625 0.0453125 0.084375
13 0.1578125 0.165625 0.0765625 0.046875
13 0.4765625 0.175 0.0640625 0.0390625
13 0.4890625 0.07421875 0.01875 0.01796875
13 0.5703125 0.134375 0.0296875 0.021875
11 0.5265625 0.30078125 0.01484375 0.0375
8 0.48671875 0.103125 0.015625 0.02890625