7 0.6078125 0.16484375 0.03203125 0.04609375
14 0.615625 0.21015625 0.0671875 0.1875
14 0.521875 0.2265625 0.06015625 0.253125
10 0.23125 0.33203125 0.05078125 0.09453125
10 0.20546875 0.35859375 0.0421875 0.13359375
7 0.03515625 0.525 0.0515625 0.196875
14 0.2734375 0.52578125 0.22421875 0.65390625
10 0.10703125 0.5609375 0.075 0.153125
14 0.0765625 0.68515625 0.153125 0.6265625
10 0.1046875 0.69921875 0.08359375 0.17109375
13 0.2359375 0.21328125 0.059375 0.0515625
13 0.528125 0.134375 0.02109375 0.01640625
13 0.609375 0.12578125 0.03203125 0.0265625
11 0.62578125 0.1703125 0.0171875 0.0265625
11 0.5296875 0.165625 0.00859375 0.0234375
8 0.528125 0.15546875 0.01328125 0.021875