7 0.0765625 0.1546875 0.0484375 0.10546875
7 0.409375 0.259375 0.04921875 0.11953125
14 0.0546875 0.353125 0.109375 0.553125
10 0.06015625 0.4890625 0.03125 0.07109375
10 0.33203125 0.4953125 0.0375 0.06953125
14 0.37109375 0.39453125 0.1953125 0.4703125
10 0.35234375 0.5953125 0.0328125 0.06875
13 0.44296875 0.184375 0.0515625 0.040625
13 0.0625 0.09609375 0.05546875 0.05703125
15 0.04609375 0.6109375 0.0515625 0.0375
2 0.6421875 0.34140625 0.215625 0.496875
2 0.940625 0.37265625 0.11875 0.4453125
14 0.16484375 0.77109375 0.0765625 0.2828125
10 0.0265625 0.83125 0.053125 0.09609375
14 0.06796875 0.81484375 0.1359375 0.3703125
13 0.06875 0.64140625 0.05625 0.0234375
11 0.13828125 0.6640625 0.0171875 0.021875
14 0.82734375 0.77109375 0.1234375 0.2828125
10 0.81640625 0.65390625 0.0390625 0.0484375
15 0.7875 0.7703125 0.053125 0.06796875
15 0.86015625 0.81875 0.06328125 0.078125