10 0.0640625 0.07890625 0.0453125 0.0484375
10 0.0484375 0.1265625 0.06796875 0.0859375
10 0.10625 0.18828125 0.05390625 0.059375
14 0.1640625 0.234375 0.15625 0.46875
14 0.040625 0.234375 0.08125 0.46875
5 0.78984375 0.32109375 0.4203125 0.2953125
7 0.2765625 0.615625 0.03984375 0.09140625
14 0.015625 0.65234375 0.03125 0.3671875
7 0.559375 0.72734375 0.03828125 0.0890625
14 0.2578125 0.75703125 0.1 0.4859375
10 0.278125 0.859375 0.02265625 0.06953125
10 0.4890625 0.8921875 0.05078125 0.071875
10 0.2484375 0.928125 0.03125 0.078125
10 0.4890625 0.94140625 0.06015625 0.0625
14 0.51875 0.83359375 0.121875 0.3328125
7 0.00625 0.48984375 0.0125 0.0421875
13 0.5671875 0.64765625 0.025 0.0515625
13 0.2578125 0.54296875 0.0609375 0.05390625