14 0.23671875 0.0453125 0.0984375 0.090625
15 0.11640625 0.01328125 0.0234375 0.0265625
15 0.14765625 0.015625 0.0296875 0.03125
1 0.821875 0.08046875 0.35625 0.1609375
7 0.1671875 0.4703125 0.025 0.04609375
7 0.0390625 0.52421875 0.04140625 0.07109375
14 0.1671875 0.54765625 0.08671875 0.27890625
14 0.05859375 0.71328125 0.1171875 0.5734375
10 0.0484375 0.8640625 0.04921875 0.09453125
13 0.0609375 0.44921875 0.0578125 0.040625
13 0.1796875 0.425 0.03046875 0.01953125
11 0.1828125 0.45 0.01484375 0.0359375
11 0.14765625 0.528125 0.0234375 0.02890625
7 0.93984375 0.3796875 0.0390625 0.0765625
7 0.6390625 0.39453125 0.05390625 0.0640625
14 0.93984375 0.62578125 0.1171875 0.6140625
10 0.6953125 0.61875 0.05078125 0.07890625
14 0.63359375 0.659375 0.1734375 0.68125
10 0.89765625 0.6546875 0.0390625 0.08046875
10 0.6734375 0.69296875 0.04453125 0.096875
10 0.9609375 0.75078125 0.04296875 0.109375
13 0.62109375 0.32421875 0.0671875 0.0109375
15 0.678125 0.921875 0.0640625 0.06953125
15 0.6953125 0.8734375 0.05390625 0.05390625