14 0.26015625 0.18984375 0.1140625 0.3796875
10 0.26796875 0.1890625 0.03125 0.07109375
10 0.53984375 0.1953125 0.0375 0.06953125
14 0.55 0.18984375 0.1375 0.3796875
10 0.5609375 0.296875 0.0328125 0.071875
15 0.2484375 0.35234375 0.05625 0.0546875
15 0.2546875 0.32734375 0.0515625 0.06953125
14 0.91484375 0.0578125 0.0765625 0.115625
10 0.7765625 0.040625 0.053125 0.08125
14 0.81640625 0.18984375 0.1390625 0.3796875
5 0.265625 0.72265625 0.21171875 0.1421875
14 0.67890625 0.709375 0.1203125 0.58125
10 0.62890625 0.81328125 0.0203125 0.0828125
14 0.959375 0.77578125 0.08125 0.4484375
13 0.7 0.46484375 0.06171875 0.053125
11 0.9828125 0.7921875 0.034375 0.059375