7 0.55390625 0.040625 0.0484375 0.08125
7 0.8875 0.134375 0.04921875 0.11953125
14 0.53046875 0.26953125 0.1140625 0.5390625
10 0.53828125 0.3640625 0.03125 0.07109375
10 0.81015625 0.3703125 0.0375 0.06953125
14 0.853125 0.28671875 0.203125 0.5046875
10 0.83125 0.471875 0.0328125 0.071875
13 0.9328125 0.06015625 0.0734375 0.040625
15 0.51796875 0.51875 0.0578125 0.040625
15 0.528125 0.4984375 0.05703125 0.06796875
5 0.0421875 0.65546875 0.084375 0.2328125
5 0.0921875 0.86953125 0.184375 0.2609375
0 0.59375 0.8375 0.428125 0.325
0 0.83984375 0.74921875 0.3203125 0.4203125