7 0.5265625 0.1640625 0.02265625 0.0390625
14 0.5171875 0.23671875 0.06015625 0.2234375
14 0.6109375 0.27890625 0.08203125 0.30859375
7 0.21953125 0.303125 0.05625 0.075
14 0.2765625 0.55625 0.1984375 0.74296875
10 0.225 0.62265625 0.03671875 0.1015625
10 0.3171875 0.64765625 0.04140625 0.115625
10 0.096875 0.80625 0.06640625 0.10703125
13 0.234375 0.21484375 0.06953125 0.0515625
13 0.52890625 0.1328125 0.021875 0.02109375
13 0.6203125 0.13671875 0.02890625 0.0234375
11 0.5203125 0.18984375 0.01484375 0.02109375
11 0.63125 0.18984375 0.02265625 0.0234375
15 0.296875 0.85859375 0.04375 0.09609375
15 0.32265625 0.859375 0.040625 0.1015625