7 0.421875 0.1421875 0.02890625 0.059375
7 0.30625 0.2109375 0.03515625 0.1
7 0.0375 0.22578125 0.06328125 0.1140625
14 0.4140625 0.23828125 0.0828125 0.30546875
14 0.32734375 0.30859375 0.1359375 0.3609375
10 0.30078125 0.453125 0.0328125 0.071875
14 0.07421875 0.29296875 0.1484375 0.3921875
13 0.02265625 0.1359375 0.0453125 0.046875
13 0.3265625 0.1453125 0.0640625 0.0390625
13 0.3390625 0.04453125 0.01875 0.01796875
13 0.4203125 0.1046875 0.0296875 0.021875
11 0.3765625 0.27109375 0.01484375 0.0375
8 0.33671875 0.0734375 0.015625 0.02890625
9 0.040625 0.20234375 0.03203125 0.03046875
0 0.896875 0.18671875 0.20625 0.3734375
5 0.31328125 0.84453125 0.6265625 0.3109375
5 0.49765625 0.81171875 0.3640625 0.3765625
13 0.8546875 0.7421875 0.084375 0.053125
8 0.8484375 0.78984375 0.05625 0.0609375
16 0.86484375 0.91171875 0.1765625 0.1765625
14 0.8671875 0.86015625 0.2625 0.2796875
13 0.696875 0.75 0.034375 0.096875
11 0.71328125 0.934375 0.0671875 0.05625