14 0.22578125 0.16015625 0.1828125 0.3203125
15 0.32421875 0.0171875 0.0328125 0.034375
12 0.6328125 0.1703125 0.2390625 0.1953125
12 0.94921875 0.17265625 0.1015625 0.1640625
8 0.94609375 0.28125 0.0671875 0.096875
14 0.62578125 0.20234375 0.2734375 0.2546875
16 0.31640625 0.565625 0.2828125 0.246875
6 0.39453125 0.92421875 0.1140625 0.1515625
6 0.2390625 0.925 0.10625 0.14375
12 0.321875 0.3484375 0.159375 0.0375
14 0.30078125 0.66484375 0.3765625 0.6703125
0 1 1 1 0.3296875 0.897164734375 0.3296875 0.8087821937499999 0.4552318062499999 0.7634771921875 0.745688390625 0.72129674375 0.97680445 0.721643084375 1 1 1
0 0.4890625 0.3296875 0.4890625 1 0.6526484406249999 1 0.7056743375 0.8987246578124999 0.73691915 0.6426231671875 0.84471365625 0.37871364375 0.8354493484375001 0.3296875 0.4890625 0.3296875