10 0.05390625 0.01328125 0.0421875 0.0265625
14 0.10234375 0.1546875 0.1234375 0.309375
10 0.07421875 0.05546875 0.028125 0.06953125
14 0.92109375 0.1546875 0.0984375 0.309375
10 0.9578125 0.06796875 0.02265625 0.071875
10 0.9109375 0.11875 0.03203125 0.0765625
10 0.9890625 0.2953125 0.021875 0.028125
15 0.909375 0.278125 0.046875 0.0625
15 0.93046875 0.27421875 0.0484375 0.0703125
5 0.1875 0.8 0.09296875 0.06640625
5 0.32890625 0.88359375 0.090625 0.0734375
7 0.7640625 0.4234375 0.021875 0.05546875
7 0.63671875 0.49921875 0.025 0.078125
14 0.76640625 0.5046875 0.09375 0.2890625
10 0.578125 0.6453125 0.04609375 0.06953125
10 0.534375 0.64609375 0.03515625 0.065625
14 0.61328125 0.66640625 0.2015625 0.6671875
10 0.5625 0.67421875 0.03671875 0.08046875
14 0.5125 0.6765625 0.065625 0.646875
14 0.63359375 0.346875 0.0515625 0.075
13 0.6453125 0.39921875 0.071875 0.053125
13 0.63359375 0.31484375 0.0203125 0.0109375
13 0.7703125 0.378125 0.02890625 0.0265625
11 0.6359375 0.346875 0.01484375 0.01953125
11 0.75078125 0.45625 0.0265625 0.03359375
11 0.784375 0.4171875 0.01640625 0.021875
8 0.6328125 0.33359375 0.01796875 0.0234375