14 0.18359375 0.0546875 0.0546875 0.109375
14 0.27734375 0.09609375 0.0984375 0.1921875
11 0.2828125 0.02734375 0.0171875 0.04296875
11 0.1671875 0.0328125 0.01171875 0.03359375
15 0.15859375 0.10390625 0.0203125 0.0359375
15 0.190625 0.11015625 0.02578125 0.0390625
15 0.26796875 0.15703125 0.03046875 0.06953125
0 1 0.4890625 1 0 0.8373975578125 0 0.8056779453124999 0.1442744 0.9297319343750001 0.4890625 1 0.4890625
0 0.5890625 0 0.5890625 0.4890625 0.8421795156249999 0.4890625 0.8447339609375 0.43629255625 0.8509829468750001 0.17550629375 0.7999280234375 0 0.5890625 0
14 0.13515625 0.7125 0.1984375 0.446875
10 0.084375 0.63203125 0.03671875 0.1015625
10 0.1765625 0.65703125 0.04140625 0.115625
15 0.153125 0.8609375 0.03828125 0.1
15 0.178125 0.8703125 0.04375 0.09296875
5 0.79453125 0.8796875 0.4109375 0.240625