7 0.584375 0.02890625 0.02265625 0.046875
14 0.49140625 0.090625 0.0734375 0.18125
14 0.58828125 0.0859375 0.0796875 0.171875
7 0.26328125 0.090625 0.0390625 0.0734375
14 0.28359375 0.22265625 0.1734375 0.4328125
10 0.3359375 0.3828125 0.02890625 0.09296875
14 0.18046875 0.2703125 0.2296875 0.3375
13 0.125 0.15625 0.09140625 0.0875
13 0.2609375 0.03125 0.05234375 0.040625
11 0.48515625 0.1140625 0.0125 0.03046875
11 0.496875 0.0109375 0.0109375 0.01953125
11 0.59375 0.115625 0.01484375 0.040625
8 0.49453125 0.00546875 0.0140625 0.0109375
15 0.49375 0.2046875 0.02265625 0.0375
15 0.75 0.2796875 0.0453125 0.090625
0 0.42890625 0.73515625 0.5609375 0.5296875
5 0.8546875 0.85546875 0.290625 0.2890625