7 0.0140625 0.14140625 0.0234375 0.04453125
14 0.03203125 0.2078125 0.0640625 0.296875
10 0.0234375 0.465625 0.025 0.028125
13 0.0171875 0.0984375 0.03359375 0.03359375
14 0.72265625 0.13359375 0.0953125 0.2671875
10 0.89140625 0.0765625 0.0453125 0.10703125
10 0.746875 0.07734375 0.01640625 0.0640625
10 0.746875 0.1390625 0.02578125 0.07109375
14 0.934375 0.23984375 0.13125 0.4796875
15 0.88515625 0.4703125 0.0640625 0.01875
13 0.14609375 0.52578125 0.040625 0.040625
7 0.1390625 0.58125 0.0296875 0.06640625
10 0.1140625 0.71875 0.04296875 0.0734375
14 0.1390625 0.74765625 0.10703125 0.496875
11 0.284375 0.75625 0.02734375 0.0515625
14 0.27578125 0.76328125 0.0484375 0.4734375
2 0.701802925 1 0.7078125 0.9605109374999999 0.6921875 0.9491484374999999 0.6694609375 0.974715625 0.6509937499999999 0.9789765625000001 0.6347974859375001 1 0.6639161984374999 1 0.6680390624999999 0.9988640625 0.6921875 0.971875 0.6870734374999999 1 0.701802925 1
2 0.6326562499999999 1 0.6265625 0.98984375 0.603125 0.87265625 0.5953125 0.86953125 0.590625 0.85703125 0.575 0.73203125 0.56953125 0.721875 0.56015625 0.721875 0.55625 0.73203125 0.5734375 0.80078125 0.578125 0.86953125 0.615625 0.99921875 0.6161979171875 1 0.6326562499999999 1
2 0.66640625 0.7484375 0.6234375 0.72734375 0.628125 0.66015625 0.62421875 0.6203125 0.6140625 0.62734375 0.6109375 0.64140625 0.6015625 0.82109375 0.60625 0.82421875 0.62265625 0.7546875 0.684375 0.78515625 0.6890625 0.84453125 0.6953125 0.84765625 0.6984375 0.64453125 0.68984375 0.6328125 0.68125 0.63359375 0.6828125 0.74296875 0.67578125 0.75 0.66640625 0.7484375