14 0.05546875 0.04375 0.0828125 0.0875
15 0.08515625 0.05234375 0.03203125 0.06796875
2 0.7984375 0 0.7984375 0.01953125 0.78125 0.10390625 0.7828125 0.11640625 0.790625 0.11796875 0.81171875 0.046875 0.85703125 0.0609375 0.8625 0.05390625 0.85703125 0.028125 0.84453125 0.0296875 0.815625 0.01796875 0.8153041296874999 0 0.7984375 0
2 0.8109375 0.33203125 0.803125 0.36328125 0.7953125 0.36015625 0.78125 0.32890625 0.77890625 0.271875 0.7671875 0.33828125 0.7796875 0.34765625 0.7921875 0.40703125 0.809375 0.41484375 0.8453125 0.36171875 0.8453125 0.33984375 0.8203125 0.31015625 0.79140625 0.246875 0.790625 0.28046875 0.8109375 0.33203125
14 0.18046875 0.6625 0.1359375 0.346875
10 0.1546875 0.5546875 0.0328125 0.0875
7 0.69375 0.59921875 0.03515625 0.04140625
14 0.690625 0.684375 0.07265625 0.28203125
7 0.396875 0.70234375 0.0359375 0.05859375
10 0.5453125 0.86796875 0.0421875 0.065625
14 0.56953125 0.7921875 0.1015625 0.415625
14 0.39296875 0.80390625 0.1328125 0.3921875
13 0.56796875 0.609375 0.059375 0.05390625
13 0.3671875 0.6234375 0.06484375 0.0515625
13 0.3421875 0.58671875 0.02421875 0.01953125
13 0.69375 0.56171875 0.028125 0.021875
11 0.696875 0.6984375 0.01484375 0.04296875