7 0.1015625 0.2203125 0.03984375 0.0765625
7 0.325 0.290625 0.0421875 0.09140625
10 0.2 0.4078125 0.04765625 0.07109375
10 0.21640625 0.440625 0.046875 0.078125
14 0.12265625 0.36328125 0.2296875 0.4515625
14 0.3015625 0.3703125 0.215625 0.4375
13 0.353125 0.2078125 0.07734375 0.06796875
13 0.078125 0.14375 0.05859375 0.040625
5 0.74765625 0.4203125 0.5046875 0.3375
5 0.18203125 0.9375 0.3640625 0.125
14 0.77265625 0.6171875 0.1296875 0.05625
14 0.52890625 0.79453125 0.1359375 0.4109375
10 0.58671875 0.746875 0.0328125 0.109375
10 0.475 0.75546875 0.03984375 0.090625
15 0.525 0.96171875 0.03125 0.0765625
15 0.5640625 0.96875 0.0375 0.0625