14 0.05703125 0.1796875 0.1140625 0.359375
14 0.80390625 0.078125 0.0796875 0.15625
7 0.971875 0.0671875 0.03671875 0.0609375
7 0.73125 0.07890625 0.03125 0.05703125
10 0.81796875 0.21015625 0.0453125 0.08359375
14 0.94140625 0.1796875 0.1171875 0.359375
10 0.8828125 0.2796875 0.03828125 0.103125
14 0.74140625 0.1796875 0.1859375 0.359375
13 0.70390625 0.0125 0.0640625 0.025
11 0.8046875 0.0453125 0.02265625 0.01640625
10 0.340625 0.453125 0.06484375 0.12265625
7 0.4328125 0.859375 0.0765625 0.13203125
8 0.23671875 0.9484375 0.0734375 0.103125
14 0.42109375 0.8703125 0.2453125 0.259375
14 0.2484375 0.9203125 0.134375 0.159375
8 0.12734375 0.38125 0.0953125 0.04375
8 0.10390625 0.96796875 0.0453125 0.0640625
14 0.1265625 0.9328125 0.103125 0.134375
2 0.93515625 0.678125 0.1296875 0.453125