14 0.3375 0.24765625 0.084375 0.4953125
14 0.08828125 0.2484375 0.1765625 0.496875
10 0.3203125 0.15078125 0.028125 0.08046875
10 0.3609375 0.25703125 0.0375 0.1265625
10 0.0734375 0.28828125 0.06328125 0.1109375
15 0.13125 0.46875 0.07578125 0.065625
15 0.1484375 0.4140625 0.05703125 0.05703125
14 0.71640625 0.08515625 0.1046875 0.1703125
14 0.45390625 0.26484375 0.1484375 0.5296875
15 0.49609375 0.52109375 0.0578125 0.0171875
14 0.071875 0.65390625 0.109375 0.2265625
13 0.0421875 0.5515625 0.0265625 0.025
11 0.1125 0.6734375 0.02421875 0.03203125
7 0.984375 0.596875 0.021875 0.0359375
14 0.7796875 0.6515625 0.065625 0.24375
14 0.9734375 0.640625 0.053125 0.15625
7 0.8546875 0.6953125 0.0296875 0.0890625
7 0.4875 0.703125 0.04375 0.09609375
14 0.86796875 0.79453125 0.1265625 0.4109375
10 0.8015625 0.89765625 0.05390625 0.05390625
10 0.53125 0.9421875 0.05859375 0.07890625
14 0.53046875 0.80703125 0.2453125 0.3859375
10 0.52265625 0.98515625 0.0578125 0.0296875
13 0.45625 0.6421875 0.06953125 0.04296875
13 0.878125 0.61953125 0.06015625 0.05859375
13 0.98671875 0.559375 0.0265625 0.021875
11 0.77109375 0.53828125 0.0109375 0.0171875
11 0.99453125 0.59453125 0.0109375 0.0390625
8 0.7703125 0.5359375 0.015625 0.0125
15 0.7859375 0.75390625 0.02265625 0.0375
15 0.771875 0.746875 0.02109375 0.0390625