14 0.075 0.209375 0.15 0.41875
10 0.003125 0.34609375 0.00625 0.0953125
7 0.75 0.084375 0.02109375 0.03046875
7 0.8203125 0.1109375 0.0171875 0.03046875
14 0.8453125 0.17734375 0.10703125 0.228125
14 0.746875 0.184375 0.05703125 0.24453125
7 0.64375 0.20625 0.0328125 0.0640625
7 0.41953125 0.209375 0.0359375 0.06953125
10 0.503125 0.2609375 0.03515625 0.09453125
10 0.6203125 0.2859375 0.0390625 0.07109375
10 0.5859375 0.2921875 0.03984375 0.09453125
10 0.44140625 0.32734375 0.0453125 0.09453125
14 0.45078125 0.25859375 0.1234375 0.3203125
14 0.68515625 0.24765625 0.2109375 0.3421875
13 0.4078125 0.13984375 0.0375 0.0671875
13 0.6640625 0.1234375 0.07421875 0.07109375
13 0.753125 0.0640625 0.01953125 0.02109375
13 0.821875 0.07265625 0.02734375 0.0265625
11 0.884375 0.19296875 0.02734375 0.02890625
11 0.740625 0.12265625 0.015625 0.02109375
14 0.0953125 0.56640625 0.1375 0.2953125
14 0.31953125 0.6 0.1265625 0.3625
10 0.0515625 0.5234375 0.03046875 0.07890625
10 0.13984375 0.56484375 0.0390625 0.08359375
15 0.27734375 0.75078125 0.0421875 0.06796875
0 0.69453125 0.709375 0.6109375 0.58125