2 0.821875 0.1578125 0.18125 0.315625
2 0.9734375 0.16875 0.053125 0.3375
7 0.1828125 0.41796875 0.025 0.0578125
14 0.3125 0.4734375 0.09375 0.16875
10 0.125 0.5546875 0.04609375 0.06953125
10 0.08125 0.55546875 0.03515625 0.065625
14 0.16015625 0.65 0.2015625 0.521875
10 0.109375 0.58359375 0.03671875 0.08046875
14 0.04609375 0.68203125 0.0921875 0.5859375
14 0.56953125 0.43515625 0.0671875 0.0921875
14 0.53359375 0.659375 0.1171875 0.540625
15 0.4984375 0.89375 0.0328125 0.08046875
15 0.5375 0.865625 0.03359375 0.05390625