10 0.08671875 0.02421875 0.0359375 0.0484375
14 0.16640625 0.26953125 0.1671875 0.5390625
15 0.13203125 0.48359375 0.0328125 0.09140625
15 0.1578125 0.48828125 0.02578125 0.08359375
14 0.6 0.271875 0.121875 0.534375
13 0.590625 0.07578125 0.103125 0.1328125
13 0.840625 0.153125 0.084375 0.053125
8 0.834375 0.20078125 0.05625 0.0609375
16 0.59453125 0.365625 0.1109375 0.346875
16 0.85078125 0.3515625 0.1765625 0.234375
11 0.9671875 0.47578125 0.046875 0.0640625
11 0.99453125 0.44609375 0.0109375 0.0390625
11 0.771875 0.51328125 0.040625 0.0515625
14 0.853125 0.33515625 0.2625 0.4078125
13 0.6546875 0.1609375 0.090625 0.096875
11 0.696875 0.3453125 0.071875 0.05625
7 0.41796875 0.55 0.0515625 0.021875
11 0.35625 0.6890625 0.04296875 0.05546875
14 0.37265625 0.76953125 0.2828125 0.4609375
15 0.2359375 0.91796875 0.05625 0.096875
15 0.34296875 0.9875 0.0765625 0.025
7 0.9390625 0.884375 0.025 0.10390625
14 0.91796875 0.8703125 0.1640625 0.259375
13 0.9609375 0.79921875 0.0765625 0.07109375