7 0.165625 0.21484375 0.03828125 0.06640625
7 0.5 0.31796875 0.0375 0.0984375
14 0.13046875 0.32421875 0.1484375 0.4515625
10 0.39140625 0.50859375 0.0390625 0.0828125
10 0.14140625 0.5203125 0.0328125 0.059375
14 0.45859375 0.37421875 0.2015625 0.3515625
13 0.52578125 0.2375 0.0671875 0.053125
13 0.1421875 0.14140625 0.06015625 0.04296875
14 0.96796875 0.08046875 0.0578125 0.1609375
14 0.75390625 0.28046875 0.2265625 0.5390625
10 0.678125 0.39375 0.0421875 0.1
13 0.6953125 0.05 0.06875 0.0765625
11 0.9734375 0.06171875 0.01015625 0.02109375
11 0.96484375 0.00625 0.0109375 0.0125
0 0.32109375 0.775 0.2546875 0.45
0 0.4421875 0.7390625 0.234375 0.378125