0 0.6296875 0 0.47913425781249996 0 0.5056597875 0.22221752499999997 0.55252700625 0.5532754890625 0.6296875 0.5680672828125 0.6296875 0
0 0.3400454515625 0.5890625 0.4853506125 0.5157971921875 0.5087842218749999 0.2659420453125 0.472852759375 0.103536234375 0.3338133203125 0.103536234375 0.2824218390625 0.1550781265625 0.22601869375 0.333090603125 0.0854170390625 0.50330450625 0.16443735312500002 0.5890625 0.3400454515625 0.5890625
16 0.7359375 0.3421875 0.2125 0.3375
10 0.8078125 0.55625 0.075 0.065625
7 0.78125 0.12421875 0.10859375 0.0875
12 0.73359375 0.0453125 0.2078125 0.090625
14 0.7625 0.29453125 0.265625 0.5890625
9 0.35859375 0.86484375 0.34609375 0.165625
8 0.36328125 0.8890625 0.3171875 0.221875
13 0.35546875 0.64296875 0.3484375 0.1078125
5 0.81484375 0.79453125 0.3703125 0.4109375