0 0.31953125 0.284375 0.6390625 0.56875
7 0.98984375 0.221875 0.0203125 0.065625
14 0.975 0.35 0.05 0.4375
10 0.984375 0.49453125 0.03125 0.0734375
14 0.34453125 0.70625 0.0828125 0.275
14 0.5203125 0.784375 0.090625 0.43125
7 0.52109375 0.59296875 0.0421875 0.0484375
7 0.34296875 0.61328125 0.040625 0.06640625
13 0.34296875 0.57578125 0.0390625 0.0140625
11 0.31875 0.815625 0.0171875 0.040625
11 0.5515625 0.7859375 0.01796875 0.0390625
15 0.35546875 0.97734375 0.0484375 0.0453125
15 0.50703125 0.990625 0.0515625 0.01875