14 0.13125 0.25234375 0.1375 0.3734375
16 0.1390625 0.19609375 0.0828125 0.13125
16 0.309375 0.18203125 0.0796875 0.14375
12 0.14609375 0.09453125 0.0625 0.05
12 0.29765625 0.07265625 0.0625 0.0390625
15 0.09296875 0.42578125 0.0671875 0.0265625
15 0.29296875 0.4296875 0.0703125 0.01875
14 0.30625 0.2484375 0.10625 0.38125
15 0.1328125 0.42421875 0.06875 0.0296875
15 0.33046875 0.42109375 0.0359375 0.0359375
14 0.67265625 0.14140625 0.1828125 0.2828125
14 0.4859375 0.165625 0.09375 0.33125
10 0.44921875 0.06796875 0.0203125 0.0703125
15 0.4703125 0.271875 0.0609375 0.05703125
14 0.253125 0.71953125 0.371875 0.5609375
8 0.240625 0.48984375 0.096875 0.1015625
11 0.378125 0.5140625 0.10078125 0.0578125
5 0.68203125 0.68828125 0.4859375 0.3046875