11 0.55234375 0.22265625 0.0390625 0.034375
10 0.3234375 0.24296875 0.05625 0.075
11 0.17265625 0.1484375 0.028125 0.03125
14 0.43125 0.184375 0.175 0.36875
14 0.2640625 0.1609375 0.128125 0.321875
7 0.99609375 0.128125 0.0078125 0.053125
14 0.98125 0.1828125 0.0375 0.203125
14 0.9421875 0.1890625 0.05078125 0.225
13 0.9484375 0.08515625 0.021875 0.01953125
13 0.99453125 0.08671875 0.0109375 0.0203125
11 0.9328125 0.1640625 0.015625 0.0265625
11 0.9484375 0.1234375 0.01015625 0.0234375
8 0.946875 0.1109375 0.01484375 0.01796875
0 0.35390625 0.6203125 0.2546875 0.403125
0 0.52734375 0.60546875 0.3421875 0.3734375