12 0.12109375 0.2375 0.1453125 0.125
13 0.26640625 0.28203125 0.1046875 0.0359375
14 0.175 0.23828125 0.290625 0.1234375
7 0.6171875 0.02890625 0.01796875 0.05390625
14 0.6234375 0.0921875 0.090625 0.184375
14 0.55703125 0.10078125 0.0515625 0.2015625
11 0.5484375 0.0640625 0.015625 0.0265625
11 0.5640625 0.0234375 0.01015625 0.0234375
8 0.5625 0.0109375 0.01484375 0.01796875
14 0.2046875 0.4921875 0.065625 0.29609375
7 0.2796875 0.5609375 0.0296875 0.0890625
14 0.284375 0.72734375 0.109375 0.5453125
10 0.2265625 0.76328125 0.05390625 0.05390625
14 0.0390625 0.73984375 0.078125 0.5203125
13 0.303125 0.48515625 0.06015625 0.05859375
13 0.1953125 0.3671875 0.0203125 0.01953125
11 0.196875 0.4015625 0.01015625 0.021875
8 0.1953125 0.39453125 0.015625 0.028125
15 0.2109375 0.61953125 0.02265625 0.0375
15 0.196875 0.6125 0.02109375 0.0390625
7 0.6546875 0.43671875 0.01796875 0.05390625
14 0.66171875 0.490625 0.090625 0.203125
14 0.5953125 0.496875 0.05078125 0.225
13 0.6015625 0.39296875 0.021875 0.01953125
13 0.65625 0.3953125 0.02734375 0.02109375
11 0.5859375 0.471875 0.015625 0.0265625
11 0.6015625 0.43125 0.01015625 0.0234375
8 0.6 0.41875 0.01484375 0.01796875