12 0.584375 0.3140625 0.08125 0.0453125
12 0.18515625 0.36640625 0.08125 0.065625
11 0.16796875 0.58359375 0.0234375 0.0421875
11 0.40390625 0.3234375 0.0546875 0.04375
11 0.18671875 0.5859375 0.0359375 0.0296875
12 0.67890625 0.37109375 0.03125 0.0328125
12 0.9359375 0.36484375 0.0375 0.03125
15 0.21328125 0.78671875 0.0484375 0.0390625
15 0.2953125 0.784375 0.0796875 0.028125
15 0.41796875 0.80703125 0.05625 0.0453125
15 0.48828125 0.8015625 0.0484375 0.0390625
15 0.9296875 0.58203125 0.0265625 0.0265625
15 0.9765625 0.58125 0.0265625 0.0203125
15 0.678125 0.59296875 0.0359375 0.021875
15 0.71796875 0.59765625 0.0359375 0.0234375
8 0.55625 0.34765625 0.04375 0.0484375
14 0.58984375 0.575 0.1625 0.5875
14 0.43671875 0.57578125 0.178125 0.54375
14 0.23671875 0.57421875 0.2265625 0.4890625
14 0.94765625 0.47578125 0.0859375 0.246875
14 0.70078125 0.484375 0.0859375 0.2703125