0 0.22890625 0.18984375 0.4578125 0.3796875
7 0.36015625 0.39375 0.0203125 0.028125
14 0.1171875 0.46796875 0.08125 0.1765625
14 0.34140625 0.484375 0.0984375 0.209375
14 0.05546875 0.771875 0.1078125 0.45625
13 0.06953125 0.5765625 0.084375 0.0734375
11 0.3625 0.4546875 0.0171875 0.0234375
11 0.33828125 0.42734375 0.015625 0.028125
15 0.3109375 0.565625 0.02578125 0.046875
15 0.128125 0.540625 0.02890625 0.04140625
15 0.340625 0.54765625 0.02265625 0.05546875
9 0.7203125 0.4265625 0.1625 0.0625
1 0.77890625 0.43984375 0.2796875 0.1046875
14 0.81953125 0.68984375 0.3609375 0.6203125