12 0.33671875 0.0625 0.0921875 0.06875
12 0.5078125 0.05859375 0.084375 0.0703125
11 0.57265625 0.37734375 0.0484375 0.0546875
11 0.4234375 0.37265625 0.03125 0.0421875
11 0.39609375 0.38359375 0.0359375 0.0421875
11 0.2453125 0.396875 0.053125 0.05
15 0.3375 0.61015625 0.078125 0.0171875
15 0.48046875 0.60078125 0.0859375 0.0359375
15 0.5671875 0.60390625 0.059375 0.0296875
15 0.5984375 0.60078125 0.040625 0.0359375
14 0.31328125 0.32265625 0.1890625 0.5921875
14 0.49765625 0.31953125 0.2078125 0.5984375
14 0.596875 0.31640625 0.04375 0.6046875
0 0.809375 0.309375 0.38125 0.61875
2 0.29697265625 1 0.303125 0.97265625 0.2984375 0.95078125 0.28671875 0.9453125 0.2703125 0.98359375 0.24375 0.99609375 0.243290440625 1 0.29697265625 1
2 0.21795312500000003 1 0.196875 0.94453125 0.1953125 0.87421875 0.190625 0.87265625 0.190625 0.90703125 0.18359375 0.915625 0.178125 0.91484375 0.1703125 0.89609375 0.196875 0.77890625 0.1953125 0.76796875 0.18359375 0.7625 0.178125 0.81796875 0.15625 0.88984375 0.1578125 0.90703125 0.1671875 0.93203125 0.1875 0.94296875 0.196875 0.99921875 0.197222221875 1 0.21795312500000003 1
2 0.2313921875 0.7066046874999999 0.2188921875 0.6941046875 0.2157671875 0.6472296875 0.2056109375 0.6417609375 0.20639218750000002 0.7175421875 0.2017046875 0.7331671875 0.2110796875 0.7409796875 0.2110796875 0.7519171874999999 0.20482968750000002 0.7644171875 0.28494375 0.73650625 0.272159375 0.6455968750000001 0.26647656249999996 0.6541187500000001 0.2707390625 0.73224375 0.2238640625 0.7507109375 0.2313921875 0.7316046875 0.2313921875 0.7066046874999999
14 0.76328125 0.71328125 0.1734375 0.1890625
14 0.696875 0.809375 0.15625 0.38125
10 0.75390625 0.78125 0.0328125 0.09453125