0 0.214213678125 0 0.33899626718750003 0.459375 0.4983941140625 0.459375 0.5165972875 0.030172959375000002 0.5059105078125 0 0.214213678125 0
0 0.68359375 0.2296875 0.3296875 0.459375
7 0.46484375 0.73828125 0.034375 0.06953125
14 0.43046875 0.828125 0.1203125 0.34375
13 0.4625 0.678125 0.04140625 0.04296875
11 0.47734375 0.98515625 0.0328125 0.0296875
11 0.453125 0.953125 0.01640625 0.040625
11 0.384375 0.93828125 0.0171875 0.046875
14 0.73203125 0.63828125 0.0859375 0.3578125
14 0.80078125 0.73125 0.1453125 0.5375
13 0.8296875 0.4859375 0.05859375 0.046875
11 0.703125 0.753125 0.03203125 0.05546875
11 0.721875 0.62265625 0.0234375 0.0515625
11 0.7046875 0.58359375 0.01953125 0.05
15 0.74453125 0.9609375 0.0328125 0.078125
15 0.78125 0.96484375 0.025 0.0703125