0 0.31513171406249996 0 0.3212974734375 0.07395824375 0.353449403125 0.3 0.5392269703125 0.3 0.540011159375 0.2972662703125 0.6067481734375 0 0.31513171406249996 0
14 0.76953125 0.1125 0.3203125 0.225
15 0.75625 0.1359375 0.065625 0.0890625
15 0.89609375 0.11875 0.0421875 0.1359375
14 0.30078125 0.53828125 0.4078125 0.4765625
16 0.290625 0.3984375 0.259375 0.196875
6 0.409375 0.70546875 0.09375 0.1296875
6 0.26484375 0.696875 0.1 0.121875
7 0.6234375 0.4875 0.028125 0.046875
14 0.6421875 0.6421875 0.065625 0.51875
14 0.640625 0.7 0.0625 0.6
13 0.62265625 0.428125 0.0265625 0.053125
11 0.6640625 0.66328125 0.02578125 0.034375
11 0.61484375 0.8046875 0.0109375 0.04375
15 0.61875 0.8515625 0.01875 0.078125