2 0.3640625 0.46953125 0.334375 0.0609375
14 0.9734375 0.2984375 0.053125 0.203125
14 0.91953125 0.42265625 0.1609375 0.1546875
13 0.9 0.3859375 0.08828125 0.06640625
13 0.9875 0.2 0.02421875 0.021875
8 0.98515625 0.23671875 0.01875 0.03203125
9 0.9859375 0.22734375 0.02109375 0.021875
15 0.96796875 0.40546875 0.02578125 0.040625
15 0.99140625 0.40390625 0.0171875 0.0421875
14 0.58515625 0.65859375 0.0484375 0.3171875
10 0.5796875 0.7609375 0.059375 0.053125
15 0.03046875 0.51875 0.0234375 0.0375
0 0.84453125 0.65 0.3109375 0.28125