2 0.03828125 0.25859375 0.0765625 0.3671875
14 0.61640625 0.109375 0.0859375 0.21875
7 0.853125 0.19765625 0.0609375 0.08203125
14 0.83828125 0.3125 0.1734375 0.5125
10 0.90078125 0.5484375 0.0421875 0.040625
13 0.8421875 0.11328125 0.07734375 0.084375
15 0.5578125 0.234375 0.0375 0.075
14 0.03046875 0.68125 0.0609375 0.225
7 0.2984375 0.809375 0.06484375 0.09609375
10 0.31015625 0.9671875 0.0515625 0.065625
14 0.246875 0.84765625 0.184375 0.3046875
13 0.32265625 0.7453125 0.034375 0.084375
11 0.0171875 0.60390625 0.02734375 0.0484375
5 0.76953125 0.74921875 0.4609375 0.3609375