2 0.26171875 0.1796875 0.0984375 0.359375
14 0.79609375 0.18046875 0.0796875 0.125
7 0.628125 0.1953125 0.03671875 0.0609375
14 0.63046875 0.221875 0.1828125 0.275
13 0.65 0.115625 0.06015625 0.05390625
13 0.7984375 0.10625 0.0265625 0.021875
11 0.7890625 0.1921875 0.02109375 0.03203125
11 0.778125 0.18984375 0.02578125 0.0390625
7 0.1359375 0.41875 0.02265625 0.0390625
14 0.1265625 0.49140625 0.06015625 0.2234375
14 0.2203125 0.53359375 0.08203125 0.30859375
13 0.13828125 0.3875 0.021875 0.02109375
13 0.2296875 0.39140625 0.02890625 0.0234375
11 0.1296875 0.44453125 0.01484375 0.02109375
11 0.240625 0.44453125 0.02265625 0.0234375
5 0.7515625 0.6890625 0.33125 0.621875