12 0.0810546875 0.2273155125 0.1376953125 0.2351468375 0.21484375 0.28115587343750004 0.205078125 0.2615775609375 0.201171875 0.2028426203125 0.1728515625 0.17445406562500002 0.1240234375 0.170538403125 0.0703125 0.2165474390625 0.0810546875 0.2273155125
12 0.365234375 0.2106739453125 0.369140625 0.1852221390625 0.3623046875 0.176411896875 0.3330078125 0.17445406562500002 0.296875 0.2087161140625 0.294921875 0.25961972968749997 0.310546875 0.2635353921875 0.3642578125 0.2508094875 0.40625 0.22242093437500002 0.388671875 0.220463103125 0.3837890625 0.1979480421875 0.3837890625 0.20969502968749998 0.365234375 0.2106739453125
3 0.5 0.1054513546875 0.484830465625 0.0864524921875 0.46138707500000004 0.10230294375 0.4919157 0.1657242203125 0.5 0.1573126 0.5 0.1054513546875
3 0.0668059453125 0.276941309375 0.0927849234375 0.2840402546875 0.1057743671875 0.2390801703125 0.0775437953125 0.23105230468750002 0.0668059453125 0.276941309375
4 0.13126253593749998 0.2786145296875 0.1825582640625 0.30606446875 0.19194296093750002 0.2780022078125 0.144086490625 0.25174864218750004 0.13126253593749998 0.2786145296875
4 0.3148778609375 0.286207059375 0.38599239218750003 0.2681017921875 0.380163334375 0.24649226093749999 0.31079753593750004 0.2663496703125 0.3148778609375 0.286207059375
8 0.38832398125 0.271021996875 0.3189582265625 0.2885432328125 0.3352795625 0.33001015 0.35568130937500003 0.334682496875 0.380163334375 0.32358570468750003 0.3929872453125 0.2932155578125 0.38832398125 0.271021996875
8 0.1714830453125 0.31657720624999997 0.171537871875 0.302839521875 0.11027793749999999 0.27919858125 0.09512239375 0.3124889140625 0.1061976125 0.3481154390625 0.13709159375 0.3668047625 0.1714830453125 0.31657720624999997
14 0.59453125 0.128125 0.1140625 0.25625
14 0.95078125 0.19453125 0.0984375 0.3890625
10 0.93125 0.2015625 0.03359375 0.0984375
15 0.5828125 0.20859375 0.04140625 0.08046875
0 0 0.4390625 0 1 0.2660866625 1 0.2384509703125 0.8378577843749999 0.22439078124999998 0.5692634890624999 0.2042605203125 0.4390625 0 0.4390625
7 0.86015625 0.5140625 0.01875 0.04453125
7 0.5109375 0.5140625 0.021875 0.040625
7 0.71953125 0.5765625 0.0390625 0.0734375
14 0.86328125 0.596875 0.078125 0.29140625
14 0.52421875 0.61875 0.0484375 0.3
14 0.73515625 0.74375 0.1203125 0.5125
10 0.71796875 0.92265625 0.0390625 0.1125
13 0.509375 0.48046875 0.01875 0.0234375
13 0.7390625 0.5015625 0.06015625 0.04140625
13 0.86875 0.47578125 0.02421875 0.02890625
11 0.87578125 0.51640625 0.0171875 0.028125
11 0.51640625 0.61875 0.0109375 0.02890625
11 0.5109375 0.615625 0.01015625 0.0265625