0 0.134375 0.31953125 0.26875 0.6390625
2 0.78125 0.47734375 0.76484375 0.45625 0.74921875 0.4765625 0.721875 0.48671875 0.71953125 0.50625 0.7078125 0.50390625 0.6875 0.44453125 0.6796875 0.38515625 0.67578125 0.378125 0.66953125 0.3828125 0.6640625 0.37578125 0.6546875 0.34296875 0.6546875 0.27734375 0.646875 0.22890625 0.63359375 0.2234375 0.6296875 0.23671875 0.64375 0.30546875 0.6421875 0.34609375 0.6484375 0.38046875 0.6671875 0.40546875 0.6671875 0.42890625 0.69375 0.52109375 0.709375 0.53046875 0.72421875 0.5078125 0.73671875 0.5078125 0.75703125 0.496875 0.759375 0.52421875 0.76796875 0.525 0.78125 0.47734375
2 0.7484375 0.13984375 0.7578125 0.23203125 0.74921875 0.246875 0.73828125 0.2484375 0.7015625 0.23046875 0.703125 0.14765625 0.7015625 0.13359375 0.69453125 0.128125 0.684375 0.13984375 0.6765625 0.32734375 0.68359375 0.3375 0.696875 0.26015625 0.70703125 0.2609375 0.75625 0.28671875 0.759375 0.34765625 0.765625 0.35703125 0.771875 0.34921875 0.7734375 0.30078125 0.7734375 0.18046875 0.765625 0.14921875 0.76015625 0.1390625 0.7484375 0.13984375
14 0.07890625 0.81953125 0.1578125 0.3609375
10 0.08984375 0.85625 0.059375 0.090625
15 0.14296875 0.98359375 0.0546875 0.0328125
14 0.69296875 0.69453125 0.0859375 0.1109375
14 0.57421875 0.81953125 0.1390625 0.3609375
10 0.575 0.928125 0.04921875 0.09453125
15 0.409375 0.64765625 0.03125 0.0171875
15 0.37734375 0.68046875 0.03046875 0.0390625