0 0.046875 0.33671875 0.09375 0.6265625
0 0.18359375 0.31796875 0.3609375 0.6109375
0 0.296875 0.30703125 0.165625 0.6140625
0 0.58359375 0.325 0.4078125 0.65
2 0.3796875 1 0.3796875 0.7904372578125 0.35078125 0.78125 0.20859375 0.7703125 0.20625 0.78046875 0.2375 0.80703125 0.26875 0.86015625 0.271875 0.88671875 0.2625 0.91640625 0.22890625 0.95 0.159375 0.99140625 0.15569196406250002 1 0.3796875 1
11 0.38515625 0.7625 0.0109375 0.034375
14 0.4046875 0.8046875 0.05 0.309375
10 0.96875 0.934375 0.03125 0.1015625
14 0.95390625 0.9203125 0.0921875 0.159375
15 0.384375 0.915625 0.009375 0.059375
15 0.41328125 0.88671875 0.03125 0.04609375