0 0.11640625 0.33203125 0.2328125 0.5546875
0 0.25234375 0.32109375 0.3515625 0.5765625
0 0.35546875 0.3046875 0.2265625 0.609375
2 0.771875 0.30859375 0.75078125 0.3046875 0.7640625 0.30078125 0.753125 0.29609375 0.77265625 0.2890625 0.77578125 0.3 0.79140625 0.2671875 0.8125 0.28515625 0.821875 0.30234375 0.815625 0.33515625 0.8078125 0.35078125 0.796875 0.35546875 0.8203125 0.37734375 0.821875 0.39453125 0.8359375 0.40234375 0.8265625 0.40546875 0.83515625 0.4078125 0.8484375 0.42578125 0.83203125 0.43125 0.81953125 0.428125 0.8171875 0.43359375 0.85078125 0.4359375 0.85546875 0.45 0.88203125 0.4546875 0.90234375 0.446875 0.91640625 0.446875 0.92109375 0.4546875 0.928125 0.44453125 0.9015625 0.41953125 0.890625 0.36953125 0.865625 0.31640625 0.8296875 0.29453125 0.8203125 0.26953125 0.80546875 0.253125 0.79140625 0.2515625 0.73046875 0.2203125 0.67578125 0.209375 0.62890625 0.2125 0.54296875 0.2359375 0.5234375 0.25234375 0.51953125 0.28125 0.53046875 0.2796875 0.56484375 0.2546875 0.61328125 0.2421875 0.62734375 0.228125 0.64453125 0.2296875 0.65 0.24140625 0.6625 0.24765625 0.6640625 0.26640625 0.6796875 0.29140625 0.68125 0.33515625 0.675 0.36171875 0.6578125 0.38203125 0.65 0.43203125 0.6609375 0.44453125 0.6578125 0.45703125 0.6703125 0.45703125 0.6859375 0.43671875 0.696875 0.40078125 0.709375 0.39765625 0.69375 0.37421875 0.746875 0.33984375 0.771875 0.30859375
7 0.46015625 0.8484375 0.0171875 0.06875
14 0.4421875 0.8921875 0.053125 0.215625
13 0.4640625 0.80078125 0.009375 0.0359375
14 0.5171875 0.8 0.096875 0.38125
10 0.48046875 0.77421875 0.0234375 0.0515625
10 0.54375 0.77734375 0.01953125 0.05703125
7 0.50078125 0.621875 0.0359375 0.025
15 0.50390625 0.9546875 0.02578125 0.05859375
15 0.5328125 0.959375 0.0234375 0.05859375