12 0.2923828125 0.208203125 0.2328125 0.3126953125 0.240625 0.3361328125 0.2533203125 0.341015625 0.2728515625 0.294140625 0.3919921875 0.286328125 0.4623046875 0.313671875 0.46328125 0.3361328125 0.47890625 0.3615234375 0.492578125 0.3419921875 0.469140625 0.2423828125 0.4369140625 0.20234375 0.3919921875 0.1828125 0.3294921875 0.188671875 0.2923828125 0.208203125
9 0.3841796875 0.313671875 0.2669921875 0.321484375 0.254296875 0.3439453125 0.2669921875 0.360546875 0.2796875 0.3595703125 0.3080078125 0.33125 0.3177734375 0.344921875 0.3490234375 0.356640625 0.3587890625 0.34296875 0.418359375 0.3283203125 0.3841796875 0.313671875
8 0.38943403593750003 0.4390625 0.40178634375 0.42377913749999996 0.4124849515625 0.3863340125 0.3349200484375 0.3649367953125 0.287311246875 0.3681463796875 0.26591403125 0.38419428906249997 0.26591403125 0.41896476250000003 0.27300735 0.4390625 0.38943403593750003 0.4390625
3 0.4598265890625 0.3407219328125 0.452261746875 0.3438368671875 0.4429169453125 0.3607465125 0.432682159375 0.391005878125 0.4331271484375 0.40747053125 0.447811840625 0.40480058906250005 0.47228632656249997 0.37899112968750004 0.4727313171875 0.3545166421875 0.4598265890625 0.3407219328125
14 0.88359375 0.21953125 0.2328125 0.4390625
14 0.63359375 0.21953125 0.1890625 0.4390625
7 0.946875 0.040625 0.10625 0.08125
13 0.19609375 0.590625 0.3625 0.1171875
8 0.22109375 0.78828125 0.32578125 0.27265625
14 0.26953125 0.734375 0.5390625 0.53125
3 0.04453125 0.77265625 0.0890625 0.1171875
3 0.396875 0.74765625 0.07890625 0.1265625
4 0.2109375 0.703125 0.36328125 0.121875
14 0.6921875 0.71953125 0.30625 0.5609375
11 0.77734375 0.7484375 0.10546875 0.07578125