0 0.2125 0.3296875 0.425 0.659375
14 0.71796875 0.0953125 0.0734375 0.190625
14 0.9375 0.1125 0.07109375 0.21640625
10 0.7140625 0.33125 0.05390625 0.1515625
14 0.63671875 0.4 0.2328125 0.51875
13 0.609375 0.1890625 0.0796875 0.084375
13 0.93515625 0.0125 0.025 0.025
11 0.934375 0.10625 0.01484375 0.01796875
11 0.9171875 0.10078125 0.01640625 0.0234375
8 0.71484375 0.0109375 0.0171875 0.021875
15 0.7 0.190625 0.021875 0.04609375
15 0.728125 0.1921875 0.01953125 0.04609375
15 0.9140625 0.1953125 0.021875 0.04296875
7 0.975 0.70703125 0.05 0.0953125
14 0.93046875 0.8296875 0.1390625 0.340625
10 0.89296875 0.8859375 0.078125 0.11953125
10 0.9015625 0.96015625 0.075 0.0796875