0 0.5890625 0 0.3717922125 0 0.34162610312499997 0.0582970296875 0.352561740625 0.2847282578125 0.238518128125 0.4440109859375 0.2975870421875 0.5796875 0.45622875937499996 0.5796875 0.5890625 0.4077659171875 0.5890625 0
15 0.9609375 0.27421875 0.05 0.0421875
15 0.8875 0.2875 0.040625 0.046875
15 0.79296875 0.33515625 0.0453125 0.0609375
15 0.83671875 0.30390625 0.0578125 0.0421875
11 0.79453125 0.10234375 0.0421875 0.0546875
14 0.79921875 0.18046875 0.1265625 0.3609375
14 0.9171875 0.15234375 0.146875 0.3046875
10 0.275 0.8015625 0.03828125 0.1015625
14 0.1640625 0.78984375 0.246875 0.4203125
13 0.11796875 0.58828125 0.0890625 0.0171875
2 1 0.799629934375 0.99921875 0.8 0.96953125 0.7984375 0.959375 0.79296875 0.9578125 0.78515625 0.9671875 0.69453125 0.9671875 0.67109375 0.96015625 0.66875 0.953125 0.67421875 0.95 0.69609375 0.9375 0.83828125 0.94140625 0.8453125 0.95 0.84453125 0.95390625 0.8171875 1 0.8253216906249999 1 0.799629934375