4 0.19049720625 0.303107534375 0.40205966406250004 0.33793707031250003 0.41782315312499996 0.27325366562500003 0.2128979765625 0.242570503125 0.19049720625 0.303107534375
8 0.393886159375 0.3890625 0.40123001875000003 0.3420834421875 0.196304840625 0.3163759453125 0.1901594609375 0.3890625 0.393886159375 0.3890625
3 0.1224653828125 0.293985528125 0.1291026609375 0.3412541796875 0.15399236249999998 0.37359586718750004 0.17473378125 0.3744251609375 0.16145922343750002 0.29232697343749997 0.1224653828125 0.293985528125
14 0.95703125 0.19453125 0.0859375 0.3890625
14 0.72734375 0.19453125 0.2359375 0.3890625
1 0.71328125 0.1109375 0.07578125 0.10390625
16 0.40625 0.68984375 0.11953125 0.2796875
14 0.06640625 0.73125 0.06875 0.25625
14 0.21171875 0.7296875 0.05859375 0.2375
12 0.059375 0.6234375 0.03125 0.03515625
14 0.153125 0.728125 0.05625 0.24296875
16 0.05703125 0.71953125 0.05078125 0.1234375
12 0.209375 0.63671875 0.0296875 0.0328125
12 0.14765625 0.62890625 0.02890625 0.0359375
14 0.43671875 0.7390625 0.2328125 0.521875
12 0.42734375 0.5140625 0.05234375 0.078125
16 0.190625 0.72109375 0.07578125 0.1109375
14 0.18046875 0.79140625 0.08359375 0.22578125
12 0.15234375 0.71171875 0.02734375 0.0453125
5 0.83125 0.8640625 0.178125 0.271875