5 0.1015625 0.14140625 0.15625 0.0953125
14 0.63359375 0.09453125 0.1015625 0.1890625
14 0.33125 0.27109375 0.015625 0.1640625
14 0.27109375 0.3265625 0.0796875 0.275
14 0.09140625 0.64453125 0.1828125 0.7109375
13 0.053125 0.328125 0.09296875 0.0625
11 0.2625 0.31171875 0.0203125 0.03046875
11 0.2890625 0.3109375 0.02109375 0.0234375
7 0.4390625 0.309375 0.04765625 0.06953125
7 0.64609375 0.371875 0.04375 0.075
14 0.44453125 0.5890625 0.1390625 0.8
14 0.67265625 0.6125 0.0953125 0.775
13 0.4234375 0.240625 0.06484375 0.05
13 0.66875 0.3 0.06796875 0.0609375
11 0.65 0.73046875 0.02578125 0.06953125
11 0.43828125 0.6609375 0.0328125 0.046875
11 0.49375 0.5578125 0.0203125 0.0484375
15 0.46875 0.865625 0.06484375 0.0734375
15 0.490625 0.82578125 0.0640625 0.08359375
15 0.6640625 0.92421875 0.06796875 0.05859375
15 0.66875 0.88203125 0.07265625 0.05703125