0 0.2 0.1546875 0.2375 0.309375
5 0.62109375 0.19453125 0.6046875 0.2296875
0 0.0234375 0.7734375 0.046875 0.115625
0 0.03515625 0.9625 0.0703125 0.046875
7 0.46875 0.4484375 0.02265625 0.0390625
7 0.696875 0.46484375 0.02109375 0.04140625
14 0.46875 0.509375 0.10390625 0.26640625
14 0.6828125 0.53671875 0.1 0.23203125
13 0.4703125 0.41015625 0.02421875 0.0234375
13 0.6984375 0.4328125 0.02421875 0.01953125
11 0.68828125 0.5390625 0.0203125 0.021875
15 0.49140625 0.62265625 0.03359375 0.05
15 0.63515625 0.6109375 0.03125 0.0359375
15 0.46171875 0.621875 0.03125 0.046875