0 0.1345497125 0 0.0197705578125 0.228666578125 0 0.376884103125 0 0.659375 0.33878137812500003 0.659375 0.344716534375 0.587833471875 0.43688875312500003 0.25052892656250003 0.43688875312500003 0.036590415625 0.36190115624999997 0.0084817234375 0.26292224375 0 0.1345497125 0
0 0.5296875 0.659375 0.5296875 0.223484790625 0.43532653750000005 0.314554284375 0.29316266562500004 0.5331775390625 0.30764083750000004 0.659375 0.5296875 0.659375
10 0.78359375 0.33203125 0.0296875 0.0609375
14 0.83203125 0.4 0.11875 0.45859375
13 0.8515625 0.19609375 0.0484375 0.04140625
9 0.04609375 0.909375 0.0921875 0.059375
12 0.2609375 0.8328125 0.28125 0.24375
13 0.06484375 0.7921875 0.1296875 0.15625
8 0.046875 0.9359375 0.09375 0.128125
8 0.21484375 0.975 0.0984375 0.05
14 0.071875 0.8578125 0.14375 0.284375
14 0.3015625 0.84921875 0.45625 0.3015625
3 0.29453125 0.965625 0.0453125 0.06875