0 0.18984375 0.2296875 0.3796875 0.459375
0 0.21953125 0.2296875 0.3203125 0.459375
7 0.7109375 0.265625 0.03203125 0.08203125
14 0.67734375 0.334375 0.0984375 0.25
14 0.7109375 0.36953125 0.15 0.1796875
13 0.50078125 0.31171875 0.0453125 0.08046875
13 0.709375 0.221875 0.0390625 0.03046875
13 0.753125 0.325 0.06171875 0.059375
7 0.28359375 0.48203125 0.0484375 0.0453125
14 0.3046875 0.72578125 0.15 0.5328125
10 0.26953125 0.7140625 0.028125 0.096875
10 0.37109375 0.73203125 0.0171875 0.0921875
15 0.31328125 0.96796875 0.0296875 0.0640625
15 0.36015625 0.9515625 0.0375 0.0734375
14 0.58203125 0.49921875 0.1140625 0.0796875
10 0.55625 0.5125 0.0328125 0.05546875
10 0.609375 0.51328125 0.02890625 0.059375
15 0.5796875 0.6984375 0.0390625 0.0640625
15 0.6171875 0.6953125 0.0265625 0.05546875