5 0.07109375 0.3765625 0.1421875 0.203125
8 0.48203125 0.06484375 0.1609375 0.1296875
14 0.49453125 0.29453125 0.3296875 0.5890625
4 0.515625 0.028125 0.121875 0.05625
14 0.06796875 0.79453125 0.1359375 0.4109375
8 0.60703125 0.80390625 0.0984375 0.146875
14 0.46171875 0.79453125 0.2640625 0.4109375
13 0.53046875 0.60625 0.1484375 0.034375
14 0.68671875 0.81328125 0.3265625 0.3734375
8 0.53125 0.684375 0.121875 0.190625
13 0.6046875 0.6890625 0.12734375 0.071875
3 0.50234375 0.64921875 0.03515625 0.07734375