9 0.71640625 0.1921875 0.4140625 0.1875
11 0.821875 0.47890625 0.35625 0.4421875
8 0.61953125 0.24765625 0.2203125 0.2953125
13 0.7265625 0.04453125 0.4 0.0890625
3 0.865625 0.28984375 0.121875 0.13359375
14 0.121875 0.8703125 0.07265625 0.21796875
14 0.33984375 0.8953125 0.0703125 0.209375
13 0.02578125 0.9671875 0.0515625 0.065625
13 0.11875 0.765625 0.02265625 0.02109375
13 0.33828125 0.8 0.025 0.025
11 0.3375 0.89375 0.01484375 0.01796875
11 0.3203125 0.88828125 0.01640625 0.0234375
8 0.11875 0.7921875 0.01796875 0.034375
15 0.13359375 0.9765625 0.0265625 0.046875
15 0.10078125 0.97890625 0.0265625 0.0421875
15 0.31640625 0.98359375 0.0234375 0.0328125