8 0.4 0.0431509953125 0.34359822812499996 0.0441979875 0.30605065625 0.056116703125 0.3010443125 0.079954134375 0.3054248625 0.11884678281250001 0.329830784375 0.1326474 0.35298512031249996 0.16965815 0.3742620765625 0.20290509218750002 0.4 0.2130007203125 0.4 0.0431509953125
11 0 0.307018071875 0.002734375 0.3085843375 0.028125 0.2850903609375 0.0203125 0.24201807187500002 0.03984375 0.232228915625 0.0515625 0.2028614453125 0.0173828125 0.160768071875 0 0.160768071875 0 0.307018071875
4 0.34296875 0.02734375 0.1140625 0.0546875
5 0.7484375 0.1546875 0.503125 0.309375
14 0.115625 0.6546875 0.190625 0.690625
16 0.1203125 0.7375 0.171875 0.525
11 0.13203125 0.9703125 0.0703125 0.059375
11 0.02265625 0.97265625 0.0359375 0.0546875
12 0.0953125 0.34765625 0.11875 0.0765625
7 0.0890625 0.421875 0.0890625 0.16640625
2 0.803125 0.60546875 0.80546875 0.621875 0.811221875 0.653125 0.779971875 0.671590625 0.7586640625 0.6375 0.740625 0.64921875 0.7578125 0.68046875 0.7671875 0.71484375 0.7890625 0.72734375 0.7842328125 0.7042609375 0.8225859374999999 0.681534375 0.840625 0.70234375 0.840625 0.67265625 0.81953125 0.603125 0.803125 0.60546875