0 1 0 0.45 0 0.45 0.4285248828125 0.4650954609375 0.4438742578125 0.79472820625 0.44543582812500004 1 0.378503203125 1 0
16 0.2625 0.75703125 0.246875 0.2640625
10 0.128125 0.89609375 0.04453125 0.0640625
10 0.2921875 0.9328125 0.1 0.06875
9 0.19296875 0.5671875 0.08359375 0.0296875
7 0.2109375 0.5890625 0.10546875 0.06875
12 0.25 0.515625 0.2109375 0.0765625
14 0.25625 0.73671875 0.375 0.5265625
9 0.81171875 0.490625 0.3359375 0.04375
8 0.9609375 0.63671875 0.078125 0.2484375
8 0.80390625 0.5453125 0.2984375 0.153125