2 0.16640625 0.3125 0.22265625 0.27734375
7 0.546875 0.12734375 0.0171875 0.034375
14 0.46640625 0.1796875 0.078125 0.153125
14 0.54453125 0.2 0.090625 0.303125
7 0.4265625 0.2359375 0.02890625 0.0484375
14 0.43359375 0.32734375 0.1171875 0.36796875
10 0.4390625 0.4296875 0.04375 0.075
10 0.39921875 0.4375 0.04375 0.071875
13 0.4296875 0.16875 0.0453125 0.0625
13 0.453125 0.10234375 0.02421875 0.0234375
13 0.54375 0.09765625 0.025 0.021875
8 0.453125 0.13515625 0.02109375 0.028125
11 0.5484375 0.19296875 0.0265625 0.01796875
11 0.55390625 0.190625 0.021875 0.0140625
0 0.2421875 0.759375 0.115625 0.48125
2 0.5125 0.759375 0.35625 0.48125