2 0.0640625 0.26640625 0.128125 0.4453125
2 0.32890625 0.36171875 0.0796875 0.2546875
2 0.921875 0.2234375 0.15625 0.446875
2 0.1821875 0.4890625 0.13515625 0.55625 0.07265625 0.584375 0.03359375 0.5859375 0 0.5747395828124999 0 0.751227678125 0.028125 0.79140625 0.0421875 0.80234375 0.040625 0.82734375 0.0265625 0.85859375 0.0125 0.88671875 0 0.8925520828125 0 1 0.36875 1 0.36875 0.8977306546874999 0.36484375 0.8875 0.33046875 0.8734375 0.25546875 0.8625 0.171875 0.78359375 0.184375 0.76171875 0.196875 0.69765625 0.2171875 0.64609375 0.284375 0.51953125 0.306534090625 0.4890625 0.1821875 0.4890625
13 0.4875 0.58828125 0.025 0.053125
13 0.54765625 0.5953125 0.0703125 0.0578125
7 0.65 0.6015625 0.01484375 0.0359375
13 0.82109375 0.60390625 0.0171875 0.04921875
13 0.7234375 0.63515625 0.0328125 0.0578125
7 0.55390625 0.690625 0.07265625 0.1421875
16 0.55 0.875 0.2 0.25
14 0.72890625 0.7640625 0.06015625 0.32421875
14 0.56640625 0.7875 0.2578125 0.425
14 0.82734375 0.74375 0.07734375 0.33359375
14 0.9296875 0.7265625 0.07734375 0.29296875
13 0.91875 0.6 0.025 0.03984375
15 0.72265625 0.90390625 0.0171875 0.03984375
15 0.7421875 0.8859375 0.02734375 0.0359375
15 0.6578125 0.88203125 0.03515625 0.04453125
15 0.8203125 0.86171875 0.025 0.04453125
15 0.8375 0.884375 0.0203125 0.04453125
15 0.91640625 0.8328125 0.02265625 0.04453125