2 0.06875 0.1421875 0.1375 0.284375
16 0.78515625 0.215625 0.1203125 0.2875
16 0.965625 0.13984375 0.06875 0.2734375
12 0.7890625 0.021875 0.06875 0.04375
14 0.58046875 0.1796875 0.1921875 0.359375
14 0.7671875 0.1796875 0.184375 0.359375
14 0.94296875 0.1796875 0.1140625 0.359375
16 0.0515625 0.7859375 0.103125 0.196875
10 0.1453125 0.903125 0.0390625 0.0625
9 0.02265625 0.65 0.0453125 0.028125
7 0.0234375 0.66171875 0.046875 0.0640625
12 0.0296875 0.6109375 0.059375 0.0625
14 0.08828125 0.78828125 0.1765625 0.4234375
16 0.88359375 0.7375 0.2328125 0.325
10 0.76640625 0.96796875 0.1296875 0.0640625
7 0.93515625 0.52265625 0.1296875 0.0890625
9 0.9546875 0.50078125 0.090625 0.0421875
12 0.8734375 0.440625 0.253125 0.103125
14 0.82109375 0.69375 0.3578125 0.6125