2 0.21171875 0.34140625 0.20390625 0.36171875
12 0.8484375 0.10546875 0.17734375 0.20234375
8 0.5546875 0.16484375 0.071875 0.1859375
8 0.8578125 0.23984375 0.15546875 0.1859375
14 0.61015625 0.334375 0.1828125 0.66875
14 0.8359375 0.33828125 0.328125 0.6609375
11 0.90234375 0.52109375 0.13828125 0.18125
16 0.59375 0.4796875 0.15 0.378125
16 0.865625 0.5296875 0.26875 0.278125
12 0.565625 0.0484375 0.09375 0.096875
3 0.9140625 0.2 0.02265625 0.0953125
3 0.79375 0.234375 0.03203125 0.0765625
4 0.55859375 0.11015625 0.0796875 0.0734375
4 0.85078125 0.19921875 0.1625 0.0609375
3 0.72265625 0.89765625 0.1296875 0.2046875