2 0.58828125 0.390625 0.0828125 0.31875
14 0.728125 0.19453125 0.196875 0.3890625
16 0.70703125 0.0421875 0.1546875 0.084375
10 0.7140625 0.13046875 0.06953125 0.0578125
6 0.7 0.31953125 0.140625 0.1296875
6 0.721875 0.27265625 0.121875 0.109375
16 0.28203125 0.63359375 0.3390625 0.1671875
10 0.425 0.71796875 0.05 0.0640625
10 0.1140625 0.72265625 0.0609375 0.0609375
6 0.3625 0.9515625 0.096875 0.096875
6 0.19609375 0.9515625 0.1109375 0.096875
14 0.26875 0.775 0.465625 0.45
11 0.77734375 0.9171875 0.1515625 0.1515625
14 0.85078125 0.775 0.2984375 0.45