2 0.20390625 0.31015625 0.2671875 0.3390625
4 0.20625 0.02109375 0.0875 0.0390625
2 0.8328125 0.37890625 0.82734375 0.359375 0.815625 0.39140625 0.784375 0.41015625 0.78203125 0.4265625 0.76875 0.42421875 0.740625 0.35078125 0.73671875 0.284375 0.7265625 0.33046875 0.71640625 0.334375 0.7046875 0.32109375 0.721875 0.22109375 0.721875 0.20703125 0.71328125 0.2046875 0.6921875 0.32734375 0.70859375 0.3546875 0.73125 0.35859375 0.7421875 0.41640625 0.7609375 0.45390625 0.7734375 0.45703125 0.78515625 0.43125 0.82109375 0.415625 0.821875 0.44765625 0.83046875 0.45 0.8453125 0.38984375 0.8328125 0.37890625
2 0.8171875 0.11953125 0.8171875 0.16484375 0.81171875 0.171875 0.759375 0.14921875 0.7625 0.06796875 0.75078125 0.05 0.7453125 0.05703125 0.746875 0.13203125 0.73203125 0.134375 0.7234375 0.15546875 0.725 0.17109375 0.7390625 0.17734375 0.7375 0.23828125 0.7484375 0.23359375 0.7546875 0.18203125 0.76484375 0.178125 0.815625 0.20390625 0.828125 0.26640625 0.8328125 0.25234375 0.8328125 0.15859375 0.8265625 0.07109375 0.81484375 0.05625 0.809375 0.05703125 0.8171875 0.11953125
14 0.24921875 0.68046875 0.1140625 0.4015625
10 0.25703125 0.690625 0.03125 0.07109375
15 0.23828125 0.86015625 0.05625 0.06640625
15 0.24375 0.82890625 0.0515625 0.06953125
14 0.93125 0.73984375 0.1375 0.5203125
14 0.70234375 0.73984375 0.4015625 0.5203125
15 0.62890625 0.97265625 0.1296875 0.0546875
15 0.815625 0.96796875 0.10625 0.0640625
15 0.92890625 0.9734375 0.1140625 0.053125
10 0.84765625 0.70390625 0.0625 0.0890625