2 0.36015625 0.2921875 0.3109375 0.415625
2 0.05625 0.059375 0.1125 0.11875
12 0.71953125 0.071875 0.07265625 0.08671875
12 0.6828125 0.21484375 0.11171875 0.12890625
14 0.73203125 0.246875 0.16171875 0.4796875
16 0.88359375 0.28203125 0.22734375 0.190625
14 0.83671875 0.3265625 0.3265625 0.346875
3 0.7046875 0.22734375 0.021875 0.0265625
12 0.13046875 0.63671875 0.05 0.0953125
16 0.2171875 0.70625 0.1203125 0.159375
14 0.19296875 0.709375 0.1765625 0.24921875
10 0.58984375 0.7828125 0.0203125 0.103125
12 0.49453125 0.85234375 0.040625 0.096875
14 0.53125 0.903125 0.1375 0.19375
14 0.7921875 0.6265625 0.31875 0.253125
14 0.64765625 0.66484375 0.0953125 0.3296875
16 0.8015625 0.6265625 0.2125 0.253125
16 0.63359375 0.65703125 0.0671875 0.3140625
11 0.61796875 0.71953125 0.0359375 0.0828125
11 0.94296875 0.7390625 0.06953125 0.140625