2 0.23828125 0.290625 0.2984375 0.196875
1 0.7359375 0.14453125 0.128125 0.2890625
10 0.040625 0.5703125 0.021875 0.034375
14 0.046875 0.6421875 0.0609375 0.2234375
14 0.253125 0.671875 0.09453125 0.275
14 0.0421875 0.85703125 0.084375 0.2859375
13 0.0390625 0.5390625 0.0203125 0.021875
13 0.259375 0.54375 0.02578125 0.0265625
11 0.040625 0.6203125 0.01796875 0.01796875
11 0.2734375 0.66328125 0.02109375 0.0265625
8 0.25625 0.57421875 0.02109375 0.03203125
0 0.92890625 0.9875 0.1421875 0.025
0 0.8015625 0.9171875 0.12109375 0.12734375