2 0.17578125 0.359375 0.2671875 0.340625
16 0.75078125 0.06015625 0.1421875 0.1203125
14 0.75546875 0.26484375 0.1765625 0.5296875
14 0.528125 0.26484375 0.24375 0.5296875
10 0.41875 0.2359375 0.0484375 0.06953125
15 0.58125 0.4875 0.046875 0.084375
15 0.75390625 0.51015625 0.0515625 0.0390625
15 0.796875 0.490625 0.053125 0.078125
16 0.534375 0.10703125 0.121875 0.2140625
12 0.1109375 0.67578125 0.02421875 0.02578125
14 0.11875 0.77890625 0.04296875 0.225
16 0.1171875 0.746875 0.04375 0.0953125
15 0.11640625 0.875 0.034375 0.0375