2 0.11796875 0.32109375 0.2359375 0.2953125
4 0.0375 0.021875 0.075 0.04375
8 0.48671875 0.14921875 0.06640625 0.1265625
16 0.478125 0.22734375 0.096875 0.4140625
14 0.49609375 0.234375 0.1328125 0.46875
12 0.521875 0.0953125 0.109375 0.190625
3 0.465625 0.08984375 0.0265625 0.04140625
12 0.0546875 0.81953125 0.109375 0.1640625
12 0.37734375 0.70703125 0.1046875 0.1515625
12 0.22421875 0.85859375 0.21875 0.1421875
4 0.153125 0.89921875 0.06875 0.03359375
4 0.36796875 0.76640625 0.10234375 0.03046875
4 0.41328125 0.903125 0.0328125 0.071875
8 0.17760416875 0.9361328125 0.18020833281249998 0.9341796875 0.18020833281249998 0.9166015625 0.1736979171875 0.91171875 0.168489584375 0.91171875 0.152864584375 0.9058593765625 0.14505208281249998 0.9 0.13984375 0.9 0.125520834375 0.9224609375 0.125520834375 0.9419921875 0.13333333281249998 0.9537109375 0.1359375015625 0.9634765625 0.1424479171875 0.9683593765625 0.152864584375 0.9703125 0.1580729171875 0.97421875 0.1697916671875 0.9732421875 0.17760416875 0.9634765625 0.17760416875 0.9576171875 0.175 0.9556640625 0.175 0.9458984375 0.17760416875 0.9439453125 0.17760416875 0.9361328125
8 0.4296875 0.79921875 0.41979166718750005 0.7955078125 0.4171875015625 0.7876953125 0.4106770828125 0.78671875 0.40286458437499995 0.77890625 0.384635415625 0.7769531234375 0.3768229171875 0.7691406234375 0.371614584375 0.7691406234375 0.35208333281250004 0.7779296875 0.3416666671875 0.7876953125 0.3416666671875 0.7955078125 0.3546875015625 0.8052734375 0.35208333281250004 0.8384765625 0.3572916671875 0.8619140625 0.36640625 0.87265625 0.39375 0.8736328125 0.39635416874999996 0.8658203125 0.40807291718750005 0.85703125 0.4263020828125 0.8511718765625 0.4296875 0.8486328125 0.4296875 0.79921875
12 0.96640625 0.56171875 0.0671875 0.1265625
12 0.77734375 0.6015625 0.14921875 0.1609375
8 0.96875 0.67421875 0.0625 0.1421875
8 0.77734375 0.7140625 0.08828125 0.15390625
14 0.73828125 0.75546875 0.2359375 0.4890625
14 0.9578125 0.75625 0.084375 0.4875
16 0.73359375 0.88125 0.2421875 0.2375
16 0.9546875 0.87109375 0.090625 0.2578125
3 0.7203125 0.66796875 0.0296875 0.0796875