2 0.5484375 0.21484375 0.221875 0.4296875
0 0.659375 0 0.659375 0.3765043609375 0.7618848625 0.223734759375 0.8462458796875 0.13472373124999998 0.85497255 0 0.659375 0
12 0.24140625 0.56796875 0.09453125 0.1578125
16 0.0640625 0.584375 0.128125 0.246875
8 0.1890625 0.625 0.06953125 0.0875
12 0.50390625 0.6671875 0.10703125 0.0984375
8 0.50546875 0.74921875 0.0734375 0.090625
12 0.3140625 0.76875 0.08828125 0.13125
14 0.08359375 0.71484375 0.1671875 0.5703125
11 0.11015625 0.81796875 0.0453125 0.090625
8 0.27890625 0.82421875 0.07578125 0.08203125
14 0.53125 0.79140625 0.25625 0.4171875
16 0.54765625 0.8765625 0.2234375 0.246875
11 0.06796875 0.89140625 0.06796875 0.11484375
16 0.23515625 0.91953125 0.1890625 0.1609375
14 0.25546875 0.85859375 0.2109375 0.2828125
11 0.51171875 0.978125 0.0796875 0.04375
9 0.49765625 0.7328125 0.0546875 0.0421875
1 0.93828125 0.71640625 0.1234375 0.4359375
13 0.91796875 0.503125 0.1640625 0.146875
14 0.9234375 0.71484375 0.153125 0.5703125