2 0.353125 0.16796875 0.153125 0.3359375
14 0.81953125 0.21484375 0.2828125 0.4296875
14 0.5578125 0.21484375 0.25625 0.4296875
9 0.77109375 0.08671875 0.09609375 0.08203125
9 0.48515625 0.14921875 0.0625 0.0625
8 0.4859375 0.1828125 0.05546875 0.1203125
8 0.76640625 0.11640625 0.09609375 0.146875
13 0.52421875 0.06484375 0.1859375 0.1296875
13 0.80625 0.034375 0.153125 0.06875
14 0.1 0.7390625 0.2 0.521875
9 0.5234375 0.5046875 0.1875 0.15
8 0.52421875 0.5328125 0.1890625 0.20625
14 0.71484375 0.71484375 0.5703125 0.5703125