16 0.88359375 0.54140625 0.2328125 0.1171875
12 0.603125 0.01171875 0.090625 0.0234375
8 0.60078125 0.04453125 0.05078125 0.06015625
11 0.76875 0.08203125 0.02421875 0.03515625
16 0.615625 0.13359375 0.15234375 0.13515625
12 0.3390625 0.13515625 0.178125 0.1796875
11 0.6140625 0.16171875 0.05390625 0.0453125
14 0.62421875 0.20859375 0.2515625 0.4171875
12 0.88203125 0.33671875 0.2359375 0.2171875
14 0.37421875 0.32109375 0.2484375 0.5578125
14 0.85703125 0.41171875 0.2859375 0.3765625
16 0.36171875 0.4515625 0.2234375 0.296875
15 0.590625 0.38515625 0.0484375 0.04609375
15 0.64453125 0.384375 0.0484375 0.05703125
2 0.4921875 0.82890625 0.13125 0.2390625
2 0.8890625 0.8328125 0.1609375 0.26875