2 0.3828125 0.1140625 0.034375 0.159375
14 0.56171875 0.19453125 0.1015625 0.3890625
10 0.5703125 0.21640625 0.02890625 0.04140625
7 0.5703125 0.03828125 0.02265625 0.05546875
10 0.53359375 0.06875 0.0203125 0.08046875
13 0.57265625 0.003125 0.0328125 0.00625
15 0.55625 0.3703125 0.03203125 0.04609375
15 0.578125 0.37734375 0.028125 0.059375
7 0.5046875 0.67734375 0.02421875 0.04453125
7 0.70859375 0.6875 0.021875 0.03359375
14 0.5140625 0.746875 0.078125 0.23046875
14 0.7234375 0.76171875 0.07734375 0.2265625
14 0.4984375 0.91875 0.196875 0.1625
13 0.4765625 0.86875 0.09140625 0.078125
13 0.5015625 0.6453125 0.02109375 0.01953125
13 0.7046875 0.65546875 0.02578125 0.025
11 0.4984375 0.7375 0.015625 0.01796875
15 0.528125 0.81796875 0.0234375 0.04140625