2 0.31015625 0.42421875 0.2421875 0.4109375
4 0.325 0.1140625 0.09375 0.040625
2 0.1546875 0.16015625 0.0953125 0.159375
2 0.46640625 0.16796875 0.0859375 0.1703125
2 0.6203125 0.1984375 0.221875 0.29375
2 0.62109375 0.590625 0.2234375 0.078125
4 0.6109375 0.478125 0.08125 0.0203125
2 0.84140625 0.0484375 0.06484375 0.0765625
2 0.85703125 0.53828125 0.08359375 0.09375
2 0.9328125 0.578125 0.0640625 0.05625
12 0.1927734375 0.7734375 0.1830078125 0.7630208328125 0.1712890625 0.7595486109375 0.1615234375 0.7630208328125 0.144921875 0.785590278125 0.141015625 0.7994791671875 0.141015625 0.8307291671874999 0.15078125 0.8307291671874999 0.1673828125 0.8220486109374999 0.2005859375 0.8255208328125001 0.207421875 0.816840278125 0.2015625 0.8064236109374999 0.19765625 0.7821180562500001 0.1927734375 0.7734375
7 0.1791015625 0.894965278125 0.19765625 0.8932291671874999 0.203515625 0.8828125 0.1986328125 0.8498263890625001 0.1771484375 0.8532986109374999 0.172265625 0.8585069437499999 0.172265625 0.8828125 0.1791015625 0.894965278125
3 0.162488596875 0.8314515203124999 0.15120378750000002 0.8363425984375 0.15507365625 0.864331821875 0.1682686078125 0.8647108484375 0.162488596875 0.8314515203124999
9 0.199609375 0.8342013890625001 0.1966796875 0.8220486109374999 0.1615234375 0.8220486109374999 0.15078125 0.8342013890625001 0.195703125 0.8411458328125001 0.199609375 0.8342013890625001
14 0.58359375 0.6765625 0.0609375 0.09375
14 0.78984375 0.7046875 0.0953125 0.15
14 0.565625 0.8421875 0.1125 0.315625
13 0.52890625 0.703125 0.0390625 0.06875
11 0.81015625 0.63828125 0.0203125 0.0171875