2 0.43125 0.21484375 0.315625 0.4296875
14 0.79921875 0.21484375 0.3421875 0.4296875
11 0.75 0.06015625 0.090625 0.1203125
10 0.1015625 0.43515625 0.021875 0.0109375
14 0.10703125 0.51796875 0.0609375 0.1765625
14 0.31328125 0.54609375 0.0953125 0.2328125
14 0.07265625 0.78359375 0.1453125 0.4328125
13 0.0359375 0.5859375 0.071875 0.06875
11 0.1015625 0.4734375 0.01796875 0.01796875
11 0.334375 0.51640625 0.02109375 0.0265625
8 0.31640625 0.4359375 0.0203125 0.0125
5 0.79453125 0.8484375 0.4109375 0.303125