1 0.7203125 0.22265625 0.103125 0.3328125
1 0.77265625 0.19453125 0.0796875 0.3890625
14 0.31484375 0.57109375 0.0703125 0.3265625
7 0.6234375 0.61015625 0.04609375 0.0609375
14 0.60234375 0.74921875 0.0984375 0.5015625
10 0.6390625 0.83046875 0.02265625 0.071875
10 0.5921875 0.88125 0.03203125 0.0765625
14 0.74453125 0.81328125 0.1765625 0.3734375
7 0.28671875 0.48515625 0.0140625 0.0484375
13 0.76875 0.6703125 0.0734375 0.05703125
13 0.61796875 0.5359375 0.0578125 0.046875
13 0.28515625 0.42734375 0.0109375 0.0359375
11 0.31171875 0.47265625 0.0234375 0.021875