2 0.3984375 0.2890625 0.140625 0.578125
14 0.60703125 0.31484375 0.2765625 0.6296875
14 0.0390625 0.81484375 0.078125 0.3703125
14 0.13515625 0.81484375 0.1015625 0.3703125
14 0.23828125 0.81484375 0.1109375 0.3703125
14 0.43515625 0.81484375 0.0671875 0.3703125
14 0.34765625 0.81484375 0.1109375 0.3703125
15 0.3578125 0.98046875 0.05625 0.0390625
15 0.2984375 0.96875 0.05546875 0.0359375
15 0.246875 0.97421875 0.05 0.0515625
15 0.0140625 0.97265625 0.028125 0.0484375
15 0.0390625 0.98828125 0.071875 0.0234375
8 0.7125 0.85390625 0.19453125 0.16328125
14 0.728125 0.81484375 0.478125 0.3703125
11 0.62109375 0.7453125 0.0890625 0.1734375
3 0.76875 0.81484375 0.0375 0.078125
4 0.684375 0.80390625 0.05390625 0.06015625