2 0.2453125 0.42421875 0.490625 0.5703125
14 0.85 0.3546875 0.3 0.709375
16 0.93984375 0.403125 0.1203125 0.6125
3 0.96328125 0.01015625 0.0671875 0.0203125
8 0.46015625 0.7578125 0.0640625 0.096875
8 0.2015625 0.7421875 0.09375 0.065625
14 0.20546875 0.8546875 0.2796875 0.290625
14 0.48125 0.8546875 0.25 0.290625
11 0.225 0.8203125 0.078125 0.2015625
16 0.1875 0.8765625 0.2 0.246875
16 0.478125 0.8765625 0.2 0.246875
14 0.97109375 0.8546875 0.0578125 0.290625
11 0.83359375 0.7671875 0.1015625 0.115625