2 0.05625 0.19609375 0.1125 0.3921875
2 0.43671875 0.2078125 0.0453125 0.415625
13 0.88984375 0.2890625 0.2203125 0.125
14 0.7296875 0.3109375 0.540625 0.2375
4 0.9109375 0.40546875 0.178125 0.0484375
3 0.803125 0.40859375 0.053125 0.0421875
13 0.23828125 0.84921875 0.30859375 0.125
8 0.26484375 0.95234375 0.2359375 0.0953125
14 0.2296875 0.88671875 0.459375 0.2265625
4 0.26484375 0.95859375 0.2453125 0.08203125
3 0.075 0.971875 0.0875 0.05625
13 0.67265625 0.625 0.3625 0.1171875
8 0.69765625 0.82265625 0.32578125 0.27265625
14 0.7296875 0.7515625 0.540625 0.496875
3 0.5203125 0.80703125 0.09140625 0.1171875
3 0.8734375 0.78203125 0.07890625 0.1265625
4 0.6875 0.7375 0.36328125 0.121875