2 0.1375 0.13984375 0.25625 0.2796875
16 0.90546875 0.17578125 0.1890625 0.2078125
9 0.9578125 0.01953125 0.084375 0.0390625
7 0.94765625 0.03828125 0.1046875 0.0765625
14 0.86328125 0.13984375 0.2734375 0.2796875
2 0 0.7975260421875 0.01171875 0.7984375 0.16015625 0.7953125 0.184375 0.82421875 0.1859375 0.83984375 0.21171875 0.85625 0.23203125 0.8796875 0.240625 0.88046875 0.2515625 0.87265625 0.253125 0.83828125 0.2515625 0.82734375 0.234375 0.80859375 0.23125 0.78828125 0.2359375 0.77265625 0.228125 0.74453125 0.2359375 0.73203125 0.2359375 0.70546875 0.2203125 0.67109375 0.2203125 0.63984375 0.2078125 0.64140625 0.1953125 0.59921875 0.153125 0.53984375 0.1515625 0.49765625 0.1703125 0.39609375 0.196875 0.35078125 0.21484375 0.3375 0.23046875 0.3359375 0.2296875 0.33046875 0.21484375 0.325 0.18671875 0.3265625 0.16640625 0.31875 0.13984375 0.2890625 0.05390625 0.2984375 0 0.29493709375 0 0.7975260421875
16 0.753125 0.409375 0.225 0.2125
10 0.60390625 0.5515625 0.078125 0.05625
10 0.90546875 0.5390625 0.0359375 0.065625
6 0.6390625 0.69453125 0.05859375 0.0984375
6 0.79453125 0.73125 0.10859375 0.128125
7 0.77421875 0.28828125 0.1046875 0.0171875
14 0.740625 0.5421875 0.396875 0.525