2 0.14140625 0.271875 0.228125 0.28984375
16 0.1546875 0.56484375 0.309375 0.1921875
10 0.31640625 0.67265625 0.0265625 0.0671875
10 0.01015625 0.6640625 0.0203125 0.0625
6 0.24453125 0.91953125 0.125 0.1296875
6 0.071875 0.91484375 0.103125 0.1265625
14 0.16484375 0.73125 0.3296875 0.525
14 0.63203125 0.75390625 0.3453125 0.4921875
16 0.62421875 0.75703125 0.2390625 0.2203125
10 0.590625 0.909375 0.0890625 0.059375
10 0.75625 0.86875 0.046875 0.065625
9 0.66171875 0.5875 0.09140625 0.0296875
7 0.64609375 0.6078125 0.10546875 0.06875
12 0.6046875 0.5546875 0.15859375 0.071875