2 0.21328125 0.096875 0.20703125 0.07578125
2 0.2234375 0.22265625 0.2265625 0.065625
2 0.21015625 0.34375 0.2 0.0671875
2 0.20390625 0.46015625 0.18671875 0.06484375
2 0.1859375 0.571875 0.20625 0.05625
12 0.646875 0.07265625 0.15 0.1453125
8 0.97890625 0.0796875 0.0421875 0.14375
11 0.86640625 0.203125 0.0859375 0.11328125
14 0.92265625 0.3 0.1546875 0.6
14 0.64921875 0.3 0.2859375 0.6
16 0.621875 0.42734375 0.203125 0.3453125
11 0.93828125 0.55703125 0.0609375 0.0859375
9 0.99375 0.03671875 0.0125 0.0484375
14 0.325 0.8 0.16875 0.4
14 0.0484375 0.8 0.096875 0.4
16 0.0390625 0.8 0.078125 0.4
16 0.3109375 0.8 0.196875 0.4
11 0.11875 0.91875 0.0578125 0.1203125
14 0.53671875 0.8 0.1609375 0.4
14 0.67578125 0.8 0.1890625 0.4
16 0.659375 0.8 0.1875 0.4
11 0.74609375 0.91171875 0.1265625 0.1765625