2 0.2046875 0.38125 0.30625 0.596875
7 0.6296875 0.10625 0.02578125 0.0625
10 0.57265625 0.2984375 0.028125 0.0734375
14 0.625 0.3046875 0.115625 0.55546875
10 0.609375 0.3609375 0.021875 0.0515625
13 0.640625 0.0546875 0.04609375 0.034375
14 0.26171875 0.83984375 0.1484375 0.3203125
14 0.0546875 0.83984375 0.109375 0.3203125
11 0.0671875 0.9671875 0.025 0.0484375
11 0.20859375 0.97734375 0.0265625 0.0453125
14 0.81015625 0.73125 0.0953125 0.103125
14 0.8421875 0.83984375 0.15625 0.3203125
14 0.58046875 0.83984375 0.1234375 0.3203125
11 0.784375 0.7734375 0.02578125 0.065625
11 0.8765625 0.7796875 0.02109375 0.0640625
11 0.52265625 0.71953125 0.0078125 0.0515625
15 0.53984375 0.89765625 0.0421875 0.0734375
15 0.77109375 0.953125 0.0328125 0.09375
15 0.81015625 0.95 0.0328125 0.1