2 0.18125 0.234375 0.3625 0.46875
0 0.91640625 0.3359375 0.13828125 0.06875
0 0.81015625 0.33046875 0.09140625 0.0953125
14 0.38515625 0.61875 0.1140625 0.3
14 0.40234375 0.734375 0.1578125 0.53125
13 0.43671875 0.4921875 0.0578125 0.046875
11 0.340625 0.778125 0.01953125 0.05703125
11 0.3375 0.65078125 0.01796875 0.05546875
15 0.0171875 0.6171875 0.034375 0.05
15 0.3359375 0.9671875 0.0375 0.065625
15 0.3703125 0.96875 0.03125 0.0625
11 1 0.8469045921875 0.9787109375 0.8359375 0.9552734375 0.853515625 0.9162109375 0.861328125 0.91328125 0.8837890625 0.93671875 0.9052734375 0.9650390625 0.8828125 0.9708984375 0.90234375 0.9923828125 0.896484375 1 0.8879710484375 1 0.8469045921875