2 0.17578125 0.23203125 0.2515625 0.4640625
13 0.56875 0.40390625 0.078125 0.0828125
13 0.75703125 0.42109375 0.12265625 0.075
8 0.871875 0.51328125 0.0375 0.10859375
7 0.7515625 0.5171875 0.0875 0.13359375
7 0.57265625 0.51484375 0.0859375 0.1703125
14 0.7546875 0.46640625 0.2125 0.2671875
14 0.9171875 0.48125 0.1625 0.2375
9 0.56328125 0.47890625 0.0671875 0.0703125
4 0.74609375 0.4734375 0.07734375 0.0515625
14 0.09921875 0.86171875 0.1984375 0.2765625
8 0.253125 0.634375 0.0296875 0.05703125
13 0.04765625 0.76015625 0.0953125 0.0984375
14 0.2515625 0.8 0.1375 0.4
7 0.0484375 0.88125 0.0796875 0.15078125
5 0.76484375 0.81171875 0.4703125 0.3765625