14 0.13359375 0.175 0.2671875 0.35
0 0.496875 0.33515625 0.015625 0.0296875
12 0.165625 0.45859375 0.05625 0.0640625
12 0.12109375 0.51953125 0.0421875 0.0546875
8 0.1296875 0.55703125 0.03125 0.0453125
8 0.16796875 0.496875 0.0359375 0.040625
11 0.16953125 0.596875 0.0390625 0.0375
14 0.2109375 0.625 0.15 0.396875
14 0.1453125 0.69140625 0.11875 0.4046875
8 0.76953125 0.46484375 0.15625 0.2046875
10 0.56796875 0.60390625 0.09375 0.209375
14 0.74453125 0.675 0.5109375 0.65
10 0.64609375 0.821875 0.1203125 0.178125