13 0.10625 0.01171875 0.2125 0.0234375
14 0.1796875 0.284375 0.359375 0.56875
8 0.07109375 0.1375 0.1421875 0.21875
7 0.6109375 0.20390625 0.15625 0.24765625
14 0.67265625 0.284375 0.5796875 0.56875
13 0.60546875 0.0578125 0.2390625 0.115625
9 0.62890625 0.1390625 0.17578125 0.13671875
8 0.0609375 0.6171875 0.121875 0.096875
14 0.1796875 0.784375 0.359375 0.43125
10 0.13359375 0.9578125 0.2671875 0.084375
2 0.837858953125 0.56875 0.84375 0.64140625 0.86171875 0.6640625 0.90234375 0.6609375 0.90625 0.67421875 0.915625 0.67890625 0.9171875 0.71328125 0.9234375 0.71484375 0.928125 0.68984375 0.9125 0.61015625 0.9089760640625 0.56875 0.89583806875 0.56875 0.896875 0.62578125 0.88359375 0.6359375 0.85859375 0.6390625 0.8453125 0.63203125 0.85234375 0.56875 0.837858953125 0.56875
2 0.88828125 0.7171875 0.8859375 0.73359375 0.9125 0.79765625 0.9046875 0.84296875 0.8828125 0.86796875 0.8921875 0.88984375 0.9140625 0.86171875 0.921875 0.82109375 0.93125 0.81328125 0.93125 0.79765625 0.9046875 0.73515625 0.88828125 0.7171875
2 0.81953125 0.8203125 0.81328125 0.825 0.8046875 0.81640625 0.828125 0.71796875 0.828125 0.70390625 0.81796875 0.7 0.8109375 0.71953125 0.8078125 0.76640625 0.790625 0.80546875 0.790625 0.82265625 0.80390625 0.8453125 0.821875 0.85078125 0.8265625 0.88984375 0.8375 0.91953125 0.84765625 0.93125 0.859375 0.93203125 0.86875 0.91796875 0.85703125 0.9203125 0.8453125 0.90546875 0.8265625 0.85703125 0.821875 0.82421875 0.81953125 0.8203125