13 0.334375 0.11640625 0.10546875 0.06484375
8 0.334375 0.19296875 0.09140625 0.11796875
14 0.36484375 0.26640625 0.2453125 0.3859375
10 0.98828125 0.17734375 0.0234375 0.1421875
11 0.9515625 0.39375 0.05546875 0.09375
10 0.89609375 0.0796875 0.06484375 0.115625
10 0.36328125 0.95234375 0.0578125 0.0953125
12 0.40859375 0.7171875 0.0890625 0.078125
14 0.4359375 0.83984375 0.23125 0.3203125
13 0.8890625 0.4765625 0.13125 0.034375
8 0.87421875 0.546875 0.08203125 0.14453125
11 0.81640625 0.55234375 0.0484375 0.084375
14 0.746875 0.7296875 0.115625 0.540625
14 0.871875 0.7296875 0.25625 0.540625
11 0.771875 0.921875 0.0359375 0.053125
3 0.92578125 0.52734375 0.0234375 0.05859375