13 0.17578125 0.06640625 0.11796875 0.10546875
13 0.45078125 0.07734375 0.0578125 0.0953125
7 0.03515625 0.0953125 0.0703125 0.146875
13 0.29296875 0.15625 0.0578125 0.0453125
13 0.39375 0.17421875 0.08203125 0.04296875
7 0.18828125 0.17578125 0.06953125 0.12734375
7 0.29609375 0.20703125 0.0453125 0.0796875
7 0.465625 0.2125 0.028125 0.1875
7 0.409375 0.23359375 0.06015625 0.0984375
14 0.2984375 0.28984375 0.0984375 0.34609375
14 0.39140625 0.3078125 0.115625 0.3390625
11 0.284375 0.31875 0.0453125 0.0484375
14 0.17578125 0.32734375 0.2140625 0.6453125
11 0.27109375 0.371875 0.053125 0.0671875
14 0.0546875 0.325 0.109375 0.65
14 0.44375 0.325 0.071875 0.65
11 0.35625 0.48828125 0.0984375 0.09375
11 0.40390625 0.57734375 0.1328125 0.1453125
13 0.04609375 0.0328125 0.0921875 0.065625
9 0.45859375 0.18984375 0.0421875 0.0578125
2 0.97109375 0.36328125 0.0578125 0.3234375
14 0.43984375 0.825 0.0796875 0.35
10 0.425 0.8609375 0.03046875 0.07890625