14 0.13984375 0.20078125 0.2796875 0.4015625
11 0.15859375 0.1703125 0.06015625 0.0890625
10 0.234375 0.3328125 0.0578125 0.0484375
10 0.30078125 0.3421875 0.06015625 0.0625
14 0.809375 0.21953125 0.38125 0.4390625
10 0.49453125 0.10546875 0.08203125 0.084375
14 0.47734375 0.21953125 0.1359375 0.4390625
10 0.653125 0.11171875 0.053125 0.0765625
10 0.9765625 0.1359375 0.046875 0.084375
8 0.13828125 0.5359375 0.1453125 0.19375
10 0.0546875 0.61328125 0.109375 0.1953125
14 0.17578125 0.71953125 0.3515625 0.5609375
5 0.71640625 0.91171875 0.5671875 0.1765625