11 0.0703125 0.27734375 0.021875 0.021875
14 0.17421875 0.31484375 0.3484375 0.6296875
10 0.040625 0.0625 0.08125 0.125
8 0.1703125 0.05234375 0.1125 0.1046875
16 0.20625 0.35859375 0.23125 0.5421875
8 0.50546875 0.2453125 0.0734375 0.13125
14 0.83203125 0.32265625 0.3359375 0.6140625
14 0.58125 0.3578125 0.225 0.54375
10 0.7171875 0.56640625 0.084375 0.1265625
10 0.63515625 0.5953125 0.0609375 0.06875
9 0.8484375 0.1328125 0.13203125 0.12734375
13 0.51484375 0.1546875 0.0921875 0.09375
13 0.84609375 0.05859375 0.15625 0.1109375
8 0.4140625 0.890625 0.109375 0.20625
14 0.36171875 0.8421875 0.2140625 0.315625
13 0.38515625 0.7515625 0.1671875 0.115625
3 0.353125 0.87890625 0.03515625 0.071875
14 0.734375 0.81484375 0.53125 0.3703125
10 0.9328125 0.94609375 0.134375 0.1078125