14 0.26484375 0.18203125 0.0890625 0.3640625
14 0.0546875 0.18046875 0.096875 0.3609375
11 0.29921875 0.109375 0.0171875 0.03828125
11 0.0734375 0.1234375 0.0265625 0.04296875
14 0.16171875 0.209375 0.1171875 0.41875
11 0.109375 0.1296875 0.01171875 0.0265625
11 0.20078125 0.159375 0.021875 0.02890625
15 0.171875 0.3890625 0.0625 0.0671875
15 0.06484375 0.34375 0.040625 0.06953125
15 0.0296875 0.3296875 0.059375 0.040625
15 0.13828125 0.37734375 0.05546875 0.040625
14 0.81640625 0.23984375 0.3671875 0.4796875
8 0.8125 0.14453125 0.24375 0.2890625
11 0.50390625 0.240625 0.1296875 0.290625
11 0.49296875 0.32890625 0.1953125 0.3015625
13 0.903125 0.48515625 0.06875 0.0109375
11 0.621875 0.48828125 0.0625 0.0171875
14 0.4359375 0.72265625 0.153125 0.4859375
11 0.97890625 0.5875 0.0421875 0.040625
14 0.73046875 0.73984375 0.2859375 0.5203125
10 0.65078125 0.64609375 0.10078125 0.07421875
15 0.659375 0.9890625 0.178125 0.021875
15 0.421875 0.92421875 0.125 0.0765625
15 0.39296875 0.890625 0.0671875 0.0625
15 0.621875 0.90234375 0.07421875 0.0625
15 0.89921875 0.88203125 0.15625 0.06015625
8 0.9109375 0.503125 0.05546875 0.04296875