13 0.11328125 0.27265625 0.125 0.13203125
8 0.17578125 0.36875 0.14453125 0.12734375
14 0.27734375 0.38359375 0.5453125 0.3921875
10 0.1265625 0.50390625 0.13203125 0.103125
10 0.06328125 0.5640625 0.1265625 0.03125
10 0.17265625 0.5671875 0.1390625 0.025
3 0.21171875 0.2703125 0.05 0.05625
4 0.15 0.3609375 0.0578125 0.096875
5 0.73203125 0.28984375 0.3640625 0.5796875
14 0.21953125 0.78984375 0.4390625 0.4203125
10 0.4390625 0.69296875 0.06953125 0.134375
14 0.49453125 0.78984375 0.1109375 0.4203125