11 0.3296875 0.13671875 0.209375 0.2734375
14 0.2796875 0.28984375 0.559375 0.5796875
8 0.1015625 0.23046875 0.203125 0.4609375
4 0.08984375 0.10625 0.1796875 0.13125
5 0.71796875 0.428125 0.3171875 0.303125
8 0.02265625 0.721875 0.0453125 0.109375
12 0.03828125 0.63359375 0.0765625 0.1078125
11 0.02109375 0.96875 0.0421875 0.0625
14 0.0765625 0.78984375 0.153125 0.4203125
4 0.02421875 0.6859375 0.0484375 0.05
12 1 0.6169077171875 0.9921875 0.62149849375 0.9765625 0.6449924703125001 0.966796875 0.705685240625 0.9755859375 0.7203689765625001 1 0.7213478921875 0.982421875 0.686106928125 1 0.672100903125 1 0.6169077171875
10 1 0.8663497734375 0.9853515625 0.86524849375 0.970703125 0.872100903125 0.9755859375 0.8848268078124999 0.998046875 0.8897213859375 0.958984375 0.9112575296875001 0.962890625 0.9288780125 0.953125 0.9347515062499999 0.953125 0.9484563250000001 0.9755859375 0.9846762046875 1 0.9867738812500001 1 0.8663497734375