8 0.42890625 0.39453125 0.0203125 0.1453125
8 0.40390625 0.45390625 0.06953125 0.13203125
11 0.2546875 0.59375 0.1 0.071875
11 0.19765625 0.6140625 0.0671875 0.03125
11 0.25 0.615625 0.103125 0.028125
13 0.40390625 0.3359375 0.0703125 0.128125
9 0.39609375 0.415625 0.07421875 0.040625
14 0.55703125 0.31484375 0.2359375 0.6296875
11 0.60625 0.33359375 0.0578125 0.053125
13 0.87265625 0.384375 0.15390625 0.10546875
10 0.975 0.44453125 0.05 0.1390625
10 0.90078125 0.5234375 0.103125 0.1390625
14 0.8875 0.4765625 0.225 0.30625
8 0.50703125 0.021875 0.1109375 0.04375
15 0.5203125 0.4671875 0.09375 0.1421875
14 0.28359375 0.7015625 0.0765625 0.14375
12 0.10546875 0.70625 0.0265625 0.02890625
14 0.16796875 0.803125 0.1703125 0.346875
11 0.13203125 0.7734375 0.01171875 0.02890625
14 0.421875 0.778125 0.034375 0.259375
11 0.00625 0.78046875 0.0125 0.0234375
14 0.0375 0.81328125 0.075 0.3296875
14 0.7296875 0.81484375 0.540625 0.3703125
8 0.96015625 0.81328125 0.0796875 0.2546875
3 0.953125 0.703125 0.053125 0.1