8 0.21796875 0.01640625 0.0484375 0.0328125
8 0.334375 0.0125 0.03125 0.025
8 0.28046875 0.01875 0.0515625 0.0375
8 0.40078125 0.0125 0.0265625 0.025
8 0.375 0.01484375 0.03125 0.0296875
11 0.4140625 0.146875 0.009375 0.03125
11 0.3875 0.15 0.0171875 0.0265625
11 0.3546875 0.165625 0.01953125 0.02890625
11 0.31015625 0.1890625 0.021875 0.03828125
14 0.340625 0.209375 0.071875 0.41875
14 0.26484375 0.209375 0.1109375 0.41875
11 0.26015625 0.2109375 0.0359375 0.04296875
14 0.21015625 0.209375 0.0953125 0.41875
14 0.08359375 0.209375 0.1359375 0.41875
11 0.12890625 0.27734375 0.04296875 0.06015625
0 0.56328125 0.209375 0.2890625 0.41875
0 0.696875 0.209375 0.55625 0.41875
7 0.2828125 0.4609375 0.053125 0.0796875
7 0.13203125 0.4625 0.05546875 0.071875
7 0.4078125 0.4828125 0.021875 0.071875
14 0.27578125 0.709375 0.1515625 0.58125
14 0.1171875 0.709375 0.15625 0.58125
14 0.38515625 0.71015625 0.0671875 0.5796875
11 0.2171875 0.753125 0.02421875 0.0671875
11 0.3375 0.75625 0.02890625 0.06484375
10 0.41015625 0.75703125 0.0171875 0.0578125
10 0.1703125 0.76953125 0.0265625 0.0625
10 0.05390625 0.77578125 0.02890625 0.06484375
13 0.13046875 0.42578125 0.0703125 0.0140625
13 0.2828125 0.43515625 0.071875 0.0328125
13 0.4015625 0.44375 0.034375 0.040625
9 0.28359375 0.44140625 0.05078125 0.02421875
5 0.58984375 0.8265625 0.3421875 0.346875
5 0.77265625 0.79375 0.4546875 0.4125
5 0.8375 0.59609375 0.325 0.3546875