14 0.2140625 0.275 0.26875 0.55
14 0.371875 0.275 0.09375 0.55
11 0.40390625 0.4578125 0.0296875 0.115625
8 0.5984375 0.10234375 0.359375 0.2046875
14 0.709375 0.275 0.58125 0.55
10 0.8328125 0.16953125 0.26171875 0.31015625
10 0.71484375 0.27578125 0.43515625 0.415625
8 0.20625 0.7078125 0.115625 0.20625
14 0.21875 0.775 0.4 0.45
3 0.09609375 0.66640625 0.0515625 0.0828125
4 0.2015625 0.6671875 0.10625 0.090625
5 0.559375 0.77578125 0.0859375 0.12890625
5 0.73203125 0.94921875 0.0859375 0.1015625