8 0.22890625 0.1625 0.2359375 0.325
14 0.2546875 0.2296875 0.509375 0.459375
10 0.809375 0.09140625 0.0375 0.078125
14 0.84921875 0.2296875 0.1109375 0.459375
15 0.809375 0.3609375 0.03203125 0.07890625
15 0.83046875 0.43515625 0.0546875 0.0484375
5 0.06796875 0.640625 0.1359375 0.159375
7 0.63515625 0.46640625 0.0234375 0.0140625
14 0.62578125 0.54921875 0.0609375 0.1796875
14 0.71953125 0.59140625 0.0828125 0.2640625
11 0.6296875 0.48046875 0.01484375 0.02109375
11 0.740625 0.48046875 0.02265625 0.0234375