8 0.275 0.334375 0.0484375 0.04296875
10 0.234375 0.3828125 0.02421875 0.02890625
10 0.390625 0.46796875 0.0140625 0.0265625
14 0.39765625 0.47734375 0.0671875 0.2046875
11 0.11171875 0.51875 0.0140625 0.0171875
14 0.2515625 0.42578125 0.15625 0.3078125
11 0.17734375 0.5296875 0.01171875 0.02421875
11 0.1328125 0.53203125 0.0140625 0.01953125
14 0.51171875 0.28984375 0.1234375 0.5796875
10 0.68203125 0.475 0.1390625 0.0796875
13 0.47421875 0.04765625 0.0484375 0.0953125
11 0.2765625 0.78984375 0.346875 0.4203125
11 0.37578125 0.80234375 0.1484375 0.3828125
11 0.015625 0.90859375 0.03125 0.1421875
8 0.4796875 0.7578125 0.059375 0.13125
14 0.815625 0.78984375 0.36875 0.4203125
14 0.55546875 0.79921875 0.2109375 0.4015625
9 0.815625 0.6453125 0.13203125 0.12734375
13 0.4890625 0.6671875 0.078125 0.09375
13 0.8125 0.603125 0.15625 0.046875