13 0.44453125 0.02265625 0.05546875 0.03125
13 0.0546875 0.0484375 0.0359375 0.021875
13 0.24140625 0.05703125 0.03828125 0.02890625
13 0.1171875 0.05859375 0.0265625 0.021875
13 0.196875 0.06328125 0.0265625 0.0171875
8 0.44921875 0.06328125 0.040625 0.05546875
8 0.059375 0.07421875 0.0265625 0.03828125
8 0.196875 0.075 0.021875 0.03125
8 0.2421875 0.07734375 0.0359375 0.03125
8 0.11875 0.07734375 0.02890625 0.0265625
11 0.5140625 0.1296875 0.00703125 0.009375
10 0.153125 0.1703125 0.0171875 0.01953125
10 0.1078125 0.17109375 0.0171875 0.0171875
11 0.29375 0.175 0.02421875 0.01953125
14 0.19765625 0.1765625 0.0578125 0.24765625
11 0.23984375 0.17734375 0.021875 0.02421875
14 0.13203125 0.184375 0.06953125 0.26953125
14 0.2640625 0.19296875 0.09375 0.2953125
14 0.0609375 0.2078125 0.1109375 0.3390625
10 0.52578125 0.21953125 0.0265625 0.0390625
10 0.4421875 0.22421875 0.0359375 0.03125
14 0.45859375 0.24453125 0.1609375 0.4515625
15 0.42734375 0.36875 0.05078125 0.06484375
15 0.065625 0.32890625 0.03359375 0.040625
8 0.7890625 0.134375 0.09140625 0.1078125
8 0.5984375 0.13671875 0.0484375 0.06015625
10 0.93515625 0.17265625 0.03828125 0.03125
10 0.9078125 0.17890625 0.021875 0.04296875
10 0.99296875 0.203125 0.0140625 0.06875
10 0.95703125 0.20546875 0.04296875 0.0578125
11 0.5859375 0.2140625 0.0265625 0.0453125
10 0.91640625 0.2171875 0.04296875 0.02890625
10 0.98671875 0.23125 0.0265625 0.071875
14 0.94296875 0.275 0.1140625 0.490625
14 0.81328125 0.29453125 0.3140625 0.5890625
10 0.9640625 0.4328125 0.071875 0.090625
13 0.76953125 0.04375 0.1421875 0.0875
3 0.75078125 0.1046875 0.02265625 0.0515625
10 0.0484375 0.7921875 0.096875 0.40625
14 0.26953125 0.79453125 0.5390625 0.4109375
8 0.25703125 0.79453125 0.3328125 0.4109375
9 0.196875 0.7046875 0.240625 0.15625
3 0.46953125 0.70078125 0.08671875 0.21875
13 0.94609375 0.77890625 0.1078125 0.1609375
7 0.9265625 0.875 0.146875 0.209375
10 0.565625 0.8765625 0.053125 0.071875
10 0.5484375 0.946875 0.01875 0.053125
11 0.74140625 0.9859375 0.0703125 0.028125
11 0.62109375 0.99140625 0.0765625 0.0171875
14 0.9015625 0.84375 0.196875 0.3125
9 0.71640625 0.784375 0.0796875 0.06015625
9 0.553125 0.75 0.028125 0.059375