14 0.28984375 0.1265625 0.5796875 0.253125
8 0.06328125 0.1796875 0.0890625 0.103125
8 0.034375 0.32734375 0.06875 0.0640625
14 0.28984375 0.30234375 0.5796875 0.1140625
7 0.85390625 0.09140625 0.1640625 0.1828125
14 0.83203125 0.1796875 0.3359375 0.359375
10 0.940625 0.34140625 0.084375 0.0359375
9 0.87421875 0.0390625 0.1078125 0.06015625
5 0.1421875 0.66015625 0.284375 0.5546875
5 0.32421875 0.56015625 0.5109375 0.4015625
5 0.3890625 0.43125 0.38125 0.14375
13 0.728125 0.58515625 0.05078125 0.0265625
13 0.796875 0.58515625 0.03359375 0.040625
13 0.89921875 0.59453125 0.03125 0.0265625
13 0.98125 0.60390625 0.0375 0.0453125
8 0.725 0.6140625 0.04296875 0.05546875
13 0.86875 0.61640625 0.03359375 0.0359375
13 0.96640625 0.6296875 0.040625 0.03828125
14 0.71953125 0.78671875 0.0953125 0.4265625
14 0.80078125 0.790625 0.0671875 0.41875
11 0.7546875 0.840625 0.01171875 0.02421875
11 0.74375 0.85390625 0.01953125 0.0453125
11 0.81015625 0.86015625 0.021875 0.03828125
14 0.88515625 0.7984375 0.0859375 0.403125
11 0.84375 0.8765625 0.0171875 0.03359375
14 0.96171875 0.80703125 0.0765625 0.3859375
11 0.90625 0.9 0.021875 0.040625
11 0.98828125 0.92890625 0.0234375 0.0421875