14 0.14609375 0.225 0.2921875 0.45
1 0.9390625 0.4171875 0.075 0.065625
9 0.859375 0.3703125 0.1109375 0.0828125
10 0.43828125 0.2671875 0.0578125 0.28125
14 0.7046875 0.2796875 0.590625 0.340625
13 0.05703125 0.65234375 0.10546875 0.1078125
13 0.32109375 0.6640625 0.134375 0.07421875
8 0.3265625 0.76796875 0.0765625 0.13671875
8 0.0640625 0.775 0.10078125 0.12734375
14 0.09921875 0.80390625 0.1984375 0.3921875
14 0.309375 0.80859375 0.2 0.3828125
9 0.31796875 0.75703125 0.06953125 0.0453125
13 0.44765625 0.73125 0.0765625 0.059375
7 0.44140625 0.78828125 0.05546875 0.08203125
14 0.51484375 0.80234375 0.2109375 0.3953125
9 0.4484375 0.7625 0.078125 0.06875