13 0.08828125 0.11953125 0.10546875 0.1078125
13 0.35234375 0.13125 0.134375 0.07421875
14 0.5046875 0.27734375 0.15 0.5546875
8 0.3578125 0.23515625 0.0765625 0.13671875
8 0.0953125 0.2421875 0.10078125 0.12734375
14 0.11484375 0.309375 0.2296875 0.46875
14 0.38125 0.33125 0.27890625 0.49296875
11 0.56796875 0.47265625 0.0234375 0.0984375
11 0.0265625 0.49140625 0.053125 0.0609375
11 0.2734375 0.51015625 0.0484375 0.0671875
11 0.33828125 0.52109375 0.08203125 0.06015625
9 0.34921875 0.22421875 0.06953125 0.0453125
5 0.78984375 0.3578125 0.4203125 0.309375
0 0.1875298390625 0.6890625 0.2190582875 1 0.47535328125 1 0.4613263296875 0.6890625 0.1875298390625 0.6890625
0 0.78984375 0.84453125 0.4203125 0.3109375
0 0.87734375 0.84453125 0.2453125 0.3109375