11 0.2609375 0.2515625 0.040625 0.0265625
14 0.31015625 0.2515625 0.1296875 0.19921875
11 0.103125 0.2546875 0.04296875 0.01953125
11 0.29453125 0.26953125 0.0265625 0.02890625
11 0.9328125 0.28359375 0.04296875 0.03359375
14 0.53671875 0.51640625 0.4390625 0.9671875
11 0.271875 0.05390625 0.03828125 0.03125
10 0.2796875 0.5484375 0.05546875 0.0484375
13 0.50390625 0.08671875 0.18984375 0.071875
11 0.6328125 0.01171875 0.03125 0.0234375
10 0.8171875 0.13828125 0.09609375 0.12265625
8 0.5046875 0.1515625 0.134375 0.10078125
11 0.02734375 0.1671875 0.03125 0.0359375
13 0.30390625 0.1671875 0.06953125 0.0265625
11 0.1265625 0.1703125 0.03125 0.03359375
8 0.30390625 0.18984375 0.06015625 0.053125
11 0.05390625 0.22265625 0.021875 0.0265625
9 0.51796875 0.13203125 0.1109375 0.040625