13 0.12734375 0.31796875 0.12265625 0.1734375
8 0.04453125 0.36796875 0.0890625 0.1671875
14 0.12890625 0.34609375 0.2578125 0.2265625
2 0.5360563859375 0.459375 0.546875 0.42109375 0.55 0.37890625 0.54296875 0.3703125 0.5328125 0.43671875 0.52431640625 0.459375 0.5360563859375 0.459375
2 0.6508035718749999 0.459375 0.6453125 0.42734375 0.64375 0.35859375 0.63828125 0.346875 0.625 0.35078125 0.6234375 0.37109375 0.6384004234375 0.459375 0.6508035718749999 0.459375
14 0.13984375 0.70078125 0.2796875 0.2859375
8 0.07890625 0.7703125 0.0890625 0.103125
8 0.0421875 0.94296875 0.084375 0.1140625
14 0.13984375 0.91796875 0.2796875 0.1640625
12 0.696875 0.6493222890625 0.70078125 0.6826054218750001 0.7125 0.694352409375 0.823828125 0.6493222890625 0.8033203125 0.6405120484375 0.7720703125 0.607228915625 0.7349609375 0.6091867468750001 0.706640625 0.6277861453125 0.696875 0.6493222890625
12 0.558203125 0.5455572296875 0.530859375 0.527936746875 0.5005859375 0.4799698796875 0.4517578125 0.4701807234375 0.4224609375 0.48192771093750003 0.4 0.5122740968749999 0.3921875 0.5710090359375 0.401953125 0.5729668671875 0.4263671875 0.5621987953125 0.4595703125 0.5680722890625 0.4966796875 0.5465361453125 0.5259765625 0.5484939765625 0.5376953125 0.5602409640625 0.558203125 0.5455572296875
3 0.49483334062500006 0.5949755781249999 0.5103221828125 0.58832458125 0.4977835984375 0.5469406796875 0.4785046828125 0.555126528125 0.49483334062500006 0.5949755781249999
3 0.7527317234375 0.7186396343749999 0.7719051484375 0.704620946875 0.7527317234375 0.6791796437500001 0.7340764515625 0.68904463125 0.7527317234375 0.7186396343749999
8 0.349053040625 0.502566696875 0.3609716828125 0.49374010312500005 0.336636553125 0.47418515 0.291014509375 0.4932208921875 0.29982393281249997 0.5368345703124999 0.3588988703125 0.5633142984375 0.36874470000000004 0.5508532609375 0.3594170625 0.5368345703124999 0.349053040625 0.502566696875
8 0.820616103125 0.6925977640625 0.8268345 0.685847990625 0.8159522453125 0.6739061546875 0.78175101875 0.685847990625 0.7853784109374999 0.7180390265625001 0.8226888750000001 0.7330961390625 0.827352653125 0.7216735234375 0.8216524875000001 0.71440456875 0.820616103125 0.6925977640625
8 0.6174812375000001 0.7003859015625 0.6093851734375 0.6923902921874999 0.5594426875 0.7045395609374999 0.5998623921874999 0.76632561875 0.6148902328125001 0.753864559375 0.6128174203125 0.7066164125000001 0.6174812375000001 0.7003859015625