8 0.26796875 0.071875 0.13203125 0.13203125
14 0.184375 0.26484375 0.36875 0.5296875
11 0.0875 0.37109375 0.12734375 0.071875
14 0.68671875 0.26484375 0.2921875 0.5296875
7 0.465625 0.559375 0.04375 0.059375
7 0.60625 0.671875 0.04609375 0.07109375
14 0.4546875 0.70703125 0.103125 0.3546875
10 0.4953125 0.78046875 0.01953125 0.0765625
10 0.4390625 0.8015625 0.03828125 0.078125
10 0.5625 0.85390625 0.03671875 0.07890625
14 0.60859375 0.778125 0.1421875 0.44375
10 0.5765625 0.921875 0.05078125 0.084375
13 0.615625 0.57890625 0.059375 0.0515625