14 0.18515625 0.25 0.3703125 0.5
10 0.3703125 0.30234375 0.06953125 0.134375
7 0.178125 0.0234375 0.0875 0.046875
10 0.99140625 0.196875 0.0171875 0.040625
10 0.76875 0.20625 0.03828125 0.071875
10 0.8171875 0.21328125 0.01953125 0.04296875
10 0.6859375 0.21640625 0.021875 0.06015625
10 0.94921875 0.22265625 0.01953125 0.04296875
10 0.92890625 0.22421875 0.0265625 0.06015625
10 0.53359375 0.2296875 0.03359375 0.08671875
10 0.60078125 0.2375 0.01953125 0.03828125
10 0.5765625 0.23828125 0.01953125 0.05546875
13 0.859375 0.25 0.03125 0.03125
13 0.4484375 0.2703125 0.01875 0.025
8 0.8515625 0.28671875 0.05078125 0.06484375
10 0.71640625 0.2890625 0.01953125 0.0359375
13 0.6515625 0.29140625 0.08203125 0.040625
8 0.95859375 0.2921875 0.03359375 0.03359375
10 0.790625 0.32578125 0.03828125 0.0578125
8 0.65625 0.35234375 0.0625 0.0765625
10 0.92734375 0.359375 0.03359375 0.04296875
10 0.58125 0.403125 0.053125 0.09609375
14 0.94296875 0.34296875 0.1140625 0.3140625
14 0.84140625 0.33359375 0.1890625 0.3328125
14 0.62734375 0.3375 0.2328125 0.325
13 0.9578125 0.2625 0.040625 0.03828125
13 0.98203125 0.2359375 0.0359375 0.03125
13 0.62578125 0.25546875 0.04296875 0.0265625
13 0.446875 0.23984375 0.015625 0.0296875
13 0.28515625 0.60859375 0.0453125 0.03359375
10 0.33359375 0.646875 0.040625 0.071875
8 0.28515625 0.65390625 0.040625 0.0765625
13 0.0546875 0.6578125 0.0359375 0.021875
8 0.05078125 0.6890625 0.03359375 0.05546875
10 0.1546875 0.69375 0.03828125 0.05546875
10 0.2484375 0.72421875 0.04296875 0.04296875
13 0.184375 0.7375 0.040625 0.0359375
10 0.0453125 0.7625 0.0453125 0.04296875
8 0.18359375 0.77109375 0.03359375 0.0453125
10 0.43359375 0.8109375 0.0109375 0.05625
14 0.2890625 0.80390625 0.178125 0.3921875
10 0.16015625 0.8921875 0.03125 0.04296875
14 0.0890625 0.82109375 0.178125 0.3578125
2 0.7734375 0.75 0.453125 0.5