8 0.2328125 0.021875 0.084375 0.04375
11 0.41875 0.0640625 0.040625 0.084375
11 0.303125 0.125 0.07421875 0.07421875
10 0.09453125 0.2109375 0.1078125 0.05546875
14 0.24296875 0.3 0.3921875 0.6
12 0.5 0.04296875 0.040625 0.0296875
8 0.50703125 0.06953125 0.0203125 0.034375
10 0.55078125 0.10078125 0.03125 0.0265625
15 0.5375 0.25625 0.0375 0.0359375
15 0.53359375 0.31796875 0.0453125 0.0375
14 0.51328125 0.1828125 0.121875 0.309375
15 0.34765625 0.62109375 0.0609375 0.0421875
12 0.40703125 0.7796875 0.0640625 0.06875
15 0.3625 0.6796875 0.053125 0.053125
14 0.2140625 0.8 0.165625 0.4
14 0.3875 0.871875 0.103125 0.25625