10 0.2890625 0.03828125 0.02421875 0.040625
10 0.3171875 0.04296875 0.003125 0.0359375
10 0.0625 0.046875 0.03828125 0.071875
10 0.1109375 0.05390625 0.01953125 0.04296875
10 0.24296875 0.06328125 0.01953125 0.04296875
10 0.22265625 0.06484375 0.0265625 0.06015625
13 0.153125 0.090625 0.03125 0.03125
10 0.315625 0.11484375 0.00625 0.0265625
8 0.1453125 0.12734375 0.05078125 0.06484375
10 0.01015625 0.1296875 0.01953125 0.0359375
8 0.25234375 0.1328125 0.03359375 0.03359375
10 0.084375 0.16640625 0.03828125 0.0578125
10 0.22109375 0.2 0.03359375 0.04296875
14 0.246875 0.27265625 0.134375 0.4921875
14 0.13515625 0.26328125 0.1890625 0.5109375
15 0.22890625 0.4890625 0.0515625 0.059375
15 0.29765625 0.4953125 0.0421875 0.046875
15 0.309375 0.42109375 0.01875 0.0421875
13 0.2515625 0.103125 0.040625 0.03828125
13 0.27890625 0.0765625 0.040625 0.03125
13 0.3125 0.07578125 0.0125 0.0265625
2 0.8765625 0.31484375 0.246875 0.4078125
2 0.46796875 0.296875 0.2984375 0.44375
7 0.02265625 0.65078125 0.0453125 0.2359375
14 0.159375 0.759375 0.31875 0.48125
11 0.1890625 0.88203125 0.12265625 0.15390625
2 0.5769355296875001 0.51875 0.5765625 0.56015625 0.584375 0.61171875 0.59453125 0.6265625 0.64296875 0.61875 0.65625 0.67109375 0.6640625 0.67578125 0.6671875 0.63515625 0.6546875 0.59609375 0.64864501875 0.51875 0.636640625 0.51875 0.6390625 0.59140625 0.62109375 0.6 0.58671875 0.603125 0.5899890984375 0.51875 0.5769355296875001 0.51875
2 0.6796875 0.78046875 0.6671875 0.75546875 0.6609375 0.71640625 0.65078125 0.70625 0.63984375 0.7078125 0.6390625 0.71953125 0.6515625 0.73203125 0.659375 0.75546875 0.659375 0.78046875 0.6515625 0.80546875 0.6265625 0.83671875 0.6328125 0.86171875 0.61484375 0.86875 0.60078125 0.8828125 0.56875 0.82265625 0.5625 0.78046875 0.55703125 0.7890625 0.5484375 0.78046875 0.5609375 0.74296875 0.56875 0.67578125 0.55703125 0.659375 0.55 0.73515625 0.5328125 0.78046875 0.5390625 0.80234375 0.565625 0.81953125 0.5796875 0.88359375 0.59296875 0.8953125 0.603125 0.89609375 0.634375 0.87421875 0.6390625 0.84765625 0.6515625 0.83828125 0.6515625 0.82734375 0.6765625 0.79609375 0.6796875 0.78046875