8 0.42890625 0.065625 0.0890625 0.1203125
10 0.29296875 0.125 0.0671875 0.13671875
12 0.5 0.19375 0.21875 0.25625
8 0.4125 0.30703125 0.125 0.2234375
14 0.1265625 0.209375 0.253125 0.41875
10 0.28984375 0.37265625 0.1046875 0.0921875
14 0.47265625 0.24609375 0.2734375 0.3453125
12 0.50390625 0.03359375 0.1734375 0.0671875
4 0.4078125 0.253125 0.05390625 0.0765625
8 0.68515625 0.31328125 0.10078125 0.13203125
14 0.928125 0.25078125 0.14375 0.3359375
14 0.74765625 0.2859375 0.2765625 0.265625
13 0.68125 0.221875 0.14375 0.09375
13 0.9796875 0.12578125 0.040625 0.1109375
5 0.35078125 0.57421875 0.5171875 0.3109375
10 0.80625 0.48359375 0.19375 0.1296875
10 0.97890625 0.48359375 0.02890625 0.06953125
10 0.96328125 0.90390625 0.06484375 0.07421875