10 0.27265625 0.046875 0.06953125 0.05078125
14 0.2234375 0.2546875 0.446875 0.509375
15 0.07578125 0.47734375 0.1515625 0.0640625
15 0.27890625 0.4875 0.2203125 0.04375
0 1 0.136173353125 0.7353418171875 0.0583649296875 0.6837878296875 0.23014034374999998 0.7822090359375 0.41128536093749996 0.7700512953125 0.509375 0.9859053828125 0.509375 1 0.4941477359375 1 0.32195444375000004 0.9821757625 0.276988184375 1 0.1433630359375 1 0.136173353125
0 0.5390625 0.509375 0.6067447375 0.509375 0.7353418171875 0.3519447171875 0.6822256125 0.2488794921875 0.5775555390625 0.2332635453125 0.5390625 0.256731859375 0.5390625 0.509375
2 0.2125 0.7546875 0.18125 0.490625
2 0.409375 0.7890625 0.14375 0.421875
7 0.7375 0.60078125 0.01953125 0.04453125
14 0.6625 0.65859375 0.05859375 0.20390625
14 0.7359375 0.6671875 0.09140625 0.20859375
13 0.66171875 0.5640625 0.021875 0.01796875
13 0.7390625 0.56875 0.028125 0.01953125
11 0.6671875 0.66015625 0.01015625 0.02109375
11 0.659375 0.59921875 0.01015625 0.025
11 0.746875 0.57109375 0.01796875 0.02890625
8 0.66015625 0.5890625 0.015625 0.02109375