14 0.12421875 0.234375 0.2484375 0.46875
7 0.7953125 0.15234375 0.02578125 0.053125
7 0.86484375 0.178125 0.0234375 0.05703125
14 0.7890625 0.215625 0.06171875 0.215625
14 0.8859375 0.21796875 0.09609375 0.1875
7 0.7 0.27734375 0.04609375 0.10859375
7 0.4265625 0.296875 0.05703125 0.09609375
14 0.72734375 0.3140625 0.1328125 0.309375
14 0.45546875 0.31953125 0.1734375 0.2984375
13 0.40546875 0.209375 0.0734375 0.075
13 0.7140625 0.1875 0.07265625 0.065625
13 0.7984375 0.12265625 0.02421875 0.01953125
13 0.8671875 0.134375 0.02734375 0.0234375
11 0.928125 0.25 0.02734375 0.03203125
11 0.7859375 0.1828125 0.01640625 0.01953125
15 0.79296875 0.3546875 0.02265625 0.040625
2 0.12578125 0.734375 0.1828125 0.53125
13 0.4140625 0.5 0.0203125 0.01796875
13 0.77734375 0.50390625 0.0296875 0.01640625
8 0.41484375 0.528125 0.01875 0.03203125
13 0.61875 0.53125 0.0515625 0.0359375
7 0.76875 0.53671875 0.0328125 0.046875
11 0.7859375 0.53828125 0.01640625 0.04140625
11 0.434375 0.58203125 0.02265625 0.0234375
14 0.43125 0.5921875 0.08125 0.2234375
7 0.609375 0.59296875 0.0578125 0.0984375
11 0.746875 0.60859375 0.02109375 0.03203125
14 0.73828125 0.6453125 0.1328125 0.271875
14 0.60859375 0.7578125 0.1359375 0.484375
10 0.60234375 0.9375 0.03125 0.084375