14 0.5375 0.284375 0.125 0.56875
14 0.121875 0.284375 0.24375 0.56875
14 0.34921875 0.28828125 0.2234375 0.5609375
10 0.2484375 0.4296875 0.07421875 0.0984375
10 0.346875 0.44609375 0.06484375 0.11328125
10 0.49375 0.46640625 0.06953125 0.10546875
11 0.3265625 0.49765625 0.0578125 0.08671875
10 0.53359375 0.5234375 0.0640625 0.090625
8 0.540625 0.0578125 0.065625 0.115625
8 0.14140625 0.06328125 0.1234375 0.1265625
11 0.66875 0.07109375 0.1 0.1421875
7 0.8078125 0.11640625 0.134375 0.2328125
11 0.87265625 0.14609375 0.0984375 0.18515625
11 0.99140625 0.19375 0.0171875 0.09375
11 0.85703125 0.27109375 0.053125 0.0984375
14 0.7796875 0.284375 0.359375 0.56875
9 0.83671875 0.03515625 0.1296875 0.0703125
14 0.45078125 0.784375 0.2984375 0.43125
14 0.15 0.784375 0.3 0.43125
11 0.30703125 0.76328125 0.14921875 0.1390625
11 0.53984375 0.76484375 0.1203125 0.1453125
12 0.659375 0.8265625 0.0453125 0.0484375
14 0.77265625 0.92734375 0.0765625 0.1453125
12 0.60390625 0.93828125 0.0078125 0.0296875
14 0.67109375 0.8984375 0.1421875 0.203125
11 0.6203125 0.9953125 0.0125 0.009375
14 0.94609375 0.940625 0.1046875 0.11875