8 0.30078125 0.1625 0.1359375 0.2625
14 0.24140625 0.284375 0.2546875 0.56875
13 0.28984375 0.03046875 0.1578125 0.0609375
4 0.32265625 0.11953125 0.0875 0.0875
2 0.742728365625 0.56875 0.7484375 0.52421875 0.7484375 0.51015625 0.73828125 0.4921875 0.7315913234375 0.56875 0.742728365625 0.56875
2 0.8431640625 0.56875 0.834375 0.54765625 0.81328125 0.5234375 0.8109375 0.54609375 0.8241536453125 0.56875 0.8431640625 0.56875
2 0.8203125 0.42890625 0.79765625 0.4390625 0.76953125 0.4421875 0.76875 0.44765625 0.78046875 0.4609375 0.82421875 0.4578125 0.83125 0.48203125 0.840625 0.48828125 0.8453125 0.45859375 0.8328125 0.41328125 0.8265625 0.33046875 0.82109375 0.328125 0.8125 0.33828125 0.8203125 0.42890625
13 0.25078125 0.596875 0.1484375 0.05625
11 0.34140625 0.64609375 0.0546875 0.1546875
11 0.3140625 0.68515625 0.09140625 0.2015625
14 0.16875 0.784375 0.3375 0.43125
11 0.26171875 0.884375 0.1984375 0.23125
5 0.64375 0.7640625 0.55 0.390625
5 0.709375 0.67890625 0.58125 0.2203125