11 0.2359375 0.04921875 0.053125 0.0984375
13 0.2875 0.13359375 0.06484375 0.0453125
13 0.121875 0.1484375 0.06484375 0.05546875
13 0.45859375 0.1828125 0.0828125 0.053125
8 0.28125 0.190625 0.0625 0.08671875
8 0.11796875 0.20234375 0.071875 0.09140625
8 0.4640625 0.25625 0.071875 0.103125
11 0.44140625 0.0109375 0.0796875 0.021875
14 0.08125 0.3078125 0.1625 0.3625
14 0.2734375 0.2734375 0.2046875 0.34140625
14 0.45625 0.32578125 0.0875 0.3265625
2 0.95078125 0.43515625 0.0984375 0.1078125
5 0.25 0.87578125 0.5 0.2484375
8 0.7578125 0.4984375 0.053125 0.01875
13 0.696875 0.4953125 0.040625 0.0125
8 0.59609375 0.5015625 0.0484375 0.025
8 0.93984375 0.50546875 0.0328125 0.0328125
10 0.68671875 0.56640625 0.0171875 0.021875
10 0.9453125 0.590625 0.02890625 0.0453125
10 0.58359375 0.60703125 0.0359375 0.040625
10 0.71953125 0.628125 0.03828125 0.0578125
10 0.884375 0.6484375 0.021875 0.040625
14 0.53125 0.68359375 0.0625 0.3890625
10 0.715625 0.67109375 0.0265625 0.03359375
14 0.61875 0.73828125 0.1375 0.4984375
14 0.9359375 0.73203125 0.1125 0.4859375
14 0.79296875 0.74453125 0.1609375 0.5109375
10 0.84921875 0.77890625 0.02890625 0.04296875
15 0.87578125 0.94375 0.0625 0.06015625
15 0.97109375 0.925 0.0578125 0.053125
15 0.5125 0.93828125 0.025 0.0546875
15 0.65703125 0.934375 0.05546875 0.04296875
15 0.51640625 0.82890625 0.0328125 0.0359375