14 0.34609375 0.3296875 0.3078125 0.659375
2 1 0.29833984375 0.99921875 0.2984375 0.9859375 0.29140625 0.9953125 0.20703125 0.990625 0.18046875 0.98046875 0.1703125 0.975 0.18515625 0.984375 0.30078125 1 0.3204823375 1 0.29833984375
2 1 0.57921875 0.99765625 0.5796875 0.9859375 0.56484375 0.9671875 0.51640625 0.9625 0.48359375 0.96015625 0.4796875 0.95390625 0.484375 0.9453125 0.47578125 0.96875 0.37734375 0.96875 0.36328125 0.95859375 0.359375 0.9515625 0.37890625 0.9484375 0.42578125 0.93125 0.46484375 0.93125 0.48203125 0.94453125 0.5046875 0.9625 0.51015625 0.9671875 0.54921875 0.978125 0.57890625 0.98828125 0.590625 1 0.59140625 1 0.57921875
8 0.0546875 0.88359375 0.109375 0.2234375
14 0.1984375 0.8296875 0.396875 0.340625
13 0.07890625 0.71171875 0.1578125 0.1046875
4 0.053125 0.82734375 0.10625 0.0796875
3 0.13125 0.86875 0.05 0.09921875
8 0.69140625 0.8625 0.09375 0.146875
8 0.54140625 0.8953125 0.0828125 0.18125
11 0.584375 0.95078125 0.02890625 0.053125
11 0.6078125 0.9578125 0.025 0.084375
14 0.80390625 0.83828125 0.3921875 0.3234375
14 0.59375 0.89296875 0.1875 0.2140625
13 0.54453125 0.79375 0.0890625 0.071875
13 0.7359375 0.74765625 0.18515625 0.13671875