14 0.2046875 0.23984375 0.409375 0.4796875
11 0.64296875 0.075 0.10078125 0.146875
7 0.78125 0.11953125 0.134375 0.2390625
11 0.84609375 0.15234375 0.0984375 0.18515625
11 0.9765625 0.2 0.03828125 0.09375
11 0.83046875 0.27734375 0.053125 0.0984375
14 0.6890625 0.23984375 0.4875 0.4796875
9 0.81015625 0.03828125 0.1296875 0.0765625
1 0.13046875 0.7484375 0.2578125 0.503125
10 0.9203125 0.55546875 0.02421875 0.040625
10 0.95390625 0.56015625 0.0140625 0.0359375
10 0.69375 0.5640625 0.03828125 0.071875
10 0.7421875 0.57109375 0.01953125 0.04296875
10 0.6109375 0.57421875 0.021875 0.06015625
10 0.87421875 0.58046875 0.01953125 0.04296875
10 0.85390625 0.58203125 0.0265625 0.06015625
10 0.45859375 0.5875 0.03359375 0.08671875
10 0.52578125 0.5953125 0.01953125 0.03828125
10 0.5015625 0.59609375 0.01953125 0.05546875
13 0.784375 0.6078125 0.03125 0.03125
10 0.95390625 0.63203125 0.01953125 0.0265625
8 0.7765625 0.64453125 0.05078125 0.06484375
10 0.64140625 0.646875 0.01953125 0.0359375
13 0.5765625 0.64921875 0.08203125 0.040625
8 0.88359375 0.65 0.03359375 0.03359375
10 0.715625 0.68359375 0.03828125 0.0578125
8 0.58125 0.71015625 0.0625 0.0765625
10 0.85234375 0.7171875 0.03359375 0.04296875
10 0.50625 0.7609375 0.053125 0.09609375
14 0.878125 0.771875 0.134375 0.45625
14 0.76640625 0.7625 0.1890625 0.475
14 0.55234375 0.76640625 0.2328125 0.4671875
15 0.86015625 0.98828125 0.0515625 0.0234375
15 0.9546875 0.9390625 0.0453125 0.04296875
15 0.9828125 0.88828125 0.034375 0.0453125
15 0.47265625 0.87109375 0.02890625 0.0359375
13 0.8828125 0.6203125 0.040625 0.03828125
13 0.91015625 0.59375 0.040625 0.03125
13 0.95390625 0.59375 0.03125 0.0265625
13 0.97734375 0.5890625 0.021875 0.021875
13 0.55078125 0.61328125 0.04296875 0.0265625
14 0.9671875 0.740625 0.040625 0.31015625