7 0.27890625 0.1921875 0.0796875 0.153125
14 0.159375 0.35 0.31875 0.7
10 0.1078125 0.46953125 0.0890625 0.071875
10 0.03515625 0.5171875 0.0703125 0.125
9 0.265625 0.14609375 0.09375 0.11796875
13 0.278125 0.05859375 0.08125 0.1171875
5 0.6125 0.41015625 0.5734375 0.31015625
5 0.76484375 0.5734375 0.4703125 0.253125
12 0.03203125 0.83046875 0.0640625 0.0453125
12 0.11796875 0.88828125 0.03125 0.0328125
8 0.00859375 0.86484375 0.0171875 0.0484375
14 0.0546875 0.89921875 0.109375 0.2015625
14 0.13984375 0.9328125 0.0859375 0.134375
0 0.659375 0.85 0.68125 0.3