8 0.296875 0.0609375 0.1875 0.121875
10 0.1703125 0.0953125 0.16796875 0.15390625
14 0.27109375 0.3 0.4890625 0.6
10 0.26640625 0.46953125 0.15859375 0.0890625
10 0.58984375 0.0796875 0.0796875 0.159375
14 0.77265625 0.26953125 0.4453125 0.5390625
10 0.63515625 0.3828125 0.14921875 0.21640625
1 0.21328125 0.8 0.4265625 0.4
8 0.671875 0.74921875 0.1390625 0.165625
10 0.61640625 0.89296875 0.1328125 0.2140625
10 0.78671875 0.940625 0.1390625 0.11875
14 0.775 0.8 0.45 0.4
13 0.6765625 0.64609375 0.25 0.0921875
4 0.66796875 0.721875 0.1328125 0.0671875