14 0.071875 0.26015625 0.14375 0.5203125
11 0.2078125 0.2796875 0.05078125 0.1296875
11 0.48671875 0.30859375 0.06015625 0.0484375
11 0.57109375 0.36328125 0.0171875 0.0859375
11 0.39921875 0.4046875 0.04296875 0.08203125
13 0.23828125 0.43828125 0.10078125 0.10078125
11 0.11640625 0.453125 0.0265625 0.0671875
13 0.5359375 0.46796875 0.0875 0.1328125
13 0.0578125 0.028125 0.0671875 0.05546875
11 0.56953125 0.63203125 0.0203125 0.0140625
13 0.2875 0.58046875 0.153125 0.1171875
11 0.02109375 0.63203125 0.0421875 0.0140625
8 0.059375 0.08828125 0.05078125 0.07421875
11 0.0625 0.2 0.02890625 0.0484375
5 0.78984375 0.403125 0.4203125 0.471875
14 0.28984375 0.81953125 0.5796875 0.3609375
2 0.63668926875 1 0.62265625 0.89375 0.6078125 0.91171875 0.6109375 0.96328125 0.5953125 0.96484375 0.59609375 0.9703125 0.615625 0.96796875 0.6125 0.97421875 0.6203125 0.99296875 0.619178428125 1 0.63668926875 1