10 0.1453125 0.025 0.034375 0.05
10 0.42265625 0.0546875 0.04296875 0.08203125
10 0.0265625 0.0859375 0.0453125 0.0765625
10 0.2640625 0.090625 0.03359375 0.09140625
14 0.5 0.23984375 0.1375 0.4796875
14 0.19765625 0.23984375 0.1578125 0.4796875
14 0.3640625 0.23984375 0.14375 0.4796875
14 0.06953125 0.23984375 0.1328125 0.4796875
10 0.23359375 0.315625 0.040625 0.084375
0 0.14140625 0.8171875 0.046875 0.10078125
7 0.71328125 0.559375 0.05078125 0.071875
7 0.8359375 0.56640625 0.0453125 0.08671875
7 0.6015625 0.5703125 0.0484375 0.0796875
14 0.71953125 0.746875 0.1421875 0.50625
14 0.86640625 0.75859375 0.1609375 0.4828125
10 0.7796875 0.8328125 0.02890625 0.0578125
10 0.684375 0.83828125 0.03125 0.053125
10 0.9203125 0.8671875 0.021875 0.0484375
10 0.78984375 0.87265625 0.021875 0.06953125
13 0.5984375 0.5328125 0.059375 0.040625
13 0.71328125 0.5109375 0.06484375 0.0453125
13 0.83125 0.5359375 0.06484375 0.0359375
9 0.83828125 0.5578125 0.06484375 0.03125