10 0.15234375 0.1703125 0.146875 0.16328125
14 0.76015625 0.225 0.4609375 0.45
10 0.70859375 0.3265625 0.103125 0.1875
10 0.94609375 0.409375 0.0734375 0.08125
7 0.13359375 0.49453125 0.0921875 0.0890625
13 0.325 0.56015625 0.0890625 0.0765625
7 0.3515625 0.640625 0.11328125 0.12734375
14 0.10625 0.725 0.2125 0.55
14 0.39921875 0.725 0.2609375 0.55
11 0.30390625 0.828125 0.06953125 0.06484375
11 0.11640625 0.87578125 0.06015625 0.06953125
10 0.28671875 0.88203125 0.07421875 0.09140625
0 1 0.45 0.5296875 0.45 0.5296875 0.46175507031249996 0.7197155203125 0.7269194156250001 1 0.9674294124999999 1 0.45
0 0.5296875 0.45 0.5296875 1 0.7982317218749999 1 0.8072009703124999 0.9861441656250001 0.6837839375 0.7534664765625 0.540724409375 0.45 0.5296875 0.45