13 0.209375 0.18359375 0.41875 0.3671875
13 0.4390625 0.1984375 0.059375 0.28125
8 0.24921875 0.36796875 0.2953125 0.2234375
3 0.13203125 0.45234375 0.0953125 0.0546875
11 0.9390625 0.03671875 0.090625 0.0734375
14 0.734375 0.23984375 0.53125 0.4796875
15 0.68671875 0.453125 0.2046875 0.053125
0 0.2453125 0.70703125 0.446875 0.4546875
11 0.96640625 0.925 0.0671875 0.08125
14 0.734375 0.73984375 0.53125 0.5203125
13 0.58515625 0.51875 0.15859375 0.06484375
8 0.5703125 0.59453125 0.0765625 0.09140625