14 0.08203125 0.0484375 0.1203125 0.096875
11 0.2265625 0.10859375 0.10078125 0.1609375
11 0.57265625 0.1109375 0.0140625 0.071875
13 0.11796875 0.14765625 0.071875 0.04296875
11 0.47421875 0.18984375 0.02890625 0.05078125
8 0.10390625 0.21640625 0.08671875 0.12265625
11 0.34921875 0.22109375 0.0140625 0.05078125
11 0.37890625 0.22109375 0.0265625 0.0453125
13 0.3296875 0.340625 0.08671875 0.0671875
13 0.42578125 0.375 0.0578125 0.040625
14 0.0859375 0.3875 0.146875 0.503125
9 0.54609375 0.53359375 0.05078125 0.05546875
13 0.55546875 0.49453125 0.0484375 0.0796875
8 0.5453125 0.55546875 0.0453125 0.0765625
8 0.42265625 0.43046875 0.05078125 0.0578125
9 0.30703125 0.415625 0.09375 0.06015625
1 0.86171875 0.23046875 0.2765625 0.4609375
1 0.80859375 0.81953125 0.3828125 0.3609375
4 0.903125 0.759375 0.19375 0.240625