10 0.3640625 0.02109375 0.146875 0.0421875
10 0.39921875 0.05625 0.1359375 0.1125
14 0.54609375 0.2296875 0.1859375 0.459375
14 0.17265625 0.2296875 0.3171875 0.459375
11 0.27109375 0.4203125 0.03359375 0.07421875
11 0.13203125 0.4421875 0.0984375 0.034375
14 0.67109375 0.1796875 0.0640625 0.359375
15 0.6484375 0.3046875 0.01875 0.059375
13 0.321875 0.55234375 0.02734375 0.0390625
11 0.32734375 0.57109375 0.0140625 0.04609375
14 0.2859375 0.66640625 0.13515625 0.2859375
14 0.03984375 0.7765625 0.0796875 0.446875
11 0.325 0.559375 0.01796875 0.0359375
15 0.02421875 0.67734375 0.03359375 0.05
2 0.7796875 0.64296875 0.77421875 0.6234375 0.7625 0.65546875 0.73125 0.67421875 0.72890625 0.690625 0.715625 0.68828125 0.6875 0.61484375 0.68359375 0.5484375 0.6734375 0.59453125 0.66328125 0.5984375 0.6515625 0.58515625 0.66875 0.48515625 0.66875 0.47109375 0.66015625 0.46875 0.6390625 0.59140625 0.65546875 0.61875 0.678125 0.62265625 0.6890625 0.68046875 0.7078125 0.71796875 0.7203125 0.72109375 0.73203125 0.6953125 0.76796875 0.6796875 0.76875 0.71171875 0.77734375 0.7140625 0.7921875 0.65390625 0.7796875 0.64296875