12 0.0203125 0.19296875 0.040625 0.0546875
8 0.0203125 0.22578125 0.03125 0.0390625
11 0.05703125 0.35546875 0.0390625 0.0390625
11 0.084375 0.3109375 0.025 0.03125
14 0.0375 0.2703125 0.075 0.21875
14 0.82578125 0.14296875 0.3484375 0.2859375
8 0.64921875 0.08515625 0.1296875 0.103125
10 0.96171875 0.18125 0.053125 0.06953125
10 0.9375 0.21484375 0.053125 0.0796875
14 0.73046875 0.18984375 0.3421875 0.3796875
10 0.7578125 0.325 0.08203125 0.07421875
10 0.88359375 0.3265625 0.05546875 0.08203125
15 0.97421875 0.228125 0.0515625 0.065625
12 0.63828125 0.028125 0.1578125 0.05625
5 0.07109375 0.73203125 0.1421875 0.5359375
5 0.2375 0.71484375 0.28828125 0.53984375
5 0.41328125 0.6984375 0.2921875 0.534375
13 0.7234375 0.43203125 0.09140625 0.071875
13 0.9421875 0.4890625 0.0578125 0.04296875
8 0.72578125 0.496875 0.0578125 0.09609375
8 0.95625 0.53046875 0.03828125 0.0671875
10 0.94453125 0.61796875 0.03359375 0.05078125
10 0.7 0.64921875 0.05078125 0.06484375
14 0.68984375 0.70703125 0.2390625 0.5859375
14 0.9296875 0.72734375 0.140625 0.5453125
10 0.97578125 0.79921875 0.04296875 0.0671875
10 0.73984375 0.9234375 0.071875 0.0984375
9 0.73359375 0.48125 0.0625 0.040625