12 0.046875 0.39609375 0.046875 0.0453125
8 0.63203125 0.32890625 0.021875 0.0328125
8 0.69921875 0.36640625 0.025 0.03125
8 0.75625 0.34921875 0.025 0.0328125
8 0.8 0.334375 0.0265625 0.0328125
8 0.84296875 0.35078125 0.021875 0.025
8 0.89453125 0.3546875 0.025 0.025
8 0.93984375 0.36640625 0.0234375 0.0296875
8 0.97734375 0.3234375 0.028125 0.0296875
13 0.63125 0.30390625 0.025 0.0203125
13 0.69921875 0.34453125 0.028125 0.025
13 0.75546875 0.3296875 0.028125 0.025
13 0.79921875 0.31328125 0.0296875 0.0234375
13 0.84375 0.33125 0.0296875 0.0234375
13 0.89296875 0.3359375 0.0265625 0.021875
13 0.93828125 0.346875 0.025 0.01875
13 0.97578125 0.30390625 0.034375 0.025
14 0.69609375 0.371875 0.0796875 0.09375
14 0.76171875 0.36484375 0.0765625 0.1078125
14 0.80234375 0.359375 0.0734375 0.11875
14 0.85078125 0.36484375 0.0671875 0.1078125
14 0.89921875 0.3703125 0.0578125 0.096875
14 0.94609375 0.3765625 0.0703125 0.084375
5 0.57734375 0.9375 0.0828125 0.125
5 0.78359375 0.89140625 0.3296875 0.2171875
5 0.8203125 0.92109375 0.359375 0.1578125