8 0.2453125 0.028125 0.05 0.05625
8 0.37265625 0.04375 0.0265625 0.034375
8 0.34765625 0.06171875 0.0234375 0.0421875
13 0.3703125 0.01640625 0.0375 0.0265625
13 0.32890625 0.0234375 0.0546875 0.0375
15 0.36015625 0.3484375 0.0453125 0.04375
15 0.05390625 0.39375 0.0421875 0.053125
14 0.04375 0.26953125 0.0875 0.5390625
14 0.2546875 0.26953125 0.178125 0.5390625
14 0.3671875 0.19609375 0.0875 0.3921875
4 0.24453125 0.00859375 0.0421875 0.0171875
8 0.8234375 0.0390625 0.15625 0.078125
10 0.62265625 0.11484375 0.09375 0.209375
14 0.75 0.26953125 0.5 0.5390625
10 0.70078125 0.3328125 0.1203125 0.178125
10 0.35390625 0.73125 0.146875 0.16328125
14 0.71875 0.76953125 0.5625 0.4609375