14 0.08203125 0.2796875 0.1640625 0.559375
14 0.29765625 0.2796875 0.1421875 0.559375
8 0.9421875 0.046875 0.115625 0.09375
14 0.85 0.2796875 0.3 0.559375
14 0.52578125 0.2796875 0.3140625 0.559375
11 0.865625 0.53125 0.10625 0.05625
11 0.31484375 0.86953125 0.09140625 0.0796875
10 0.22890625 0.89296875 0.0359375 0.05546875
10 0.1796875 0.903125 0.053125 0.06953125
14 0.31015625 0.7796875 0.1171875 0.440625
11 0.2359375 0.95703125 0.11875 0.0859375
14 0.15078125 0.8015625 0.3015625 0.396875
13 0.1453125 0.61953125 0.0984375 0.09375
5 0.73046875 0.72578125 0.4265625 0.3328125