8 0.3453125 0.0765625 0.11875 0.140625
16 0.2734375 0.3984375 0.496875 0.4625
11 0.471875 0.51796875 0.134375 0.1171875
12 0.2828125 0.0203125 0.309375 0.040625
14 0.2875 0.31484375 0.575 0.6296875
12 0.80703125 0.08828125 0.1203125 0.103125
12 0.71640625 0.21875 0.0875 0.1109375
14 0.8265625 0.33046875 0.1875 0.5984375
16 0.828125 0.4390625 0.15625 0.38125
9 0.7 0.26328125 0.0515625 0.03671875
9 0.7859375 0.15703125 0.0625 0.05546875
1 0.703125 0.378125 0.05703125 0.1015625
9 0.325 0.94296875 0.346875 0.1140625
5 0.64921875 0.81953125 0.0984375 0.3609375
5 0.82890625 0.85078125 0.3421875 0.2984375