15 0.01953125 0.5015625 0.0328125 0.015625
15 0.07734375 0.50546875 0.0421875 0.0078125
12 0.25078125 0.2046875 0.0421875 0.0375
13 0.01171875 0.18203125 0.0234375 0.0265625
13 0.1109375 0.18984375 0.034375 0.0359375
14 0.02265625 0.33125 0.0453125 0.35625
14 0.115625 0.3375 0.10625 0.34375
14 0.2546875 0.3421875 0.0875 0.334375
11 0.01484375 0.30859375 0.0296875 0.0359375
10 0.63984375 0.21328125 0.1109375 0.0796875
15 0.728125 0.46171875 0.15625 0.08828125
15 0.865625 0.45546875 0.10390625 0.08984375
14 0.7921875 0.2546875 0.415625 0.509375
5 0.184375 0.7546875 0.36875 0.490625
1 0.5953125 0.77109375 0.453125 0.4578125