9 0.08125 0.29375 0.053125 0.028125
8 0.084375 0.31484375 0.053125 0.0640625
12 0.10546875 0.25859375 0.0796875 0.0765625
12 0.04453125 0.290625 0.0609375 0.059375
14 0.10390625 0.3328125 0.1609375 0.234375
5 0.6546875 0.28203125 0.690625 0.3359375
14 0.13515625 0.58515625 0.2703125 0.2703125
10 0.17265625 0.615625 0.053125 0.06953125
10 0.1484375 0.64921875 0.053125 0.0796875
14 0.05625 0.725 0.1125 0.55
10 0.09453125 0.7609375 0.05546875 0.08203125
15 0.1484375 0.85078125 0.15625 0.115625
15 0.2171875 0.66328125 0.115625 0.06484375
14 0.69765625 0.71953125 0.2828125 0.5390625