8 0.3609375 0.35546875 0.075 0.1328125
8 0.65234375 0.28125 0.0890625 0.146875
12 0.328125 0.2359375 0.184375 0.1625
13 0.6953125 0.1390625 0.171875 0.115625
11 0.51171875 0.83203125 0.1140625 0.1453125
11 0.6890625 0.946875 0.128125 0.10625
11 0.2015625 0.66953125 0.1125 0.1453125
14 0.334375 0.5734375 0.328125 0.853125
14 0.7375 0.546875 0.36875 0.90625
3 0.28359375 0.328125 0.03359375 0.059375
3 0.7125 0.24375 0.040625 0.084375
4 0.6359375 0.23359375 0.059375 0.0484375
4 0.3609375 0.315625 0.06953125 0.04609375