2 0.3974591125 0 0.390625 0.03046875 0.39375 0.08984375 0.4 0.11640625 0.40625 0.11171875 0.409375 0.15078125 0.40546875 0.159375 0.39765625 0.15 0.3953125 0.16484375 0.4015625 0.21484375 0.41015625 0.21875 0.4203125 0.20234375 0.41875 0.17265625 0.434375 0.16328125 0.4265625 0.15078125 0.425 0.12734375 0.445454178125 0 0.3974591125 0
2 0.45644384374999997 0 0.48125 0.08046875 0.4515625 0.15078125 0.46015625 0.1484375 0.48359375 0.11875 0.48828125 0.1328125 0.4984375 0.12734375 0.49375 0.14140625 0.4875 0.13984375 0.4875 0.14921875 0.4953125 0.14765625 0.49140625 0.15625 0.4875 0.15390625 0.4859375 0.19609375 0.503125 0.25390625 0.515625 0.24140625 0.515625 0.23046875 0.496875 0.19609375 0.503125 0.01640625 0.4979191703125 0 0.45644384374999997 0
7 0.8953125 0.0640625 0.02578125 0.034375
14 0.82734375 0.12734375 0.0890625 0.23359375
14 0.9109375 0.1390625 0.06484375 0.24296875
13 0.8546875 0.2515625 0.05859375 0.04296875
13 0.815625 0.02734375 0.028125 0.021875
13 0.8984375 0.03203125 0.0265625 0.0234375
11 0.89765625 0.15546875 0.015625 0.0265625
11 0.89453125 0.15 0.0125 0.01796875
1 0.2015625 0.63984375 0.403125 0.7203125
5 0.74453125 0.69296875 0.4296875 0.3015625