2 0.3484375 0.20078125 0.34296875 0.190625 0.33125 0.20390625 0.296875 0.08359375 0.28828125 0.075 0.275 0.10859375 0.28125 0.15390625 0.2734375 0.24453125 0.2765625 0.36953125 0.28515625 0.378125 0.29140625 0.35625 0.31015625 0.3734375 0.3203125 0.37421875 0.3375 0.42265625 0.35625 0.43671875 0.365625 0.47109375 0.3796875 0.48359375 0.3875 0.47109375 0.390625 0.39921875 0.3546875 0.24140625 0.35078125 0.234375 0.346875 0.23984375 0.3484375 0.20078125
5 0.74453125 0.2359375 0.5109375 0.278125
7 0.33203125 0.75078125 0.01875 0.034375
14 0.31484375 0.79375 0.0671875 0.17109375
14 0.38046875 0.8390625 0.1203125 0.321875
7 0.0640625 0.87734375 0.040625 0.10390625
14 0.09296875 0.87890625 0.1859375 0.2421875
13 0.075 0.7890625 0.06484375 0.053125
13 0.33125 0.7234375 0.02109375 0.01796875
13 0.390625 0.7078125 0.0265625 0.0234375
11 0.3828125 0.7078125 0.01796875 0.0265625
11 0.32109375 0.7734375 0.015625 0.01953125
1 0.6609375 0.70546875 0.2125 0.1328125