12 0.403125 0.0625 0.078125 0.046875
12 0.43125 0.0125 0.05625 0.025
12 0.5046875 0.0109375 0.053125 0.021875
12 0.5484375 0.01328125 0.0625 0.0265625
8 0.54296875 0.028125 0.03125 0.0234375
8 0.43125 0.02421875 0.0265625 0.01875
8 0.50703125 0.01953125 0.028125 0.021875
15 0.25234375 0.2296875 0.053125 0.03125
14 0.25859375 0.1265625 0.0953125 0.253125
14 0.37421875 0.1890625 0.1359375 0.3
14 0.51015625 0.103125 0.0828125 0.20625
14 0.5453125 0.1953125 0.06875 0.2875
11 0.26953125 0.1125 0.0296875 0.025
14 0.63125 0.16953125 0.103125 0.3390625
9 0.2546875 0.4078125 0.2546875 0.1203125
8 0.2953125 0.46484375 0.18515625 0.21640625
14 0.278125 0.66953125 0.534375 0.6609375
3 0.14375 0.4703125 0.05546875 0.1203125
12 0.96640625 0.61015625 0.0671875 0.1015625
14 0.87734375 0.78203125 0.2453125 0.4359375