7 0.84765625 0.034375 0.1921875 0.06875
14 0.6703125 0.13984375 0.659375 0.2796875
9 0.25703125 0.6671875 0.1046875 0.0375
14 0.1546875 0.7765625 0.309375 0.446875
10 0.05859375 0.70859375 0.1171875 0.1390625
13 0.24765625 0.61171875 0.1234375 0.0828125
7 0.26171875 0.67734375 0.0953125 0.0765625
9 0.53671875 0.48828125 0.14609375 0.03046875
7 0.52421875 0.50625 0.11875 0.06953125
10 0.3453125 0.5625 0.071875 0.084375
10 0.71484375 0.58125 0.13671875 0.08203125
13 0.546875 0.453125 0.15390625 0.0484375
14 0.55390625 0.7109375 0.4890625 0.578125