11 0.15 0.05 0.0625 0.09375
13 0.44375 0.125 0.090625 0.11875
13 0.21484375 0.26015625 0.1140625 0.1078125
14 0.0671875 0.3078125 0.134375 0.521875
14 0.4375 0.31796875 0.103125 0.5015625
14 0.28359375 0.38046875 0.2921875 0.3765625
8 0.0109375 0.1375 0.021875 0.096875
10 0.9765625 0.54609375 0.046875 0.0453125
0 0.4890625 0.56875 0.29820741093750003 0.56875 0.255659221875 0.7941621046874999 0.2103542203125 0.9768688125 0.262544115625 1 0.414972553125 1 0.4890625 0.9045627484375001 0.4890625 0.56875
0 0 0.56875 0 1 0.22621464218749998 1 0.14942693125 0.7113975984375001 0.1169936140625 0.56875 0 0.56875
8 0.8265625 0.61015625 0.346875 0.0828125