12 0.43671875 0.0546875 0.0640625 0.109375
12 0.39140625 0.04296875 0.0796875 0.0859375
12 0.1890625 0.0640625 0.059375 0.096875
12 0.04140625 0.0671875 0.0546875 0.078125
11 0.03203125 0.20390625 0.0328125 0.0359375
11 0.11953125 0.1984375 0.0359375 0.040625
11 0.18125 0.24375 0.03125 0.04375
11 0.27109375 0.2390625 0.0328125 0.040625
11 0.3796875 0.2828125 0.034375 0.046875
11 0.45078125 0.1640625 0.0359375 0.053125
15 0.4546875 0.3453125 0.028125 0.078125
14 0.075 0.18671875 0.15 0.3359375
14 0.228125 0.1890625 0.175 0.378125
14 0.4046875 0.1984375 0.128125 0.396875
14 0.88828125 0.18984375 0.2234375 0.3796875
15 0.92578125 0.32578125 0.11640625 0.05546875
15 0.9640625 0.34296875 0.071875 0.0640625
10 0.83984375 0.01015625 0.0953125 0.0203125
2 0.25 0.78828125 0.25 0.91796875 0.2421875 0.92265625 0.23125 0.95390625 0.2109375 0.97109375 0.2109375 0.98359375 0.2203125 0.98828125 0.24375 0.96328125 0.2515625 0.91953125 0.26328125 0.9171875 0.2671875 0.91015625 0.25859375 0.7828125 0.25 0.78828125
2 0.1725260421875 1 0.1640625 0.98046875 0.15625 0.93359375 0.140625 0.91796875 0.1515625 0.89140625 0.1625 0.81953125 0.1625 0.80859375 0.15234375 0.8015625 0.14375 0.83828125 0.14375 0.87109375 0.128125 0.90234375 0.1265625 0.91953125 0.13125 0.93671875 0.1546875 0.95234375 0.1618359375 1 0.1725260421875 1
2 0.2296875 0.72578125 0.196875 0.7369312499999999 0.1798296875 0.6914765625 0.184090625 0.61193125 0.1698859375 0.6076703125 0.16704531250000001 0.634659375 0.168465625 0.650284375 0.165625 0.6900562499999999 0.1875 0.74140625 0.20390625 0.7515625 0.228125 0.75078125 0.234375 0.73203125 0.246875 0.72265625 0.23828125 0.6203125 0.23046875 0.6203125 0.2265625 0.62734375 0.2296875 0.72578125