14 0.06171875 0.63984375 0.1234375 0.7203125
4 0.03125 0.63046875 0.0625 0.1734375
9 0.61953125 0.35859375 0.08671875 0.02734375
10 0.671875 0.63203125 0.11953125 0.0703125
15 0.54609375 0.75078125 0.11328125 0.06015625
15 0.603125 0.77578125 0.12265625 0.07578125
7 0.61484375 0.37109375 0.084375 0.065625
12 0.65390625 0.3296875 0.159375 0.0625
14 0.61640625 0.55234375 0.2953125 0.515625
10 0.49296875 0.5828125 0.0484375 0.065625
7 0.84375 0.41796875 0.021875 0.01484375
11 0.82421875 0.4375 0.0265625 0.0109375
13 0.846875 0.40703125 0.02890625 0.01171875