12 0.5546875 0.10234375 0.209375 0.1984375
12 0.36640625 0.0671875 0.2484375 0.134375
8 0.50625 0.209375 0.084375 0.059375
14 0.71953125 0.11484375 0.0984375 0.2296875
11 0.68125 0.078125 0.015625 0.04140625
11 0.7265625 0.06875 0.01796875 0.03359375
15 0.7515625 0.19765625 0.03359375 0.0609375
15 0.72109375 0.2140625 0.0234375 0.05
2 0.371875 0.49140625 0.3671875 0.40390625 0.3625 0.38828125 0.35078125 0.384375 0.3515625 0.50234375 0.33828125 0.509375 0.29921875 0.509375 0.3 0.50234375 0.2921875 0.49765625 0.303125 0.38359375 0.29609375 0.378125 0.2859375 0.38515625 0.2796875 0.50078125 0.29375 0.50546875 0.2875 0.52265625 0.30546875 0.528125 0.31015625 0.5359375 0.3421875 0.53515625 0.3609375 0.52421875 0.3625 0.51328125 0.35625 0.50390625 0.36328125 0.4953125 0.36796875 0.5015625 0.371875 0.49140625
2 0.3782671875 0.672159375 0.3640625 0.724715625 0.3370734375 0.7517046875 0.304403125 0.7928984375 0.2845171875 0.7568890625 0.2767046875 0.6959515625 0.2696734375 0.7045453125 0.2610796875 0.6990765624999999 0.27982968750000003 0.6350140625 0.2829546875 0.5975140624999999 0.27592343750000003 0.5842328125 0.2704546875 0.5897015624999999 0.2657671875 0.6490765625 0.2470171875 0.7022015625 0.2571734375 0.7217328125 0.2751421875 0.7272015625 0.2829546875 0.7850140624999999 0.2938921875 0.8084515624999999 0.3048296875 0.8131390625 0.3095171875 0.8053265625 0.38536875 0.7176140625 0.39247187499999997 0.6792609374999999 0.3867890625 0.6323859374999999 0.36974375 0.5443187500000001 0.3782671875 0.672159375
16 0.93359375 0.7859375 0.1328125 0.428125
11 0.8609375 0.5765625 0.103125 0.128125
8 0.67578125 0.5734375 0.0328125 0.153125
8 0.93203125 0.52890625 0.0890625 0.1203125
11 0.921875 0.375 0.15625 0.2125
14 0.71796875 0.6734375 0.1171875 0.653125
14 0.88359375 0.6359375 0.2328125 0.728125