10 0.05390625 0.03046875 0.0390625 0.0609375
14 0.34609375 0.146875 0.2078125 0.29375
14 0.05078125 0.0765625 0.1015625 0.153125
10 0.26484375 0.13828125 0.0578125 0.0734375
2 0.73097550625 0.409375 0.72578125 0.3453125 0.71953125 0.3453125 0.7140625 0.35546875 0.719453125 0.409375 0.73097550625 0.409375
12 0.10859375 0.67265625 0.0734375 0.0703125
12 0.27734375 0.68203125 0.0484375 0.0484375
13 0.1890625 0.67890625 0.046875 0.0453125
13 0.3984375 0.68515625 0.034375 0.0265625
14 0.09609375 0.81875 0.0953125 0.3625
14 0.18984375 0.82421875 0.0828125 0.3515625
14 0.28203125 0.8203125 0.0796875 0.359375
14 0.390625 0.828125 0.09375 0.34375
11 0.4046875 0.81171875 0.034375 0.0359375
10 0.703125 0.4421875 0.153125 0.065625
15 0.7953125 0.95390625 0.10625 0.0921875
15 0.93203125 0.94921875 0.1359375 0.0828125
14 0.8078125 0.7046875 0.384375 0.590625
7 0.9328125 0.421875 0.1125 0.025