9 0.3421875 0.2109375 0.09375 0.059375
12 0.45859375 0.134375 0.0828125 0.24375
13 0.32109375 0.09375 0.2109375 0.15625
8 0.33671875 0.24453125 0.1078125 0.1421875
8 0.48125 0.3171875 0.0375 0.13125
14 0.228125 0.2984375 0.425 0.5625
14 0.43515625 0.28984375 0.1296875 0.5796875
3 0.23671875 0.203125 0.04140625 0.0828125
10 0.375 0.871875 0.046875 0.053125
12 0.26171875 0.72109375 0.1015625 0.0578125
14 0.27109375 0.8421875 0.2796875 0.315625
11 0.9203125 0.97109375 0.09375 0.05078125
14 0.90078125 0.8375 0.1984375 0.325