2 0.315625 0.42578125 0.29921875 0.4046875 0.28359375 0.425 0.25625 0.43515625 0.25390625 0.4546875 0.2421875 0.45234375 0.221875 0.39296875 0.2140625 0.33359375 0.21015625 0.3265625 0.20390625 0.33125 0.1984375 0.32421875 0.1890625 0.29140625 0.1890625 0.22578125 0.18125 0.17734375 0.16796875 0.171875 0.1640625 0.18515625 0.178125 0.25390625 0.1765625 0.29453125 0.1828125 0.32890625 0.2015625 0.35390625 0.2015625 0.37734375 0.228125 0.46953125 0.24375 0.47890625 0.25859375 0.45625 0.27109375 0.45625 0.29140625 0.4453125 0.29375 0.47265625 0.30234375 0.4734375 0.315625 0.42578125
2 0.2828125 0.08828125 0.2921875 0.18046875 0.28359375 0.1953125 0.27265625 0.196875 0.2359375 0.17890625 0.2375 0.09609375 0.2359375 0.08203125 0.22890625 0.0765625 0.21875 0.08828125 0.2109375 0.27578125 0.21796875 0.2859375 0.23125 0.20859375 0.24140625 0.209375 0.290625 0.23515625 0.29375 0.29609375 0.3 0.30546875 0.30625 0.29765625 0.3078125 0.24921875 0.3078125 0.12890625 0.3 0.09765625 0.29453125 0.0875 0.2828125 0.08828125
10 0.81328125 0.0375 0.0515625 0.075
14 0.75234375 0.23046875 0.1734375 0.4609375
10 0.7921875 0.11015625 0.04453125 0.096875
15 0.79921875 0.33671875 0.06796875 0.0609375
15 0.81171875 0.284375 0.0515625 0.05859375
12 0 0.6165248015625 0.05859375 0.6514683734375 0.048828125 0.6318900609375 0.044921875 0.5731551203125 0.0166015625 0.544766565625 0 0.543435240625 0 0.6165248015625
12 0.208984375 0.5809864453125 0.212890625 0.5555346390625 0.2060546875 0.546724396875 0.1767578125 0.544766565625 0.140625 0.5790286140625 0.138671875 0.6299322296875001 0.154296875 0.6338478921874999 0.2080078125 0.6211219875 0.25 0.592733434375 0.232421875 0.590775603125 0.2275390625 0.5682605421875 0.2275390625 0.5800075296875 0.208984375 0.5809864453125
11 0.069450828125 1 0.111328125 0.9725527109375001 0.107421875 0.9471009031250001 0.0908203125 0.93241716875 0.0224609375 0.9245858437500001 0 0.9288278109375 0 0.9954138515625001 0.0266433640625 1 0.069450828125 1
11 0.28067105468750003 1 0.3115234375 0.9891942765625 0.3125 0.9725527109375001 0.2431640625 0.9774472890624999 0.2109375 0.99800451875 0.211435171875 1 0.28067105468750003 1
3 0.3085412984375 0.4796875 0.33566569999999996 0.5360367203124999 0.3663679546875 0.5040913828125 0.34688281249999997 0.4796875 0.3085412984375 0.4796875
4 0 0.6622985984375 0.026308264062499996 0.67637696875 0.035692960937500004 0.6483147078125 0 0.6287339171874999 0 0.6622985984375
4 0.1586278609375 0.656519559375 0.2297423921875 0.6384142921875 0.223913334375 0.6168047609375 0.15454753593749998 0.6366621703125 0.1586278609375 0.656519559375
8 0.23207398124999998 0.641334496875 0.1627082265625 0.6588557328125 0.1790295625 0.70032265 0.199431309375 0.704994996875 0.223913334375 0.6938982046875 0.2367372453125 0.6635280578125 0.23207398124999998 0.641334496875
14 0.946875 0.64375 0.10625 0.328125
15 0.909375 0.6703125 0.03203125 0.07890625
15 0.93125 0.7515625 0.0546875 0.0609375