2 0 0.26045386875 0.00859375 0.2625 0.0171875 0.29609375 0.0328125 0.30703125 0.0375 0.29921875 0.01875 0.24609375 0.0171875 0.13046875 0.00703125 0.13125 0.003125 0.14296875 0.003125 0.22734375 0 0.22802309843750002 0 0.26045386875
10 0.93359375 0.08046875 0.1328125 0.1328125
10 0.46171875 0.109375 0.1859375 0.128125
10 0.65 0.11484375 0.22109375 0.11328125
14 0.6078125 0.1546875 0.478125 0.309375
14 0.93671875 0.1546875 0.1265625 0.309375
7 0.55625 0.0171875 0.175 0.034375
8 0.08359375 0.39375 0.09375 0.146875
11 0.00625 0.49140625 0.0125 0.0890625
14 0.184375 0.6546875 0.36875 0.690625
14 0.03984375 0.65859375 0.0796875 0.6828125
11 0.01796875 0.86953125 0.0359375 0.1171875
10 0.04296875 0.98125 0.0796875 0.0375
13 0.12734375 0.328125 0.1859375 0.0375
13 0.9296875 0.4171875 0.140625 0.13125
11 0.62265625 0.54765625 0.07421875 0.15625
8 0.93203125 0.5625 0.1359375 0.178125
14 0.76953125 0.6734375 0.4609375 0.653125