2 0.129064940625 0 0.1296875 0.01328125 0.134375 0.01484375 0.134375 0.02734375 0.1265625 0.03203125 0.1328125 0.03359375 0.13125 0.04296875 0.15390625 0.0609375 0.19140625 0.0578125 0.196875 0.07734375 0.203125 0.07890625 0.2140625 0.07578125 0.215625 0.06328125 0.209525603125 0 0.1899016203125 0 0.190625 0.01953125 0.17421875 0.03125 0.14140625 0.028125 0.1437284984375 0 0.129064940625 0
2 0.20625 0.13203125 0.18984375 0.115625 0.184375 0.12109375 0.2015625 0.20703125 0.19375 0.23828125 0.175 0.26328125 0.1765625 0.27890625 0.184375 0.28359375 0.2046875 0.25859375 0.2125 0.21796875 0.221875 0.20390625 0.2203125 0.18671875 0.209375 0.16640625 0.20625 0.13203125
2 0.1125 0.22109375 0.10234375 0.2203125 0.0953125 0.21015625 0.121875 0.10390625 0.1203125 0.09453125 0.11015625 0.0890625 0.096875 0.16484375 0.08125 0.20078125 0.08125 0.21953125 0.08828125 0.2359375 0.1109375 0.24296875 0.125 0.31015625 0.13828125 0.3265625 0.15 0.32734375 0.1578125 0.31953125 0.1578125 0.30859375 0.14609375 0.3140625 0.1390625 0.30546875 0.1171875 0.25234375 0.1125 0.22109375
7 0.6 0.1453125 0.1625 0.1875
7 0.96328125 0.19453125 0.0734375 0.1953125
10 0.83359375 0.25078125 0.0984375 0.2171875
14 0.88515625 0.1796875 0.2296875 0.359375
14 0.6625 0.1796875 0.2875 0.359375
13 0.60078125 0.0421875 0.1640625 0.084375
13 0.95234375 0.05703125 0.0953125 0.1140625
9 0.6234375 0.10625 0.1078125 0.06953125
10 0.27421875 0.41953125 0.0171875 0.021875
10 0.06015625 0.43125 0.0265625 0.0359375
10 0.02890625 0.44453125 0.021875 0.02890625
10 0.17109375 0.46015625 0.0359375 0.040625
10 0.30703125 0.48125 0.03828125 0.0578125
10 0.471875 0.5015625 0.021875 0.040625
14 0.096875 0.5453125 0.10625 0.371875
10 0.303125 0.52421875 0.0265625 0.03359375
14 0.20625 0.6 0.1375 0.48125
14 0.49296875 0.59375 0.0515625 0.46875
14 0.38046875 0.646875 0.1609375 0.575
10 0.43671875 0.63203125 0.02890625 0.04296875
15 0.23203125 0.9265625 0.084375 0.0890625
15 0.46328125 0.796875 0.0625 0.06015625
15 0.07734375 0.7921875 0.071875 0.05546875
15 0.24453125 0.7875 0.05546875 0.04296875
15 0.40390625 0.87421875 0.0796875 0.05546875
15 0.0140625 0.7109375 0.028125 0.05625
15 0.09375 0.6828125 0.05546875 0.0359375
13 0.990625 0.559375 0.01875 0.04375
13 0.79921875 0.59140625 0.0453125 0.03359375
10 0.84765625 0.6296875 0.040625 0.071875
8 0.79921875 0.63671875 0.040625 0.0765625
13 0.56875 0.640625 0.0359375 0.021875
8 0.56484375 0.671875 0.03359375 0.05546875
10 0.66875 0.6765625 0.03828125 0.05546875
10 0.7625 0.70703125 0.04296875 0.04296875
13 0.6984375 0.7203125 0.040625 0.0359375
10 0.559375 0.7453125 0.0453125 0.04296875
8 0.69765625 0.75390625 0.03359375 0.0453125
10 0.95703125 0.79453125 0.02890625 0.05546875
14 0.96484375 0.77109375 0.0703125 0.4578125
14 0.803125 0.7953125 0.178125 0.409375
10 0.67421875 0.875 0.03125 0.04296875
14 0.60546875 0.8125 0.1734375 0.375