2 0.3172348484375 0.45 0.3109375 0.43515625 0.303125 0.39140625 0.28984375 0.390625 0.2859375 0.38203125 0.3 0.34921875 0.315625 0.26796875 0.315625 0.26171875 0.30390625 0.25625 0.296875 0.27265625 0.290625 0.33515625 0.2734375 0.37109375 0.271875 0.39140625 0.28984375 0.4171875 0.303125 0.41953125 0.3080850296875 0.45 0.3172348484375 0.45
2 0.4 0.2265625 0.3984375 0.21640625 0.390625 0.21015625 0.38828125 0.0890625 0.37890625 0.090625 0.3734375 0.09921875 0.3796875 0.17578125 0.36875 0.18984375 0.37734375 0.190625 0.3875 0.20859375 0.3828125 0.24609375 0.3953125 0.30078125 0.38984375 0.3125 0.3796875 0.31484375 0.39453125 0.3171875 0.39609375 0.3265625 0.4 0.321540178125 0.4 0.2265625
9 0.61171875 0.01015625 0.08125 0.01953125
10 0.46171875 0.0421875 0.1078125 0.059375
10 0.76640625 0.0453125 0.11953125 0.065625
7 0.61171875 0.021875 0.0859375 0.04375
14 0.61875 0.21171875 0.41875 0.4234375
15 0.56796875 0.378125 0.08515625 0.06953125
15 0.640625 0.38203125 0.07890625 0.07578125
14 0.03125 0.6453125 0.0625 0.378125
11 0.01328125 0.68359375 0.0265625 0.0390625
12 0.01875 0.4828125 0.0375 0.0375
5 0.67265625 0.73515625 0.5453125 0.5296875