2 0.2431778171875 0.55 0.2578125 0.47578125 0.2734375 0.44140625 0.2734375 0.43515625 0.26640625 0.4328125 0.25078125 0.4359375 0.2453125 0.44296875 0.2375 0.53828125 0.233203125 0.55 0.2431778171875 0.55
2 0.3609375 0.55 0.3609375 0.54140625 0.35 0.48671875 0.35 0.43671875 0.340625 0.43203125 0.3390625 0.41171875 0.33125 0.40546875 0.3390625 0.38046875 0.33203125 0.2953125 0.3203125 0.30234375 0.3265625 0.43046875 0.33125 0.46484375 0.340625 0.48515625 0.3463888890625 0.55 0.3609375 0.55
1 0.60859375 0.23359375 0.1171875 0.3109375
11 0.128125 0.61796875 0.0609375 0.040625
11 0.18125 0.63984375 0.0515625 0.0421875
15 0.1484375 0.88515625 0.0890625 0.065625
15 0.20390625 0.89609375 0.07734375 0.078125
12 0.18046875 0.746875 0.2203125 0.39375
10 0.94296875 0.83203125 0.0453125 0.08046875
14 0.959375 0.81953125 0.08125 0.3609375
10 0.93515625 0.90390625 0.0390625 0.0890625