2 0.0826203890625 0 0.075 0.09296875 0.0578125 0.13984375 0.0671875 0.16328125 0.0890625 0.18359375 0.0921875 0.22578125 0.103125 0.25234375 0.1171875 0.25703125 0.1234375 0.25390625 0.096875 0.20390625 0.0875 0.14296875 0.07890625 0.146875 0.0734375 0.14140625 0.0953125 0.03046875 0.10916193125 0 0.0826203890625 0
2 0.1660866484375 0 0.16875 0.01953125 0.178125 0.03984375 0.184375 0.11015625 0.18125 0.13984375 0.1671875 0.17109375 0.140625 0.19609375 0.14375 0.20703125 0.153125 0.21015625 0.175 0.19140625 0.184375 0.17109375 0.18125 0.14296875 0.19296875 0.1390625 0.1984375 0.12890625 0.1984375 0.09609375 0.1875 0.04140625 0.1875 0 0.1660866484375 0
9 0.4828125 0.37890625 0.128125 0.1109375
9 0.846875 0.3984375 0.2234375 0.0765625
8 0.478125 0.4046875 0.11875 0.15
8 0.8375 0.42109375 0.20625 0.1171875
13 0.496875 0.22421875 0.15625 0.1390625
13 0.85859375 0.2796875 0.25703125 0.11328125
14 0.54375 0.3140625 0.25 0.33125
14 0.803125 0.3453125 0.39375 0.26875
0 0.209375 0.73984375 0.41875 0.5203125