2 0.2040296046875 0.61875 0.20625 0.61171875 0.215625 0.52890625 0.2265625 0.50234375 0.228125 0.48984375 0.22265625 0.4875 0.203125 0.49921875 0.1984375 0.58984375 0.190178571875 0.61875 0.2040296046875 0.61875
2 0.32107558125 0.61875 0.309375 0.49296875 0.2984375 0.48515625 0.2953125 0.46171875 0.2859375 0.45546875 0.28984375 0.4453125 0.30546875 0.446875 0.3140625 0.43671875 0.3109375 0.40234375 0.29375 0.39609375 0.28984375 0.35 0.278125 0.36015625 0.2796875 0.43515625 0.2859375 0.50703125 0.2921875 0.53515625 0.3 0.53984375 0.30625 0.60859375 0.303928571875 0.61875 0.32107558125 0.61875
14 0.7671875 0.4296875 0.175 0.378125
9 0.76953125 0.28359375 0.06328125 0.01640625
11 0.79375 0.46875 0.05234375 0.03984375
15 0.70859375 0.59140625 0.0578125 0.0515625
7 0.765625 0.28984375 0.05546875 0.03125
12 0.7859375 0.26796875 0.0875 0.03828125
9 0.25078125 0.67109375 0.15859375 0.05546875
10 0.10703125 0.6609375 0.1640625 0.084375
7 0.25625 0.69296875 0.16953125 0.1109375
12 0.2640625 0.6328125 0.221875 0.028125
14 0.28125 0.809375 0.5625 0.38125
10 0.93515625 0.75 0.1296875 0.0875
14 0.83984375 0.809375 0.3203125 0.38125