2 0.3953125 0.23515625 0.390625 0.14765625 0.3859375 0.13203125 0.37421875 0.128125 0.375 0.24609375 0.36171875 0.253125 0.32265625 0.253125 0.3234375 0.24609375 0.315625 0.24140625 0.3265625 0.12734375 0.31953125 0.121875 0.309375 0.12890625 0.303125 0.24453125 0.3171875 0.24921875 0.3109375 0.26640625 0.32890625 0.271875 0.33359375 0.2796875 0.365625 0.27890625 0.384375 0.26796875 0.3859375 0.25703125 0.3796875 0.24765625 0.38671875 0.2390625 0.39140625 0.2453125 0.3953125 0.23515625
2 0.332400625 0.55 0.3329546875 0.5490765625 0.40880625000000004 0.46136406250000006 0.415909375 0.42301093749999996 0.4102265625 0.3761359375 0.39318125 0.28806875 0.4017046875 0.415909375 0.3875 0.468465625 0.3605109375 0.4954546875 0.327840625 0.5366484375 0.3079546875 0.5006390625 0.3001421875 0.4397015625 0.2931109375 0.4482953125 0.2845171875 0.44282656249999997 0.30326718750000003 0.3787640625 0.3063921875 0.34126406249999997 0.29936093750000003 0.3279828125 0.2938921875 0.33345156249999997 0.2892046875 0.3928265625 0.2704546875 0.4459515625 0.2806109375 0.4654828125 0.2985796875 0.4709515625 0.3063921875 0.5287640625 0.3163022921875 0.55 0.332400625 0.55
11 0.81015625 0.40859375 0.1140625 0.1453125
11 0.96171875 0.51015625 0.0765625 0.0796875
11 0.54296875 0.24609375 0.0265625 0.1453125
14 0.66328125 0.275 0.2671875 0.55
14 0.92578125 0.275 0.1484375 0.55
9 0.4515625 0.6796875 0.13828125 0.03203125
7 0.46171875 0.696875 0.11640625 0.065625
13 0.45 0.65 0.14375 0.05078125
10 0.19140625 0.84140625 0.16640625 0.10078125
14 0.37578125 0.8171875 0.3078125 0.365625
5 0.68203125 0.775 0.3046875 0.45