3 0.09609375 0.08203125 0.053125 0.1015625
4 0.22734375 0.04140625 0.1796875 0.0828125
14 0.84921875 0.25234375 0.3015625 0.4734375
3 0.83671875 0.08515625 0.03125 0.0375
8 0.7765625 0.11171875 0.078125 0.04921875
11 0.98671875 0.3875 0.0265625 0.090625
11 0.73515625 0.38359375 0.06953125 0.10703125
4 0.78203125 0.0734375 0.0328125 0.034375
16 0.128125 0.55703125 0.25625 0.1359375
6 0.040625 0.86171875 0.08125 0.1421875
6 0.2015625 0.8609375 0.1109375 0.146875
14 0.16640625 0.7203125 0.3328125 0.4625
2 0.64834375 0.4890625 0.653125 0.49140625 0.65 0.56796875 0.63671875 0.66875 0.51953125 0.665625 0.46484375 0.6765625 0.41640625 0.7 0.41015625 0.7234375 0.37890625 0.728125 0.3640625 0.75234375 0.37109375 0.7828125 0.38359375 0.7890625 0.40625 0.78828125 0.4109375 0.80703125 0.4046875 0.83984375 0.41640625 0.8515625 0.4390625 0.84140625 0.46015625 0.8015625 0.47734375 0.809375 0.6046875 0.81328125 0.6015625 0.84140625 0.609375 0.86015625 0.6046875 0.91640625 0.58046875 0.9546875 0.53515625 0.96875 0.45546875 0.9390625 0.41328125 0.9453125 0.39765625 0.91875 0.3765625 0.98671875 0.3765625 0.99453125 0.38105902812500003 1 0.87890625 1 0.8859375 0.99296875 0.8921875 0.97109375 0.8921875 0.95390625 0.8765625 0.94609375 0.884375 0.92421875 0.859375 0.88359375 0.82578125 0.8625 0.79765625 0.8328125 0.76953125 0.8296875 0.75625 0.81484375 0.77109375 0.7875 0.80546875 0.7734375 0.82890625 0.7671875 0.83828125 0.784375 0.846875 0.78046875 0.8453125 0.76171875 0.828125 0.73046875 0.8328125 0.69609375 0.82109375 0.68125 0.809375 0.67734375 0.8125 0.65546875 0.79765625 0.6484375 0.6984375 0.65546875 0.709375 0.59296875 0.7296875 0.57734375 0.721875 0.55078125 0.721875 0.50859375 0.73272569375 0.4890625 0.64834375 0.4890625