8 0.125 0.54921875 0.25 0.1015625
12 0.125 0.27734375 0.25 0.3546875
9 0.565625 0.18671875 0.43984375 0.146875
8 0.57890625 0.2625 0.34375 0.2640625
13 0.5578125 0.0625 0.43125 0.125
14 0.6046875 0.3 0.709375 0.6
15 0.16640625 0.7953125 0.115625 0.08203125
15 0.2046875 0.77578125 0.090625 0.0640625
14 0.134375 0.71953125 0.23125 0.2390625
2 0.5314565375 0.6 0.528125 0.64140625 0.5109375 0.69296875 0.51875 0.71484375 0.5390625 0.73046875 0.54375 0.78046875 0.553125 0.80390625 0.56171875 0.8125 0.5703125 0.81171875 0.58125 0.80859375 0.584375 0.79453125 0.57265625 0.8046875 0.565625 0.79921875 0.5421875 0.73515625 0.5390625 0.70078125 0.525 0.69140625 0.534375 0.66640625 0.5436409890625 0.6 0.5314565375 0.6
2 0.62734375 0.6 0.6328125 0.62734375 0.634375 0.67265625 0.615625 0.73046875 0.59375 0.75078125 0.596875 0.76328125 0.60625 0.76484375 0.6234375 0.75078125 0.634375 0.72890625 0.6328125 0.69453125 0.646875 0.67109375 0.6413454859375 0.6 0.62734375 0.6