0 0.23828125 0.259375 0.4234375 0.51875
1 0.953125 0.47734375 0.09375 0.0828125
14 0.025 0.84375 0.05 0.25
14 0.2109375 0.84921875 0.09765625 0.23359375
13 0.009375 0.72421875 0.01875 0.0234375
13 0.215625 0.75390625 0.0265625 0.0265625
11 0.21953125 0.84140625 0.0203125 0.02109375
8 0.0078125 0.75234375 0.015625 0.0296875
15 0.175 0.9125 0.03046875 0.0359375
15 0.021875 0.928125 0.03203125 0.05390625
2 0.45 1 0.927734375 1 0.91015625 0.9953125 0.896875 0.98203125 0.89375 0.95078125 0.87734375 0.9171875 0.85859375 0.90625 0.82421875 0.9 0.809375 0.88984375 0.7921875 0.86328125 0.78125 0.79140625 0.7734375 0.77421875 0.7734375 0.73359375 0.7796875 0.68828125 0.7953125 0.65859375 0.79375 0.58203125 0.77265625 0.5609375 0.67109375 0.553125 0.65625 0.56484375 0.6140625 0.62578125 0.60390625 0.628125 0.6015625 0.59609375 0.61875 0.58203125 0.6234375 0.53515625 0.6125 0.52734375 0.6140625 0.54609375 0.60859375 0.55625 0.56328125 0.5609375 0.5578125 0.55703125 0.5640625 0.54921875 0.56015625 0.5453125 0.546875 0.54609375 0.55 0.53359375 0.54375 0.52890625 0.54921875 0.5203125 0.528125 0.54140625 0.528125 0.58671875 0.53984375 0.5875 0.5421875 0.59765625 0.53984375 0.6265625 0.5109375 0.58203125 0.48984375 0.5640625 0.45 0.56630721875 0.45 1