2 0.2921875 0 0.25703125 0.009375 0.2375 0.03515625 0.2140625 0.08828125 0.190625 0.12421875 0.16953125 0.128125 0.159375 0.14453125 0.15625 0.20703125 0.16640625 0.2203125 0.1859375 0.22734375 0.1765625 0.33359375 0.1875 0.37265625 0.1703125 0.40390625 0.159375 0.44609375 0.1545072109375 0.509375 0.22696407812500002 0.509375 0.2261359375 0.50838125 0.1920453125 0.48565312499999996 0.1821015625 0.4061078125 0.20340937499999998 0.3308234375 0.20198906249999998 0.2441765625 0.22897656249999998 0.19588125 0.3042609375 0.21150625 0.3696015625 0.20866406249999997 0.409375 0.2780126484375 0.409375 0.109296875 0.3953125 0.13671875 0.37734375 0.140625 0.37109375 0.1515625 0.32734375 0.153125 0.30703125 0.1390625 0.27109375 0.1390625 0.25859375 0.146875 0.23828125 0.146875 0.228125 0.13671875 0.290625 0.02265625 0.32421875 0 0.2921875 0
9 0.66875 0.38359375 0.07421875 0.01953125
7 0.66796875 0.3953125 0.0734375 0.0484375
12 0.6625 0.35234375 0.103125 0.0515625
14 0.65 0.415625 0.225 0.1875
5 0.2046875 0.84765625 0.409375 0.3046875
14 0.83359375 0.6984375 0.3328125 0.378125
16 0.8765625 0.55078125 0.246875 0.0828125
6 0.9546875 0.8109375 0.090625 0.11875
6 0.7984375 0.82109375 0.14453125 0.128125
10 0.72890625 0.60546875 0.06640625 0.0640625