0 0.24453125 0.3546875 0.4890625 0.28125
2 0.94296875 0.11875 0.1140625 0.2375
13 0.26875 0.61640625 0.02109375 0.021875
13 0.484375 0.64140625 0.009375 0.0265625
7 0.271875 0.65 0.0203125 0.0359375
7 0.4859375 0.6734375 0.00625 0.03125
14 0.27578125 0.73203125 0.0828125 0.24609375
11 0.48203125 0.74375 0.0140625 0.015625
14 0.4640625 0.75625 0.05 0.246875
13 0.0375 0.81875 0.075 0.0875
14 0.08515625 0.85625 0.1703125 0.2875
9 0.2875 0.8328125 0.03046875 0.046875
9 0.4359375 0.80625 0.0296875 0.028125
9 0.46953125 0.85625 0.03203125 0.040625
0 0.90546875 0.9484375 0.0796875 0.103125