0 0.1671875 0.346875 0.23125 0.525
0 0.44765625 0.37109375 0.1046875 0.4765625
7 0.909375 0.08125 0.01875 0.04296875
14 0.690625 0.134375 0.0796875 0.23046875
14 0.8921875 0.178125 0.1015625 0.2484375
14 0.60625 0.409375 0.2125 0.4
13 0.5625 0.25625 0.08984375 0.090625
13 0.68359375 0.028125 0.025 0.0265625
13 0.9125 0.05390625 0.02578125 0.01953125
11 0.896875 0.1546875 0.01640625 0.0265625
15 0.7015625 0.24296875 0.0328125 0.04609375
15 0.85078125 0.221875 0.03359375 0.0359375
15 0.88359375 0.2703125 0.0265625 0.05859375
2 0.346875 0.6875 0.125 0.15625
2 0.61171875 0.8046875 0.2234375 0.390625