0 0.21875 0.39765625 0.0875 0.0421875
0 0.6983821703124999 0 0.676023315625 0.03957691875 0.779020209375 0.41875 0.9698227812500001 0.41875 0.9837847875 0.089547959375 0.952068334375 0 0.6983821703124999 0
14 0.40546875 0.65234375 0.1671875 0.3828125
10 0.371875 0.77578125 0.03515625 0.059375
13 0.36328125 0.50625 0.0546875 0.06953125
15 0.46328125 0.803125 0.0515625 0.078125
14 0.9671875 0.640625 0.065625 0.44375
14 0.97109375 0.709375 0.0578125 0.58125
11 0.96875 0.65078125 0.01953125 0.0484375
11 0.96875 0.765625 0.01953125 0.05859375
15 0.95390625 0.9671875 0.0328125 0.065625
15 0.9890625 0.9609375 0.021875 0.078125