0 0.20234375 0.38359375 0.1671875 0.03828125
1 0.378125 0.19609375 0.15625 0.2484375
1 0.97890625 0.16640625 0.0421875 0.2765625
14 0.41875 0.240625 0.2375 0.35625
14 0.9203125 0.21640625 0.159375 0.4046875
7 0.03203125 0.4421875 0.0359375 0.046875
14 0.02890625 0.575 0.0578125 0.3125
14 0.14921875 0.61640625 0.1171875 0.3953125
11 0.090625 0.72578125 0.01796875 0.04296875
11 0.0328125 0.6375 0.0140625 0.0390625
15 0.08125 0.946875 0.0546875 0.0515625
16 0.7671875 0.43984375 0.171875 0.0421875
6 0.7984375 0.6125 0.109375 0.0875
6 0.7015625 0.60859375 0.059375 0.0828125
14 0.78359375 0.54140625 0.2984375 0.2453125