10 0.11640625 0.31328125 0.0296875 0.0609375
14 0.1640625 0.340625 0.11875 0.378125
13 0.184375 0.17734375 0.0484375 0.04140625
9 0.846875 0.09765625 0.18828125 0.04453125
13 0.8140625 0.071875 0.14140625 0.0484375
10 0.62109375 0.1453125 0.15390625 0.090625
10 0.98359375 0.159375 0.0328125 0.08125
14 0.76640625 0.284375 0.4671875 0.490625
7 0.85078125 0.1140625 0.11328125 0.07421875
9 0.0734375 0.79765625 0.146875 0.0421875
7 0.0734375 0.821875 0.146875 0.084375
12 0.07578125 0.74296875 0.1515625 0.1015625
14 0.16953125 0.8484375 0.3390625 0.303125
9 0.62109375 0.78046875 0.15859375 0.05546875
10 0.47734375 0.75859375 0.1640625 0.109375
7 0.6265625 0.80234375 0.16953125 0.1109375
12 0.63515625 0.7140625 0.221875 0.08515625
14 0.6375 0.82734375 0.590625 0.3453125