14 0.05234375 0.12265625 0.0984375 0.2453125
7 0.04140625 0.00703125 0.0296875 0.0140625
11 0.01875 0.0984375 0.01640625 0.0390625
11 0.065625 0.08359375 0.01328125 0.03203125
15 0.0890625 0.20625 0.034375 0.0640625
15 0.0625 0.23984375 0.03125 0.06640625
2 0.8334099265624999 0.55 0.8125 0.49921875 0.80625 0.46484375 0.7875 0.45078125 0.803125 0.40390625 0.80234375 0.3359375 0.796875 0.39765625 0.7765625 0.43984375 0.7765625 0.45234375 0.784375 0.47109375 0.8046875 0.48203125 0.8125 0.53828125 0.81875 0.55 0.8334099265624999 0.55
2 0.91171875 0.309375 0.9046875 0.31328125 0.909375 0.36796875 0.9015625 0.44765625 0.8828125 0.48671875 0.8609375 0.49921875 0.8609375 0.51640625 0.86875 0.52109375 0.8921875 0.50546875 0.903125 0.48828125 0.9046875 0.46171875 0.9203125 0.44765625 0.9203125 0.31484375 0.91171875 0.309375
9 0.146875 0.80078125 0.153125 0.025
10 0.4390625 0.9296875 0.1 0.090625
7 0.15703125 0.815625 0.14375 0.06953125
12 0.15 0.7453125 0.18203125 0.07109375
14 0.24453125 0.85234375 0.4890625 0.2953125
9 0.9375 0.759375 0.125 0.175
8 0.940625 0.846875 0.11875 0.30625
14 0.86640625 0.775 0.2671875 0.45