9 0.18046875 0.309375 0.090625 0.02109375
10 0.03828125 0.4 0.0765625 0.059375
10 0.35234375 0.41875 0.0921875 0.0671875
7 0.1859375 0.32265625 0.090625 0.0515625
13 0.18671875 0.28984375 0.0953125 0.03359375
14 0.19609375 0.41484375 0.2921875 0.2890625
5 0.809375 0.36328125 0.38125 0.3046875
2 0.3703394390625 1 0.3578125 0.97578125 0.3484375 0.91328125 0.33828125 0.9140625 0.3328125 0.90546875 0.34375 0.88203125 0.3546875 0.80234375 0.3625 0.78203125 0.34609375 0.76875 0.3390625 0.78828125 0.3359375 0.85546875 0.3203125 0.89140625 0.31875 0.91015625 0.325 0.92890625 0.346875 0.93984375 0.35567835312499996 1 0.3703394390625 1
2 0.459375 0.86640625 0.4515625 0.84140625 0.4515625 0.77890625 0.44453125 0.7578125 0.43125 0.76171875 0.440625 0.82109375 0.4421875 0.88203125 0.428125 0.93046875 0.403125 0.96015625 0.403125 0.97265625 0.4140625 0.97578125 0.434375 0.95546875 0.44375 0.93203125 0.44375 0.91015625 0.4578125 0.90234375 0.459375 0.89296875 0.459375 0.86640625
1 0.72734375 0.70703125 0.0578125 0.13125
1 0.80078125 0.7125 0.065625 0.13125
12 0.57578125 0.72265625 0.0328125 0.1421875
14 0.7703125 0.7796875 0.35625 0.440625
14 0.59609375 0.7796875 0.0734375 0.440625
14 0.97109375 0.81953125 0.0578125 0.3609375