14 0.21171875 0.125 0.1484375 0.25
10 0.1703125 0.19375 0.0375 0.084375
5 0.68984375 0.23984375 0.6203125 0.4796875
12 0.3375 0.784375 0.059375 0.096875
12 0.18984375 0.7875 0.0546875 0.078125
12 0.05 0.79140625 0.046875 0.0765625
11 0.01171875 0.98515625 0.0234375 0.0296875
11 0.18046875 0.92421875 0.0328125 0.0359375
11 0.26796875 0.91875 0.0359375 0.040625
11 0.3296875 0.9640625 0.03125 0.04375
14 0.03125 0.8734375 0.0625 0.253125
14 0.22265625 0.86953125 0.1515625 0.2609375
14 0.334375 0.8578125 0.090625 0.284375
2 0.684375 0.78671875 0.68046875 0.78125 0.67578125 0.784375 0.66875 0.77265625 0.68125 0.73671875 0.6875 0.68828125 0.6875 0.66953125 0.67890625 0.6609375 0.671875 0.68359375 0.671875 0.72421875 0.6546875 0.77734375 0.6625 0.79765625 0.6828125 0.81015625 0.69375 0.87890625 0.70390625 0.89375 0.7125 0.89453125 0.725 0.88984375 0.728125 0.87578125 0.71640625 0.884375 0.709375 0.87890625 0.684375 0.80859375 0.684375 0.78671875
2 0.796875 0.73359375 0.77421875 0.625 0.7703125 0.65234375 0.78125 0.74453125 0.76875 0.79765625 0.7609375 0.81328125 0.7390625 0.82890625 0.7421875 0.84765625 0.75 0.84765625 0.7671875 0.83359375 0.7796875 0.81171875 0.778125 0.78046875 0.79375 0.77421875 0.796875 0.75859375 0.796875 0.73359375