9 0.06484375 0.0359375 0.1296875 0.04375
10 0.128125 0.525 0.1125 0.109375
7 0.04453125 0.06796875 0.0890625 0.1109375
12 0.08203125 0.01328125 0.1640625 0.0265625
14 0.12421875 0.28984375 0.2484375 0.5796875
1 0.46953125 0.25234375 0.0796875 0.3296875
1 0.8484375 0.25546875 0.16015625 0.33359375
9 0.31484375 0.5953125 0.2296875 0.03125
7 0.33125 0.675 0.196875 0.190625
9 0.70234375 0.77734375 0.14375 0.0375
11 0.6 0.98203125 0.09375 0.0359375
7 0.6890625 0.796875 0.1109375 0.0640625
12 0.70078125 0.73515625 0.16953125 0.09375
14 0.721875 0.84375 0.39375 0.3125