9 0.35546875 0.075 0.0484375 0.021875
10 0.315625 0.28203125 0.06796875 0.05390625
7 0.35625 0.084375 0.046875 0.040625
12 0.3359375 0.0515625 0.0875 0.046875
14 0.31484375 0.19453125 0.1296875 0.3296875
13 0.53515625 0.24609375 0.3078125 0.2265625
14 0.61640625 0.2609375 0.4734375 0.196875
9 0.2734375 0.82421875 0.153125 0.025
10 0.0640625 0.965625 0.128125 0.06875
7 0.28359375 0.8390625 0.14375 0.06953125
12 0.2765625 0.76875 0.18203125 0.07109375
14 0.18984375 0.8640625 0.3796875 0.271875
5 0.68984375 0.6796875 0.6203125 0.640625