5 0.21640625 0.46171875 0.4328125 0.2390625
7 0.746875 0.05625 0.03046875 0.0484375
7 0.97890625 0.06328125 0.025 0.0484375
14 0.7515625 0.11640625 0.0890625 0.20859375
14 0.94609375 0.15078125 0.1078125 0.2515625
10 0.8421875 0.44765625 0.0328125 0.09609375
14 0.7578125 0.4234375 0.19375 0.471875
13 0.7609375 0.228125 0.0859375 0.0765625
13 0.7484375 0.021875 0.0234375 0.025
13 0.9828125 0.040625 0.02265625 0.02109375
11 0.96875 0.14453125 0.015625 0.021875
15 0.9140625 0.2234375 0.0328125 0.04140625
2 0.2359375 0.81796875 0.125 0.3171875
14 0.55546875 0.8296875 0.1921875 0.340625
14 0.55546875 0.8296875 0.1921875 0.340625