0 0.2296875 0.209375 0.28046875 0.15546875
0 0.41484375 0.371875 0.3078125 0.09375
10 0.7703125 0.13828125 0.0609375 0.0640625
6 0.75234375 0.33828125 0.0859375 0.1234375
14 0.77421875 0.209375 0.1296875 0.41875
16 0.38515625 0.52734375 0.3328125 0.2171875
10 0.1890625 0.6921875 0.09453125 0.08125
10 0.6328125 0.66640625 0.06640625 0.0859375
6 0.4265625 0.91875 0.184375 0.1625
6 0.234375 0.890625 0.103125 0.134375
14 0.3984375 0.709375 0.575 0.58125
2 0.93671875 0.846875 0.1265625 0.30625
2 0.7515625 0.79765625 0.084375 0.4046875