0 0.21328125 0.2265625 0.1890625 0.384375
9 0.7796875 0.065625 0.20625 0.13125
11 0.66484375 0.18046875 0.0734375 0.3609375
11 0.903125 0.1765625 0.08125 0.353125
8 0.77890625 0.1359375 0.16328125 0.24296875
14 0.77578125 0.209375 0.4484375 0.41875
2 0.29453125 0.86328125 0.2890625 0.2734375
4 0.41171875 0.61328125 0.0546875 0.0453125
3 0.33671875 0.62890625 0.06796875 0.05234375
9 0.84609375 0.44765625 0.2203125 0.0578125
11 0.95703125 0.49765625 0.0859375 0.1578125
8 0.8390625 0.49921875 0.190625 0.1609375
14 0.7484375 0.709375 0.503125 0.58125