13 0.6734375 0.23515625 0.0375 0.0453125
13 0.8421875 0.26328125 0.03515625 0.0484375
7 0.6703125 0.27578125 0.0375 0.06015625
13 0.91796875 0.2796875 0.0578125 0.075
7 0.840625 0.30625 0.02734375 0.05234375
8 0.90546875 0.315625 0.0328125 0.05625
14 0.690625 0.309375 0.1375 0.21875
14 0.9234375 0.32109375 0.115625 0.1953125
14 0.82421875 0.33203125 0.1046875 0.1734375
2 0.4109375 0.41875 0.415625 0.42109375 0.4140625 0.49453125 0.42890625 0.4984375 0.4328125 0.50703125 0.4234375 0.57265625 0.4328125 0.60703125 0.39140625 0.628125 0.375 0.65859375 0.3828125 0.68203125 0.415625 0.73515625 0.39375 0.77109375 0.39375 0.78828125 0.415625 0.84765625 0.38671875 0.8796875 0.37734375 0.8828125 0.34453125 0.85 0.26015625 0.790625 0.24453125 0.7734375 0.23515625 0.771875 0.22109375 0.75625 0.2171875 0.75859375 0.2078125 0.78515625 0.19375 0.80078125 0.1859375 0.85390625 0.1625 0.89296875 0.159375 0.91953125 0.16796875 0.9265625 0.20546875 0.9296875 0.23828125 0.9265625 0.28046875 0.9109375 0.34765625 0.928125 0.3515625 0.93984375 0.3265625 0.97734375 0.3162280703125 1 0.40777529687499997 1 0.44453125 0.940625 0.471875 0.94453125 0.4929148703125 1 0.5800338265625 1 0.5578125 0.93046875 0.609375 0.9136430921875001 0.609375 0.8436743953124999 0.5984375 0.85390625 0.59453125 0.871875 0.58671875 0.86875 0.55234375 0.8828125 0.54765625 0.8921875 0.525 0.85234375 0.5234375 0.82890625 0.5359375 0.76171875 0.5125 0.73203125 0.509375 0.63203125 0.49375 0.60234375 0.509375 0.57109375 0.5203125 0.50546875 0.540625 0.48359375 0.559375 0.42109375 0.5622648671875 0.41875 0.4109375 0.41875
9 0.6953125 0.71875 0.171875 0.165625
8 0.6921875 0.8109375 0.165625 0.378125