1 0.6453125 0.2078125 0.6125 0.415625
13 0.2890625 0.790625 0.040625 0.08125
7 0.19140625 0.84765625 0.08984375 0.1296875
8 0.3 0.8890625 0.01875 0.115625
14 0.16796875 0.846875 0.2828125 0.30625
13 0.20625 0.7296875 0.0953125 0.09140625
9 0.18671875 0.8109375 0.0828125 0.05625
3 0.28515625 0.88671875 0.0359375 0.06328125
14 0.78984375 0.76484375 0.2265625 0.4703125
11 0.70078125 0.81953125 0.02734375 0.06015625
14 0.39765625 0.76484375 0.1765625 0.4703125
11 0.83046875 0.84375 0.0421875 0.07890625
7 0.375 0.54296875 0.053125 0.0265625