7 0.746875 0.12890625 0.10234375 0.14765625
7 0.91796875 0.14453125 0.11484375 0.14765625
14 0.46953125 0.26953125 0.3296875 0.5390625
14 0.73984375 0.26953125 0.3109375 0.5390625
14 0.90625 0.26953125 0.1875 0.5390625
13 0.73828125 0.03359375 0.1046875 0.0671875
13 0.91953125 0.0421875 0.1171875 0.0703125
7 0.503125 0.0703125 0.1 0.140625
11 0.540625 0.36875 0.08984375 0.10546875
11 0.57421875 0.26953125 0.0671875 0.09296875
11 0.7796875 0.23125 0.0625 0.08984375
11 0.79453125 0.45703125 0.08984375 0.08984375
11 0.90546875 0.2390625 0.06015625 0.09296875
5 0.15 0.94296875 0.3 0.1140625