0 0.1078125 0.428125 0.021875 0.0625
0 0.19921875 0.42421875 0.0625 0.04296875
5 0.759375 0.21171875 0.48125 0.4234375
5 0.759375 0.06328125 0.48125 0.1265625
13 0.27265625 0.7265625 0.43515625 0.12734375
8 0.25234375 0.8921875 0.3421875 0.215625
14 0.259375 0.825 0.51875 0.35
4 0.2546875 0.8546875 0.31328125 0.121875
7 0.8 0.7203125 0.16484375 0.3890625
8 0.6578125 0.734375 0.1046875 0.303125
14 0.81484375 0.7296875 0.3703125 0.540625
14 0.64140625 0.74609375 0.2453125 0.5078125
13 0.85390625 0.4921875 0.2171875 0.065625
13 0.69765625 0.54453125 0.11484375 0.10546875
9 0.76640625 0.6359375 0.11015625 0.1203125
3 0.928125 0.715625 0.0671875 0.1625