0 0.065625 0.4453125 0.02265625 0.0796875
0 0.1546875 0.503125 0.05 0.0125
13 0.54453125 0.0671875 0.2890625 0.1078125
8 0.5875 0.26953125 0.2421875 0.2828125
14 0.61171875 0.25703125 0.4453125 0.5046875
4 0.58828125 0.190625 0.26796875 0.08984375
3 0.42109375 0.23046875 0.0640625 0.0984375
13 0.08828125 0.615625 0.1765625 0.1125
8 0.071875 0.81796875 0.14375 0.2953125
4 0.07734375 0.72578125 0.1546875 0.1109375
2 0.808984375 0.509375 0.809375 0.51484375 0.821875 0.52421875 0.81875 0.56484375 0.840625 0.73828125 0.8390625 0.78203125 0.84375 0.78359375 0.840625 0.78046875 0.8484375 0.77578125 0.8546875 0.75390625 0.85 0.53046875 0.86953125 0.5265625 0.88203125 0.5328125 0.91484375 0.51875 0.92515625 0.509375 0.808984375 0.509375
2 1 0.8680989578125 0.97265625 0.9 0.940625 0.87421875 0.92109375 0.8421875 0.90859375 0.8328125 0.8953125 0.84140625 0.89375 0.87421875 0.94296875 0.928125 0.9609375 0.93828125 0.97265625 0.9234375 0.98828125 0.9359375 0.99609375 0.934375 1 0.9301793984375 1 0.8680989578125