0 0.21328125 0.44765625 0.0234375 0.0234375
0 0.29609375 0.4515625 0.0515625 0.015625
10 0.8190831796874999 0 0.806640625 0.0111328125 0.7890625 0.0638671875 0.7421875 0.1048828125 0.7392578125 0.11953125 0.697265625 0.1478515625 0.693359375 0.1732421875 0.7099609375 0.19375 0.7529296875 0.21328125 0.86328125 0.2162109375 0.8935546875 0.20546875 0.912109375 0.1908203125 0.90234375 0.1751953125 0.8984375 0.1146484375 0.904296875 0.0990234375 0.865234375 0.0794921875 0.84375 0.0013671875 0.8400390625 0 0.8190831796874999 0
2 0.382100184375 1 0.3828125 0.97578125 0.396875 0.91796875 0.390625 0.88203125 0.4 0.86640625 0.4125 0.76171875 0.4390625 0.68203125 0.4375 0.66953125 0.41796875 0.6578125 0.39375 0.73828125 0.37578125 0.7390625 0.3609375 0.64609375 0.34765625 0.621875 0.328125 0.62734375 0.340625 0.66484375 0.3515625 0.75703125 0.3390625 0.83359375 0.3203125 0.86953125 0.328125 0.97578125 0.3253457984375 1 0.382100184375 1
14 0.93359375 0.534375 0.0796875 0.15
14 0.6609375 0.55859375 0.04375 0.1984375
14 0.73671875 0.55 0.0734375 0.18125
14 0.83984375 0.55859375 0.0609375 0.1984375
15 0.73359375 0.6421875 0.02265625 0.0359375
15 0.753125 0.6265625 0.02265625 0.0359375
15 0.8296875 0.60703125 0.02265625 0.03984375
15 0.8484375 0.63125 0.0171875 0.04453125
15 0.92578125 0.57109375 0.025 0.04453125