10 0.75625 0.0546875 0.09375 0.109375
14 0.81328125 0.21953125 0.2890625 0.4390625
16 0.9671875 0.21953125 0.065625 0.4390625
10 0.775 0.35546875 0.10546875 0.13203125
10 0.9328125 0.3640625 0.0765625 0.14921875
16 0.5140625 0.48671875 0.2375 0.0953125
10 0.63359375 0.4734375 0.0703125 0.06875
14 0.49375 0.71953125 0.35 0.5609375
15 0.3703125 0.9703125 0.13125 0.059375
15 0.6171875 0.975 0.103125 0.05
12 0.865625 0.7171875 0.14453125 0.2265625
11 0.934375 0.9171875 0.0859375 0.0984375
11 0.74140625 0.91953125 0.1265625 0.1609375
14 0.85703125 0.790625 0.2859375 0.41875
3 0.9078125 0.85546875 0.028125 0.08046875
3 0.80703125 0.84609375 0.02421875 0.078125