0 0.10625 0.23125 0.03671875 0.05078125
0 0.14609375 0.246875 0.02734375 0.053125
12 0.853125 0.00546875 0.025 0.0109375
12 0.8203125 0.0046875 0.009375 0.009375
16 0.815625 0.03515625 0.03515625 0.0453125
14 0.81484375 0.05859375 0.0296875 0.1171875
16 0.85546875 0.05078125 0.05390625 0.06796875
14 0.8546875 0.08046875 0.053125 0.1609375
8 0.56328125 0.15625 0.1078125 0.3125
14 0.68671875 0.2046875 0.3546875 0.409375
5 0.2546875 0.7046875 0.509375 0.590625
5 0.40703125 0.73828125 0.2046875 0.5234375
2 0.7303768375 1 0.7296875 0.98828125 0.74375 0.98671875 0.73359375 0.9609375 0.73046875 0.975 0.721875 0.96953125 0.721875 0.95703125 0.72890625 0.9578125 0.7296875 0.95234375 0.7234375 0.92265625 0.7125 0.90390625 0.7296875 0.82578125 0.74921875 0.7859375 0.74296875 0.7859375 0.725 0.81015625 0.70703125 0.8609375 0.70078125 0.809375 0.684375 0.82890625 0.690625 0.90859375 0.68125 0.94609375 0.6578125 0.99921875 0.6579427078125 1 0.71511051875 1 0.709375 0.96640625 0.7171875 0.96796875 0.7298510171875 1 0.7303768375 1