0 0.57578125 0.29375 0.078125 0.0875
12 0.2064453125 0.4434897953125 0.1986328125 0.44106270312499996 0.183984375 0.464120075 0.183984375 0.4714013515625 0.1908203125 0.4701878046875 0.1986328125 0.47504198906250006 0.2064453125 0.489604540625 0.2259765625 0.5017399984375001 0.2455078125 0.521156734375 0.25234375 0.5223702796875 0.254296875 0.4714013515625 0.2484375 0.45441170781249995 0.2376953125 0.4434897953125 0.2279296875 0.4386356109375 0.2162109375 0.4386356109375 0.2064453125 0.4434897953125
13 0.0609375 0.7505169109375001 0.0619140625 0.75901173125 0.0775390625 0.75901173125 0.0833984375 0.771147190625 0.1009765625 0.7638659156250001 0.1087890625 0.76629300625 0.1244140625 0.7808555578125 0.12734375 0.7796420125 0.13125 0.7699336453125 0.12734375 0.75537109375 0.1107421875 0.7371679062500001 0.0990234375 0.7298866296875 0.0775390625 0.732313721875 0.0609375 0.7505169109375001
9 0.2044921875 0.5065941828125 0.2064453125 0.5017399984375001 0.2103515625 0.504167090625 0.21328125 0.507807728125 0.211328125 0.5102348203125 0.21328125 0.5150890046875001 0.2181640625 0.521156734375 0.2279296875 0.5187296421875 0.2328125 0.532078646875 0.23671875 0.532078646875 0.242578125 0.5199431875 0.2259765625 0.5017399984375001 0.2162109375 0.49445872343749997 0.2064453125 0.49203163125 0.2015625 0.5053806375 0.2044921875 0.5065941828125
9 0.1068359375 0.7978452 0.125390625 0.7966316546875001 0.12734375 0.7893503796875 0.1224609375 0.78328265 0.1048828125 0.778428465625 0.0951171875 0.771147190625 0.086328125 0.7723607359375 0.1068359375 0.7978452
8 0.20538290625000002 0.5586804015625 0.21442044999999998 0.55629089375 0.2163433328125 0.551033971875 0.2198045203125 0.5469718046875001 0.2253808765625 0.54386544375 0.23076494687500002 0.539564325 0.23191867500000002 0.5309620921875 0.2253808765625 0.523076709375 0.21422816249999999 0.5218819546875 0.2069212109375 0.516625034375 0.20230629531250002 0.5106512609375 0.19769137812499998 0.5175808375 0.19019213906250002 0.5216430046875 0.190576715625 0.527377828125 0.19769137812499998 0.5467328546875 0.20538290625000002 0.5586804015625
10 0.1615234375 0.5939694875 0.1537109375 0.5939694875 0.13515625 0.61459976875 0.13125 0.6315894109375 0.133203125 0.6388706859375001 0.1478515625 0.661928059375 0.1537109375 0.661928059375 0.1576171875 0.657073875 0.1634765625 0.6595009671875001 0.1771484375 0.657073875 0.1849609375 0.661928059375 0.19765625 0.6607145125 0.19765625 0.6534332375 0.183984375 0.634016503125 0.183984375 0.62916231875 0.18984375 0.62188104375 0.1771484375 0.6036778546875 0.1615234375 0.5939694875
8 0.1006291109375 0.8354462406250001 0.1061229671875 0.83271541875 0.1059398375 0.8265710687500001 0.1108843078125 0.82088185625 0.11363123593749999 0.8124618218750002 0.11930822031249999 0.8122342546875 0.1224214046875 0.8060899046875001 0.1215057625 0.7988077125 0.11564565 0.79903528125 0.105756709375 0.7994904171874999 0.0978821828125 0.7885671296875 0.0922052 0.7785541171875 0.0863450875 0.7778714109375 0.08085123125 0.7899325421875 0.076089890625 0.8092758625 0.077921175 0.823612678125 0.085246315625 0.8311224390625 0.0944027421875 0.8349911031249999 0.1006291109375 0.8354462406250001
10 0.1019093546875 0.95319280625 0.09077255 0.9398476859375 0.0744650875 0.93490505 0.069294428125 0.939353421875 0.0804312328125 0.955664125 0.085601890625 0.972469090625 0.0943522375 0.9784002546874999 0.1035003265625 0.97395188125 0.1019093546875 0.95319280625
16 0.6546875 0.52890625 0.20625 0.2796875
14 0.65625 0.6453125 0.253125 0.5125