13 0.8703125 0.3296875 0.0359375 0.03359375
13 0.66328125 0.35859375 0.0078125 0.0234375
13 0.9484375 0.36640625 0.025 0.03671875
8 0.87109375 0.36875 0.0375 0.05234375
13 0.75234375 0.37265625 0.04375 0.0390625
8 0.946875 0.39609375 0.040625 0.04453125
8 0.6640625 0.396875 0.009375 0.05
8 0.75078125 0.40546875 0.03203125 0.04140625
11 0.9453125 0.51875 0.0375 0.040625
11 0.8265625 0.5328125 0.025 0.0125
14 0.86015625 0.4296875 0.1171875 0.21875
14 0.94765625 0.44765625 0.0640625 0.1828125
14 0.75 0.45078125 0.1 0.1765625
4 0.86953125 0.35703125 0.0296875 0.015625
4 0.946875 0.3859375 0.0234375 0.015625
12 0.2796875 0.71796875 0.040625 0.04609375
12 0.4453125 0.74375 0.040625 0.03984375
12 0.1875 0.7453125 0.04609375 0.0375
12 0.54609375 0.74921875 0.03671875 0.03984375
8 0.28125 0.76171875 0.03125 0.046875
12 0.36875 0.77578125 0.04296875 0.03828125
8 0.440625 0.778125 0.040625 0.04609375
8 0.18984375 0.78125 0.03125 0.05859375
8 0.54765625 0.784375 0.03828125 0.04140625
8 0.36640625 0.8125 0.03203125 0.034375
16 0.2796875 0.8453125 0.0890625 0.1484375
16 0.54765625 0.86328125 0.08125 0.13828125
16 0.17890625 0.88984375 0.0859375 0.17265625
16 0.3625 0.9 0.065625 0.15
11 0.5046875 0.92265625 0.03671875 0.04453125
11 0.4171875 0.9265625 0.02265625 0.0484375
11 0.5796875 0.934375 0.02109375 0.046875
14 0.271875 0.8484375 0.096875 0.303125
14 0.5515625 0.86484375 0.128125 0.2703125
14 0.45625 0.8609375 0.115625 0.278125
14 0.1765625 0.8609375 0.0875 0.278125
14 0.36328125 0.87734375 0.0765625 0.2453125
11 0.47421875 0.96484375 0.0203125 0.0375
11 0.39765625 0.971875 0.0234375 0.03828125
11 0.2234375 0.975 0.025 0.03984375
11 0.33828125 0.975 0.0234375 0.04296875
11 0.14140625 0.98046875 0.0234375 0.0390625
9 0.4453125 0.76328125 0.03359375 0.0296875
9 0.1875 0.76640625 0.03515625 0.02578125
9 0.28046875 0.74296875 0.034375 0.02109375
14 0.928125 0.76953125 0.14375 0.4609375
3 0.9890625 0.76171875 0.021875 0.0921875