0 0.28984375 0.15078125 0.5796875 0.3015625
2 0.9447286187499999 0 0.96875 0.09921875 0.9703125 0.19296875 0.9610030593750001 0.359375 0.9676692031249999 0.359375 0.978125 0.13515625 0.9890625 0.09765625 0.9570190437499999 0 0.9447286187499999 0
12 0.44609375 0.3859375 0.06484375 0.05
12 0.2375 0.38984375 0.07265625 0.0546875
8 0.009375 0.43046875 0.01875 0.0859375
8 0.4453125 0.43359375 0.05078125 0.06484375
8 0.24296875 0.43984375 0.0625 0.0625
16 0.253125 0.56875 0.11953125 0.23515625
16 0.45546875 0.56875 0.11953125 0.23515625
16 0.03984375 0.56953125 0.0796875 0.2484375
14 0.0375 0.6703125 0.075 0.621875
14 0.2453125 0.65859375 0.15 0.5984375
14 0.46015625 0.65859375 0.1375 0.5953125
10 0.4234375 0.6796875 0.0421875 0.05234375
10 0.22734375 0.7 0.03828125 0.0578125
10 0.00703125 0.73515625 0.0140625 0.0703125
6 0.27890625 0.9359375 0.07265625 0.07734375
6 0.221875 0.9046875 0.0828125 0.06484375
6 0.4859375 0.9296875 0.06875 0.0703125
15 0.0375 0.9578125 0.07109375 0.0796875
12 0.81328125 0.3671875 0.0546875 0.015625
8 0.7390625 0.378125 0.053125 0.0375
12 0.6265625 0.39765625 0.09375 0.0765625
8 0.81640625 0.390625 0.0546875 0.0625
12 0.90703125 0.3984375 0.0796875 0.078125
8 0.8875 0.45546875 0.04375 0.08046875
8 0.625 0.4578125 0.07109375 0.08046875
16 0.7109375 0.5234375 0.0953125 0.290625
11 0.7296875 0.5578125 0.06015625 0.0828125
16 0.821875 0.56328125 0.08984375 0.27734375
16 0.921875 0.6328125 0.12109375 0.3078125
16 0.615625 0.646875 0.071875 0.3375
14 0.725 0.6796875 0.134375 0.640625
14 0.82421875 0.6796875 0.1015625 0.640625
14 0.625 0.6796875 0.090625 0.640625
14 0.9234375 0.6796875 0.13125 0.640625
15 0.8015625 0.97265625 0.04375 0.0546875
15 0.86953125 0.9640625 0.0546875 0.071875
9 0.8890625 0.43671875 0.0484375 0.04140625
3 0.603125 0.43671875 0.01875 0.03984375