16 0.8984375 0.134375 0.08359375 0.21328125
14 0.9015625 0.25390625 0.096875 0.5078125
11 0.93515625 0.26484375 0.02578125 0.0515625
15 0.903125 0.4875 0.06171875 0.0515625
16 0.33203125 0.7 0.1296875 0.3
16 0.55703125 0.7234375 0.0640625 0.346875
14 0.33515625 0.775 0.1265625 0.45
14 0.55859375 0.775 0.0609375 0.45
11 0.3296875 0.79609375 0.0296875 0.0671875
12 0.80625 0.67265625 0.05859375 0.040625
12 0.759375 0.7015625 0.03515625 0.0375
12 0.94921875 0.7078125 0.053125 0.0703125
12 0.89609375 0.72421875 0.05859375 0.04765625
8 0.8125 0.73671875 0.05703125 0.08828125
8 0.95625 0.759375 0.04140625 0.0578125
8 0.91171875 0.78046875 0.0484375 0.08046875
11 0.9921875 0.84765625 0.015625 0.0703125
14 0.7203125 0.83203125 0.0625 0.3359375
14 0.803125 0.82734375 0.0875 0.3453125
14 0.80625 0.8296875 0.078125 0.340625
14 0.96328125 0.8421875 0.0734375 0.315625
14 0.89375 0.85 0.078125 0.3
11 0.94453125 0.9625 0.021875 0.06015625