0 0.1171875 0.259375 0.025 0.05703125
0 0.065625 0.3484375 0.0375 0.040625
12 0.14375 0.51640625 0.07421875 0.08125
8 0.1359375 0.58671875 0.05390625 0.06484375
10 0.0609375 0.76796875 0.03984375 0.075
16 0.03046875 0.77109375 0.0609375 0.3203125
16 0.15 0.77265625 0.140625 0.3578125
14 0.18515625 0.7359375 0.2484375 0.528125
14 0.0546875 0.74375 0.109375 0.5125
16 0.6078125 0.80625 0.25625 0.3875
12 0.66484375 0.4515625 0.17109375 0.14609375
8 0.7140625 0.54296875 0.10625 0.16171875
10 0.98046875 0.59921875 0.0390625 0.0984375
14 0.6328125 0.684375 0.30625 0.63125