0 0.0421875 0.290625 0.03203125 0.08125
0 0.07890625 0.2453125 0.028125 0.0390625
12 0.91953125 0.15390625 0.1609375 0.2265625
8 0.9125 0.30546875 0.1140625 0.16796875
14 0.846875 0.21953125 0.30625 0.4390625
11 0.51796875 0.3984375 0.1015625 0.08125
16 0.74765625 0.39765625 0.4421875 0.0828125
3 0.984375 0.27734375 0.03125 0.0890625
4 0.9 0.25234375 0.0859375 0.0640625
12 0.37421875 0.48828125 0.0703125 0.0890625
12 0.08046875 0.52109375 0.09140625 0.0921875
8 0.221875 0.5375 0.0609375 0.0953125
8 0.38515625 0.56953125 0.0484375 0.0953125
8 0.084375 0.5921875 0.07890625 0.1203125
16 0.24296875 0.7234375 0.1625 0.35234375
14 0.36484375 0.71953125 0.0890625 0.5609375
14 0.24765625 0.71953125 0.2109375 0.5609375
16 0.3875 0.7828125 0.04375 0.390625
11 0.08359375 0.78671875 0.06328125 0.08828125
14 0.3796875 0.721875 0.059375 0.55625
16 0.0640625 0.803125 0.128125 0.35625
14 0.06953125 0.7421875 0.1390625 0.515625
11 0.39453125 0.8546875 0.0296875 0.0875
11 0.14375 0.8859375 0.04921875 0.0703125
12 0.21328125 0.4640625 0.0859375 0.05
16 0.42890625 0.6578125 0.0390625 0.3375
11 0.5703125 0.71171875 0.0625 0.08125
14 0.765625 0.71953125 0.175 0.5609375
11 0.825 0.74921875 0.07265625 0.09921875
11 0.5125 0.7859375 0.04765625 0.08828125
16 0.77578125 0.57421875 0.1703125 0.2703125