12 0.7640625 0.14296875 0.19296875 0.10703125
12 0.49921875 0.15859375 0.0984375 0.0765625
8 0.4984375 0.203125 0.08359375 0.05859375
16 0.5171875 0.32890625 0.134375 0.1421875
14 0.82421875 0.2421875 0.3515625 0.315625
14 0.51953125 0.265625 0.1390625 0.26875
16 0.83203125 0.3296875 0.3359375 0.140625
12 0.4 0.53671875 0.1 0.2734375
14 0.33515625 0.7 0.2296875 0.6
1 0.4046875 0.71328125 0.090625 0.0953125
12 0.49296875 0.64296875 0.0859375 0.1265625
8 0.67265625 0.7015625 0.08984375 0.16015625
8 0.4921875 0.74140625 0.084375 0.1234375
14 0.78046875 0.753125 0.3515625 0.49375
14 0.534375 0.78984375 0.16875 0.4203125
11 0.71015625 0.9796875 0.0734375 0.040625
16 0.78515625 0.88828125 0.2421875 0.2234375
12 0.66484375 0.5859375 0.1546875 0.1671875
3 0.53203125 0.6984375 0.021875 0.05859375
3 0.725 0.64140625 0.0265625 0.06796875