16 0.6296875 0.26328125 0.159375 0.2359375
10 0.78046875 0.4140625 0.0546875 0.071875
9 0.6125 0.09375 0.125 0.040625
7 0.609375 0.10703125 0.11875 0.0703125
12 0.61484375 0.04765625 0.1296875 0.0765625
14 0.68984375 0.22890625 0.2796875 0.4421875
16 0.209375 0.546875 0.30625 0.19375
10 0.25859375 0.71484375 0.096875 0.0765625
6 0.22734375 0.93671875 0.2359375 0.1265625
14 0.2171875 0.725 0.403125 0.55
16 0.86328125 0.6 0.1609375 0.1375
10 0.9421875 0.68359375 0.053125 0.0390625
10 0.76328125 0.68828125 0.0390625 0.0390625
6 0.8359375 0.80859375 0.071875 0.0734375
6 0.91640625 0.81171875 0.06640625 0.0765625
9 0.846875 0.4953125 0.06953125 0.01875
7 0.84921875 0.5046875 0.06953125 0.040625
12 0.8484375 0.47109375 0.09140625 0.034375
14 0.8625 0.65234375 0.24375 0.4046875