2 0.25982142812500003 0.3890625 0.2765625 0.33046875 0.275 0.29609375 0.26328125 0.278125 0.24453125 0.278125 0.2359375 0.28828125 0.221875 0.34140625 0.22459821406249997 0.3890625 0.25982142812500003 0.3890625
6 0.8921875 0.06328125 0.0609375 0.0765625
6 0.80234375 0.06796875 0.053125 0.0796875
12 0.871875 0.04921875 0.25625 0.0984375
16 0.428125 0.44765625 0.30625 0.1171875
10 0.25546875 0.5375 0.06953125 0.06875
10 0.590625 0.55234375 0.096875 0.0859375
6 0.51640625 0.73515625 0.146875 0.1265625
6 0.35 0.778125 0.1140625 0.16875
14 0.41328125 0.63046875 0.4515625 0.4828125
16 0.72421875 0.44375 0.1703125 0.109375
10 0.82265625 0.5125 0.053125 0.05
6 0.66875 0.709375 0.059375 0.11875
6 0.715625 0.66171875 0.0609375 0.0921875
14 0.75546875 0.584375 0.2328125 0.390625