14 0.5609375 0.15703125 0.08125 0.3140625
14 0.50390625 0.36015625 0.1390625 0.3390625
7 0.54375 0.0796875 0.03359375 0.065625
13 0.49296875 0.153125 0.053125 0.053125
13 0.54140625 0.01875 0.0453125 0.0375
11 0.5578125 0.4828125 0.01875 0.0515625
11 0.5671875 0.259375 0.01796875 0.0375
15 0.56953125 0.5015625 0.0328125 0.05625
14 0.14296875 0.7546875 0.1578125 0.45
10 0.10390625 0.7015625 0.028125 0.096875
10 0.2140625 0.7203125 0.0328125 0.09296875
15 0.14765625 0.953125 0.02890625 0.08203125
15 0.1984375 0.94453125 0.040625 0.06640625
5 0.64453125 0.76484375 0.7109375 0.4703125