2 0.40390625 0.2484375 0.1328125 0.38125
7 0.0890625 0.4828125 0.03984375 0.0765625
7 0.3125 0.553125 0.0421875 0.09140625
10 0.1875 0.6703125 0.04765625 0.07109375
10 0.20390625 0.703125 0.046875 0.078125
14 0.1125 0.71953125 0.225 0.5609375
14 0.3 0.71953125 0.2375 0.5609375
13 0.33984375 0.47109375 0.0765625 0.0640625
15 0.0125 0.93046875 0.025 0.0890625
15 0.09453125 0.959375 0.0609375 0.08125
14 0.5640625 0.6109375 0.090625 0.29375
7 0.853125 0.6171875 0.03359375 0.053125
14 0.86640625 0.78359375 0.1296875 0.4328125
7 0.53203125 0.5171875 0.0265625 0.046875
13 0.89375 0.596875 0.053125 0.0515625
13 0.85546875 0.55078125 0.0453125 0.04140625
13 0.53359375 0.47265625 0.0296875 0.0296875
15 0.81796875 0.9890625 0.0296875 0.021875
15 0.54375 0.76015625 0.0296875 0.06953125
15 0.5890625 0.7328125 0.04453125 0.0640625