2 0.184375 0.17734375 0.36875 0.3546875
1 0.9890625 0.04765625 0.021875 0.0953125
9 0.90234375 0.03671875 0.1671875 0.0734375
14 0.7796875 0.3 0.440625 0.6
9 0.24453125 0.678125 0.2015625 0.05625
16 0.16640625 0.85390625 0.3328125 0.2921875
14 0.24609375 0.8 0.4921875 0.4
9 0.24453125 0.678125 0.2015625 0.05625
16 0.16640625 0.85390625 0.3328125 0.2921875
14 0.24609375 0.8 0.4921875 0.4
1 0.2265625 0.65234375 0.33125 0.1046875
1 0.68515625 0.88203125 0.0515625 0.096875
14 0.68671875 0.86015625 0.1671875 0.2796875
13 0.68359375 0.85 0.04375 0.0609375