0 0.6421875 0.43203125 0.346875 0.1140625
5 0.234375 0.91484375 0.46875 0.1703125
13 0.71796875 0.53359375 0.1359375 0.0890625
13 0.87890625 0.5578125 0.2015625 0.1109375
13 0.52109375 0.609375 0.0578125 0.0453125
13 0.621875 0.62734375 0.08203125 0.04296875
7 0.52421875 0.66015625 0.0453125 0.0796875
7 0.72890625 0.665625 0.0984375 0.1875
7 0.6375 0.68671875 0.06015625 0.0984375
7 0.834375 0.709375 0.0984375 0.196875
14 0.5265625 0.74296875 0.0984375 0.34609375
14 0.61953125 0.7609375 0.115625 0.3390625
11 0.5125 0.771875 0.0453125 0.0484375
11 0.49921875 0.825 0.053125 0.0671875
14 0.7484375 0.74453125 0.225 0.5109375
14 0.87890625 0.75 0.2421875 0.5
11 0.584375 0.94140625 0.0984375 0.09375
11 0.7765625 0.98515625 0.09375 0.0296875
11 0.63203125 0.97890625 0.1328125 0.0421875
9 0.71796875 0.64296875 0.103125 0.0578125