14 0.34453125 0.1890625 0.1671875 0.378125
9 0.14921875 0.5515625 0.0578125 0.040625
12 0.53828125 0.628125 0.0609375 0.059375
12 0.4203125 0.6296875 0.065625 0.053125
16 0.153125 0.73046875 0.13125 0.2203125
14 0.3171875 0.75 0.1875 0.5
14 0.15390625 0.75 0.2078125 0.5
14 0.52578125 0.7859375 0.0859375 0.428125
14 0.4375 0.79765625 0.125 0.4046875
12 0.3046875 0.534375 0.06875 0.05
9 0.14921875 0.5515625 0.0578125 0.040625
12 0.53828125 0.628125 0.0609375 0.059375
12 0.4203125 0.6296875 0.065625 0.053125
16 0.153125 0.73046875 0.13125 0.2203125
14 0.3171875 0.75 0.1875 0.5
14 0.15390625 0.75 0.2078125 0.5
14 0.52578125 0.7859375 0.0859375 0.428125
14 0.4375 0.79765625 0.125 0.4046875
12 0.3046875 0.534375 0.06875 0.05
1 0.42265625 0.66953125 0.06953125 0.0609375
1 0.3015625 0.58984375 0.09296875 0.0609375
1 0.53828125 0.665625 0.046875 0.06328125
14 0.68671875 0.575 0.1453125 0.35
7 0.653125 0.459375 0.03359375 0.034375
13 0.646875 0.42265625 0.0375 0.0375
11 0.65546875 0.553125 0.0234375 0.03203125
11 0.6953125 0.55546875 0.01796875 0.03359375
15 0.690625 0.72109375 0.0328125 0.0609375
15 0.71875 0.6796875 0.03203125 0.059375