5 0.31484375 0.19453125 0.6296875 0.3890625
5 0.81484375 0.1796875 0.3703125 0.225
14 0.56171875 0.69453125 0.1359375 0.6109375
13 0.5953125 0.409375 0.06875 0.040625
14 0.83125 0.47734375 0.053125 0.1765625
14 0.759375 0.51875 0.078125 0.259375
14 0.91171875 0.73359375 0.1765625 0.5328125
13 0.9859375 0.52109375 0.028125 0.1171875
11 0.76328125 0.43984375 0.0140625 0.028125
11 0.75 0.44375 0.01640625 0.02890625
15 0.74453125 0.61953125 0.03046875 0.05703125
15 0.78359375 0.60625 0.03046875 0.05546875