5 0.2 0.26015625 0.4 0.5203125
0 0.61015625 0.26484375 0.4203125 0.5296875
14 0.3671875 0.5796875 0.065625 0.1
14 0.07421875 0.76484375 0.1484375 0.4703125
10 0.17421875 0.95078125 0.0921875 0.0984375
13 0.0140625 0.56640625 0.028125 0.0734375
15 0.36015625 0.59296875 0.02421875 0.040625
15 0.38984375 0.59296875 0.0203125 0.0453125
14 0.47578125 0.6140625 0.0828125 0.16875
14 0.69453125 0.62890625 0.0671875 0.1984375
11 0.6953125 0.59296875 0.0171875 0.01953125
11 0.68125 0.58203125 0.01171875 0.01953125
15 0.46015625 0.678125 0.025 0.04140625
15 0.49375 0.68515625 0.02421875 0.040625
15 0.678125 0.67890625 0.02578125 0.040625
15 0.6765625 0.70625 0.02265625 0.04453125