5 0.3046875 0.2546875 0.36875 0.45
5 0.06015625 0.2125 0.1203125 0.425
7 0.44375 0.73515625 0.01796875 0.04453125
14 0.22109375 0.778125 0.084375 0.24453125
14 0.440625 0.79609375 0.09296875 0.25
14 0.15390625 0.91875 0.1796875 0.1625
13 0.1640625 0.8765625 0.08046875 0.06953125
13 0.221875 0.6859375 0.02421875 0.02890625
13 0.4453125 0.69921875 0.0234375 0.0234375
11 0.434375 0.79921875 0.021875 0.0265625
15 0.3859375 0.8671875 0.03125 0.03203125
15 0.421875 0.9125 0.02265625 0.05
15 0.6765625 0.496875 0.015625 0.034375