5 0.1796875 0.25546875 0.359375 0.3484375
2 0.76484375 0.21484375 0.2453125 0.4296875
2 0.49453125 0.21484375 0.2703125 0.4296875
12 0.08984375 0.59609375 0.1796875 0.2203125
9 0.08125 0.74375 0.1625 0.1625
14 0.1796875 0.72890625 0.359375 0.5421875
12 0.08984375 0.59609375 0.1796875 0.2203125
9 0.08125 0.74375 0.1625 0.1625
14 0.1796875 0.72890625 0.359375 0.5421875
1 0.0875 0.84140625 0.175 0.2609375
4 0.50625 0.6609375 0.115625 0.096875
3 0.68359375 0.79609375 0.04609375 0.09140625
3 0.8484375 0.67421875 0.0359375 0.06640625
4 0.91328125 0.6625 0.065625 0.06328125
4 0.74765625 0.75625 0.065625 0.0765625