5 0.27734375 0.234375 0.3046875 0.46875
2 0.69140625 0.26171875 0.4015625 0.4140625
10 0.0921875 0.9269662390625001 0.084375 0.9562865328125 0.0873046875 0.9665486359374998 0.109765625 0.9416263875 0.105859375 0.9680146515625001 0.0921875 0.9885388578125 0.1 0.99733494375 0.1361328125 0.9812087828125 0.146875 0.9592185624999999 0.1507812515625 0.8771217390625001 0.1380859375 0.8639276078125 0.1205078125 0.8609955796875 0.0921875 0.9269662390625001
7 0.7953125 0.62890625 0.021875 0.04453125
14 0.5765625 0.68828125 0.0734375 0.215625
14 0.7859375 0.71953125 0.08046875 0.25
14 0.5203125 0.875 0.18125 0.25
13 0.4859375 0.784375 0.0828125 0.06640625
13 0.5765625 0.5859375 0.02421875 0.021875
13 0.796875 0.60078125 0.0234375 0.02109375
11 0.765625 0.66484375 0.0171875 0.02890625
11 0.803125 0.69453125 0.0140625 0.021875
8 0.57421875 0.61171875 0.021875 0.02890625
15 0.5578125 0.79140625 0.028125 0.05
15 0.79609375 0.821875 0.02265625 0.05546875