5 0.17578125 0.12734375 0.3515625 0.2546875
5 0.29375 0.3234375 0.290625 0.43125
5 0.35546875 0.09765625 0.1671875 0.1953125
0 0.6921875 0.340625 0.425 0.396875
13 0.12578125 0.62421875 0.1578125 0.1703125
9 0.13359375 0.5890625 0.0921875 0.1
13 0.3109375 0.73359375 0.15 0.2609375
9 0.2921875 0.75625 0.0875 0.084375
14 0.10390625 0.76953125 0.2078125 0.4609375
14 0.29921875 0.796875 0.2328125 0.40625
13 0.12578125 0.62421875 0.1578125 0.1703125
9 0.13359375 0.5890625 0.0921875 0.1
13 0.3109375 0.73359375 0.15 0.2609375
9 0.2921875 0.75625 0.0875 0.084375
14 0.10390625 0.76953125 0.2078125 0.4609375
14 0.29921875 0.796875 0.2328125 0.40625
1 0.3 0.75703125 0.1421875 0.1296875
1 0.10234375 0.58203125 0.1296875 0.0859375
14 0.56953125 0.59375 0.0765625 0.109375
15 0.546875 0.6125 0.02265625 0.05390625
15 0.5703125 0.61875 0.02265625 0.05859375