5 0.22578125 0.16484375 0.4515625 0.3296875
5 0.51484375 0.16484375 0.2296875 0.3296875
5 0.87578125 0.0921875 0.2484375 0.184375
1 0.4390625 0.4421875 0.18125 0.225
7 0.8453125 0.53046875 0.0453125 0.08359375
7 0.93125 0.640625 0.034375 0.10390625
14 0.82109375 0.6765625 0.1046875 0.49140625
14 0.90859375 0.78671875 0.1734375 0.4265625
13 0.84375 0.48203125 0.04375 0.04140625
13 0.9625 0.59921875 0.05546875 0.034375
11 0.8546875 0.74140625 0.03203125 0.04453125
11 0.76875 0.74609375 0.01796875 0.0484375
15 0.76484375 0.91015625 0.025 0.078125
15 0.7921875 0.91953125 0.028125 0.07109375