5 0.1796875 0.1671875 0.31875 0.334375
5 0.44609375 0.11796875 0.2171875 0.2359375
5 0.63359375 0.13203125 0.2328125 0.2640625
3 0.8078125 0.2390625 0.115625 0.28125
14 0.3328125 0.4625 0.053125 0.165625
14 0.2609375 0.50390625 0.078125 0.2484375
7 0.5390625 0.68515625 0.07734375 0.14140625
14 0.46171875 0.7234375 0.2734375 0.553125
13 0.53828125 0.5015625 0.1296875 0.11640625
11 0.26484375 0.41953125 0.0140625 0.028125
11 0.2515625 0.4234375 0.01640625 0.02890625
15 0.24609375 0.59921875 0.03046875 0.05703125
15 0.28515625 0.5859375 0.03046875 0.05546875