5 0.25 0.259375 0.5 0.51875
0 0.66953125 0.50703125 0.1109375 0.0234375
14 0.81484375 0.68125 0.0796875 0.325
14 0.6703125 0.69609375 0.12109375 0.28046875
7 0.8109375 0.56875 0.0296875 0.0609375
7 0.671875 0.6078125 0.034375 0.065625
13 0.66875 0.5625 0.034375 0.021875
13 0.82109375 0.5265625 0.0453125 0.015625
11 0.64609375 0.61171875 0.01875 0.046875
11 0.6890625 0.60625 0.01875 0.04453125
11 0.803125 0.825 0.03046875 0.0375
11 0.78125 0.77578125 0.01171875 0.0515625
15 0.66171875 0.9734375 0.0265625 0.053125
15 0.70625 0.96640625 0.03828125 0.040625
15 0.8015625 0.98515625 0.04375 0.0296875