5 0.134375 0.25078125 0.26875 0.4765625
5 0.31015625 0.24453125 0.2796875 0.4890625
0 0.5625 0.38828125 0.225 0.2015625
0 0.78671875 0.3265625 0.4265625 0.325
3 0.0078125 0.63515625 0.015625 0.1078125
3 0.1 0.61796875 0.0625 0.0921875
3 0.21484375 0.5609375 0.05859375 0.11484375
3 0.3203125 0.63125 0.05625 0.09375
14 0.51953125 0.55 0.0828125 0.121875
14 0.59453125 0.56015625 0.1109375 0.1421875
10 0.615625 0.59375 0.04296875 0.0625
10 0.559375 0.6 0.02421875 0.05390625
15 0.5921875 0.8234375 0.028125 0.05546875
15 0.62421875 0.815625 0.02890625 0.0609375