5 0.15 0.21171875 0.3 0.4234375
14 0.60234375 0.07734375 0.0609375 0.1546875
11 0.59140625 0.04765625 0.0125 0.025
11 0.60078125 0.0484375 0.0140625 0.02109375
14 0.51484375 0.1015625 0.0890625 0.203125
13 0.4171875 0.06953125 0.04140625 0.02890625
14 0.39296875 0.2046875 0.1328125 0.2859375
10 0.4125 0.29453125 0.02734375 0.05703125
2 0.23741918125 0.459375 0.234375 0.54765625 0.2484375 0.58359375 0.27265625 0.60625 0.2859375 0.60546875 0.296875 0.58984375 0.2921875 0.55390625 0.2984375 0.47421875 0.3 0.46515625 0.3 0.459375 0.28828125 0.459375 0.2859375 0.46796875 0.28046875 0.56875 0.26796875 0.5671875 0.25625 0.55546875 0.2421875 0.52578125 0.2475983796875 0.459375 0.23741918125 0.459375
2 0.3 0.75078125 0.2921875 0.76171875 0.290625 0.81328125 0.28125 0.83046875 0.26796875 0.840625 0.25859375 0.8359375 0.24609375 0.840625 0.2140625 0.87578125 0.2109375 0.90390625 0.2171875 0.93203125 0.2234375 0.93671875 0.2265625 0.88828125 0.24921875 0.8796875 0.26640625 0.8609375 0.28046875 0.8640625 0.29609375 0.85 0.3 0.85811298125 0.3 0.75078125
2 0.6885529890625 0.459375 0.71875 0.55859375 0.6671875 0.76796875 0.6734375 0.79609375 0.6703125 0.83515625 0.68125 0.92578125 0.69140625 0.93125 0.7 0.91953125 0.7015625 0.88046875 0.71171875 0.878125 0.7296875 0.88515625 0.7234375 0.86484375 0.7125 0.85859375 0.7109375 0.83671875 0.7375 0.71015625 0.74609375 0.70625 0.7703125 0.77265625 0.7546875 0.81796875 0.740625 0.84609375 0.73125 0.85078125 0.74140625 0.85625 0.76796875 0.825 0.775 0.82578125 0.771875 0.90234375 0.7890625 0.95078125 0.8015625 0.93984375 0.8015625 0.92890625 0.7859375 0.90390625 0.79375 0.81640625 0.790625 0.70859375 0.7421875 0.55234375 0.7674218749999999 0.459375 0.74353125 0.459375 0.73046875 0.5109375 0.7092371328125 0.459375 0.6885529890625 0.459375