5 0.284375 0.259375 0.56875 0.51875
7 0.9765625 0.053125 0.0421875 0.059375
14 0.97109375 0.1078125 0.0578125 0.215625
14 0.62109375 0.13125 0.1046875 0.2625
14 0.93515625 0.29609375 0.1296875 0.4453125
13 0.959375 0.11875 0.07421875 0.07109375
13 0.98203125 0.01171875 0.0359375 0.0234375
11 0.58125 0.1609375 0.0234375 0.04453125
11 0.678125 0.03984375 0.03046875 0.03046875
8 0.03828125 0.53671875 0.0265625 0.0359375
14 0.14140625 0.62734375 0.0796875 0.2171875
14 0.05390625 0.6203125 0.0859375 0.203125
11 0.13046875 0.6078125 0.015625 0.0109375
11 0.1375 0.6140625 0.0140625 0.025
5 0.784375 0.6640625 0.43125 0.290625