5 0.16171875 0.24921875 0.3234375 0.3390625
14 0.53046875 0.1546875 0.1484375 0.309375
10 0.7921875 0.06953125 0.03828125 0.0984375
10 0.5421875 0.08359375 0.03203125 0.07890625
14 0.87890625 0.209375 0.2421875 0.41875
10 0.84140625 0.2015625 0.0453125 0.07890625
15 0.5265625 0.2546875 0.0546875 0.059375
15 0.5328125 0.23125 0.05234375 0.05703125
16 0.06171875 0.84765625 0.1234375 0.2359375
12 0.04765625 0.63203125 0.0953125 0.0765625
14 0.12265625 0.79609375 0.2453125 0.4078125
7 0.8 0.509375 0.03828125 0.0640625
14 0.79296875 0.640625 0.0890625 0.396875
10 0.8203125 0.7140625 0.01640625 0.04609375
10 0.7640625 0.77109375 0.02421875 0.0625
10 0.97421875 0.9015625 0.028125 0.059375
13 0.7921875 0.45859375 0.04453125 0.034375