5 0.26484375 0.47265625 0.5296875 0.2328125
5 0.29765625 0.3875 0.4640625 0.359375
14 0.92734375 0.028125 0.0484375 0.05625
14 0.75703125 0.23203125 0.1484375 0.4640625
10 0.721875 0.2 0.0265625 0.07890625
14 0.59609375 0.29453125 0.1328125 0.5890625
15 0.778125 0.43125 0.05859375 0.059375
14 0.23359375 0.79453125 0.2265625 0.4109375
10 0.1578125 0.7625 0.0421875 0.1
10 0.04140625 0.95625 0.0796875 0.0875
0 1 0.6198045750000001 0.952488828125 0.6114936171875 0.8156237656249999 0.590212246875 0.6212938671875 0.7114356109375001 0.580675634375 0.8582255328125001 0.55847563125 1 0.9513204156249999 1 0.9931071796875 0.9222508906249999 1 0.906557028125 1 0.6198045750000001