5 0.184375 0.27265625 0.36875 0.2921875
5 0.22265625 0.1234375 0.2921875 0.246875
5 0.684375 0.12265625 0.63125 0.2453125
0 0.0671875 0.6671875 0.134375 0.496875
0 0.2265625 0.67890625 0.284375 0.5203125
14 0.95625 0.459375 0.0875 0.08125
10 0.46875 0.50703125 0.0625 0.128125
14 0.51484375 0.69296875 0.2015625 0.5484375
14 0.60859375 0.709375 0.2296875 0.58125
10 0.53125 0.734375 0.0609375 0.10703125
15 0.84296875 0.42421875 0.0203125 0.0109375
15 0.87421875 0.428125 0.0265625 0.01875
15 0.95234375 0.46484375 0.03046875 0.06953125