5 0.2296875 0.2296875 0.459375 0.459375
5 0.31015625 0.14765625 0.6203125 0.2953125
5 0.409375 0.09375 0.440625 0.1875
10 0.7875 0.1421875 0.0984375 0.17578125
10 0.88203125 0.33671875 0.09140625 0.146875
7 0.64296875 0.34453125 0.0265625 0.1015625
7 0.90625 0.2296875 0.1875 0.459375
7 0.70546875 0.3046875 0.1515625 0.309375
9 0.640625 0.32421875 0.021875 0.0671875
14 0.35546875 0.7296875 0.5484375 0.540625
8 0.26171875 0.73125 0.24296875 0.509375
4 0.26328125 0.64453125 0.1578125 0.1484375
3 0.43984375 0.6484375 0.08984375 0.2203125
1 0.8703125 0.73359375 0.259375 0.5328125