5 0.21484375 0.28515625 0.4296875 0.5703125
5 0.29140625 0.14765625 0.2765625 0.2953125
10 0.89765625 0.04609375 0.0453125 0.08046875
14 0.93671875 0.13828125 0.1265625 0.2765625
10 0.88984375 0.11796875 0.0390625 0.0890625
15 0.4234375 0.9 0.0125 0.046875
15 0.36640625 0.878125 0.0640625 0.0375
15 0.30546875 0.8640625 0.04375 0.0484375
15 0.23359375 0.8515625 0.0484375 0.0375
15 0.15390625 0.8265625 0.0421875 0.0359375
11 0.18984375 0.6125 0.040625 0.0453125
11 0.24296875 0.6484375 0.0296875 0.0375
11 0.26328125 0.64140625 0.0375 0.0375
11 0.3734375 0.65390625 0.0375 0.0359375
14 0.18828125 0.7125 0.1046875 0.265625
14 0.2671875 0.734375 0.115625 0.309375
14 0.38203125 0.75078125 0.0953125 0.3421875
10 0.8953125 0.88203125 0.059375 0.0671875
10 0.85859375 0.74453125 0.0578125 0.0734375
14 0.934375 0.80078125 0.13125 0.3984375