5 0.0890625 0.30859375 0.178125 0.6171875
5 0.3234375 0.35234375 0.371875 0.7015625
14 0.88671875 0.409375 0.2265625 0.81875
14 0.64765625 0.4453125 0.2234375 0.746875
10 0.546875 0.49375 0.07421875 0.0984375
10 0.6453125 0.51015625 0.06484375 0.11328125
10 0.7921875 0.53046875 0.06953125 0.10546875
11 0.625 0.56171875 0.0578125 0.08671875
10 0.8328125 0.596875 0.06484375 0.1078125
13 0.85234375 0.01640625 0.1453125 0.0328125
8 0.83984375 0.09453125 0.06484375 0.1703125
11 0.04140625 0.9421875 0.0828125 0.115625
13 0.32265625 0.93046875 0.1921875 0.1171875
14 0.28046875 0.92421875 0.4578125 0.1515625
2 0.7890625 0.909375 0.421875 0.18125