5 0.35 0.35859375 0.378125 0.2015625
5 0.159375 0.22109375 0.31875 0.4421875
13 0.9 0.196875 0.06953125 0.0578125
13 0.98671875 0.20625 0.0265625 0.071875
8 0.8921875 0.2578125 0.053125 0.06015625
10 0.84453125 0.4453125 0.0796875 0.028125
14 0.90703125 0.36484375 0.1859375 0.1890625
14 0.3078125 0.76328125 0.4625 0.2859375
11 0.1171875 0.79453125 0.0453125 0.06953125
8 0.22265625 0.8328125 0.0890625 0.103125
8 0.17265625 0.97421875 0.1109375 0.0515625
13 0.73671875 0.48125 0.0921875 0.04375
8 0.55546875 0.53828125 0.0328125 0.1328125
7 0.73671875 0.54375 0.06484375 0.1078125
11 0.62578125 0.725 0.05546875 0.09140625
14 0.75390625 0.7296875 0.2921875 0.540625
11 0.69296875 0.784375 0.0453125 0.06484375
14 0.896875 0.7296875 0.20625 0.540625
11 0.8578125 0.82109375 0.03359375 0.0625
11 0.6359375 0.928125 0.05078125 0.07421875
9 0.75 0.546875 0.05546875 0.04296875