5 0.09375 0.2 0.1875 0.4
5 0.328125 0.2 0.34375 0.4
2 0.6390625 0.2 0.278125 0.4
7 0.0796875 0.509375 0.0671875 0.071875
7 0.321875 0.5484375 0.05546875 0.0671875
7 0.20859375 0.56640625 0.05078125 0.05546875
7 0.40703125 0.575 0.053125 0.0625
10 0.4890625 0.64375 0.021875 0.0875
10 0.2640625 0.7 0.0359375 0.09609375
10 0.184375 0.7234375 0.0359375 0.10078125
10 0.3765625 0.7234375 0.0453125 0.0765625
10 0.025 0.75859375 0.03828125 0.0796875
14 0.06953125 0.709375 0.1390625 0.58125
14 0.20546875 0.73046875 0.1265625 0.5390625
14 0.30859375 0.73515625 0.1140625 0.5296875
14 0.41953125 0.75 0.1328125 0.5
9 0.40546875 0.5640625 0.0453125 0.02890625
9 0.08515625 0.4890625 0.06953125 0.03359375
12 0.9625 0.5 0.0453125 0.0484375
12 0.77265625 0.58359375 0.0359375 0.04296875
12 0.89765625 0.6125 0.0265625 0.02890625
10 0.675 0.6453125 0.08203125 0.09375
14 0.9375 0.6765625 0.125 0.4125
11 0.92421875 0.6796875 0.01171875 0.02890625
11 0.796875 0.6875 0.0171875 0.02421875
14 0.80234375 0.71953125 0.1296875 0.3296875
10 0.74609375 0.7296875 0.0453125 0.103125
14 0.65078125 0.7 0.3015625 0.6
8 0.69921875 0.4203125 0.0515625 0.040625