5 0.21953125 0.19296875 0.4390625 0.3859375
9 0.5296875 0.25 0.053125 0.028125
8 0.5328125 0.27109375 0.053125 0.0640625
8 0.7703125 0.2734375 0.05 0.0625
8 0.9671875 0.32109375 0.059375 0.0734375
12 0.55390625 0.21484375 0.0796875 0.0765625
12 0.7765625 0.21796875 0.078125 0.0765625
12 0.9640625 0.24296875 0.071875 0.0765625
12 0.49296875 0.246875 0.0609375 0.059375
14 0.55234375 0.30078125 0.1609375 0.2578125
14 0.7734375 0.30703125 0.146875 0.2453125
14 0.95546875 0.31328125 0.0890625 0.2328125
8 0.2953125 0.72421875 0.0671875 0.103125
10 0.38828125 0.9140625 0.0796875 0.084375
11 0.03359375 0.93359375 0.01953125 0.05078125
14 0.29609375 0.79765625 0.1984375 0.4046875
13 0.3015625 0.64140625 0.1421875 0.09140625
14 0.12265625 0.925 0.1515625 0.15
14 0.73046875 0.71484375 0.4828125 0.5703125
11 0.8890625 0.69921875 0.06484375 0.09140625