5 0.0796875 0.3484375 0.159375 0.321875
5 0.25546875 0.365625 0.2390625 0.2875
5 0.46953125 0.35546875 0.2890625 0.3078125
5 0.58984375 0.34921875 0.1796875 0.3203125
5 0.83984375 0.18515625 0.3203125 0.2515625
2 0.47109375 0.590625 0.4703125 0.61953125 0.4625 0.62890625 0.4578125 0.65390625 0.43828125 0.684375 0.41875 0.69140625 0.41875 0.70078125 0.42734375 0.709375 0.45859375 0.6859375 0.45625 0.72578125 0.4609375 0.72734375 0.475 0.67421875 0.471875 0.63984375 0.465625 0.64296875 0.465625 0.63359375 0.471875 0.63359375 0.47109375 0.590625
2 0.346875 0.61640625 0.36875 0.57109375 0.375 0.53828125 0.3765625 0.51640625 0.36484375 0.5140625 0.3546875 0.56953125 0.3328125 0.61171875 0.33125 0.62890625 0.33984375 0.6484375 0.3640625 0.65703125 0.3734375 0.71015625 0.3890625 0.73984375 0.3984375 0.74296875 0.4046875 0.73671875 0.3734375 0.66796875 0.36875 0.61484375 0.35234375 0.63125 0.346875 0.62734375 0.346875 0.61640625
8 0.78203125 0.76796875 0.1328125 0.1578125
8 0.928125 0.81171875 0.109375 0.1328125
8 0.69921875 0.709375 0.0390625 0.109375
13 0.81484375 0.61484375 0.1890625 0.1203125
13 0.940625 0.6875 0.11875 0.103125
14 0.83984375 0.778125 0.3203125 0.44375
3 0.9015625 0.746875 0.05625 0.09375