5 0.19296875 0.3515625 0.2984375 0.075
5 0.29765625 0.315625 0.1828125 0.146875
2 0.5625 0.06171875 0.253125 0.1234375
7 0.01328125 0.42265625 0.0265625 0.0671875
10 0.153125 0.47265625 0.05078125 0.0859375
10 0.08671875 0.47421875 0.046875 0.075
10 0.04921875 0.559375 0.059375 0.1125
10 0.11875 0.6203125 0.02578125 0.0734375
14 0.23125 0.69453125 0.275 0.6109375
14 0.1046875 0.69453125 0.209375 0.6109375
15 0.26953125 0.95234375 0.06796875 0.0640625
15 0.33671875 0.8890625 0.0578125 0.07109375
10 0.70390625 0.42890625 0.0328125 0.0796875
10 0.73359375 0.43984375 0.0359375 0.084375
14 0.81796875 0.628125 0.1703125 0.478125
14 0.60546875 0.6515625 0.1390625 0.525
15 0.6046875 0.8421875 0.0578125 0.05703125