5 0.12265625 0.31171875 0.2453125 0.5421875
5 0.3625 0.35703125 0.234375 0.5234375
12 0.53359375 0.3953125 0.1078125 0.134375
12 0.7875 0.34921875 0.1125 0.1078125
12 0.50234375 0.23046875 0.0453125 0.0953125
14 0.53984375 0.478125 0.1203125 0.28125
14 0.734375 0.4546875 0.246875 0.328125
10 0.91796875 0.29375 0.0515625 0.0515625
14 0.509375 0.32734375 0.059375 0.2671875
14 0.0921875 0.809375 0.184375 0.38125
7 0.78046875 0.94453125 0.0578125 0.1109375
14 0.78125 0.8953125 0.2375 0.209375
13 0.815625 0.83828125 0.09921875 0.0984375