5 0.0953125 0.2 0.190625 0.4
5 0.184375 0.065625 0.36875 0.13125
5 0.3 0.1796875 0.31875 0.359375
16 0.52734375 0.2453125 0.1359375 0.171875
10 0.6109375 0.353125 0.053125 0.046875
9 0.4875 0.11796875 0.05625 0.0234375
7 0.4859375 0.13125 0.053125 0.046875
12 0.490625 0.08828125 0.0625 0.0515625
14 0.56640625 0.23359375 0.2140625 0.3328125
2 0.11953125 0.51953125 0.115625 0.10390625
0 0.459375 0.4 0.459375 0.54559135625 0.5197307999999999 0.7050371609375 0.6431478328125 0.8065408140624999 0.7546264875 1 0.9907607453124999 1 1 0.9534029765625001 1 0.911969640625 0.7841328781250001 0.4 0.459375 0.4