5 0.25 0.18984375 0.5 0.3796875
2 0.5 0 0.5 0.13290769062500002 0.5600859375 0.3254265625 0.6026984375 0.2998578125 0.56150625 0.1691765625 0.6978687499999999 0.13224375 0.7660515625000001 0.0839484375 0.7930390624999999 0.0839484375 0.8555390624999999 0.176278125 0.8953125 0.191903125 0.876846875 0.13224375 0.8697437499999999 0.0882109375 0.8214484375 0.0626421875 0.7916187499999999 0.0171875 0.7878375375 0 0.742633634375 0 0.7490062500000001 0.020028125 0.7561078125 0.0626421875 0.6353687499999999 0.1180390625 0.564346875 0.1379265625 0.5430390625 0.0967328125 0.5629265625000001 0.06974375000000001 0.5515625 0.004403125 0.5427565046875 0 0.5 0
16 0.3921875 0.59375 0.14140625 0.175
10 0.48984375 0.70859375 0.0203125 0.0484375
6 0.45078125 0.846875 0.0984375 0.090625
6 0.36796875 0.8421875 0.0609375 0.0875
12 0.4296875 0.4453125 0.1359375 0.0609375
14 0.39453125 0.65390625 0.2109375 0.4796875
16 0.90390625 0.7890625 0.1921875 0.28125
10 0.81015625 0.971875 0.1046875 0.05625
9 0.9625 0.584375 0.075 0.0375
7 0.959375 0.60546875 0.08125 0.0828125
12 0.93515625 0.528125 0.1296875 0.09375
14 0.85546875 0.7453125 0.2890625 0.509375