5 0.18046875 0.17578125 0.3609375 0.3515625
5 0.3578125 0.2375 0.384375 0.403125
6 0.9390625 0.03125 0.08125 0.0625
6 0.82265625 0.03125 0.0796875 0.0625
16 0.09765625 0.51953125 0.1953125 0.1609375
6 0.14921875 0.82265625 0.0953125 0.1296875
6 0.02578125 0.82265625 0.0515625 0.1265625
14 0.13125 0.67265625 0.2625 0.4671875
9 0.5671875 0.7796875 0.034375 0.015625
7 0.56484375 0.7890625 0.0296875 0.034375
10 0.6390625 0.8234375 0.05234375 0.0375
12 0.565625 0.76171875 0.03125 0.0359375
14 0.60859375 0.8703125 0.1171875 0.259375