5 0.3046875 0.23203125 0.609375 0.4640625
16 0.86796875 0.03671875 0.2640625 0.0734375
10 0.6921875 0.115625 0.078125 0.071875
6 0.80859375 0.34296875 0.1 0.1640625
6 0.94609375 0.2765625 0.09140625 0.11875
14 0.81953125 0.2171875 0.3609375 0.434375
16 0.3921875 0.61796875 0.20546875 0.1984375
10 0.30859375 0.75625 0.06640625 0.05
10 0.5140625 0.71640625 0.0390625 0.0484375
6 0.4671875 0.890625 0.128125 0.115625
6 0.34296875 0.90234375 0.0859375 0.1078125
9 0.44765625 0.478125 0.0609375 0.01875
7 0.44375 0.49296875 0.065625 0.0484375
14 0.4015625 0.71484375 0.35 0.4921875
16 0.64296875 0.625 0.0671875 0.146875
10 0.659375 0.715625 0.01953125 0.03125
6 0.628125 0.84765625 0.0375 0.0671875
14 0.6515625 0.67578125 0.084375 0.4109375