5 0.2 0.41875 0.4 0.68125
16 0.49765625 0.25625 0.15859375 0.146875
10 0.41875 0.3484375 0.0375 0.0375
10 0.60234375 0.3453125 0.0390625 0.04375
6 0.48125 0.48046875 0.0640625 0.0859375
6 0.521875 0.45703125 0.05 0.0765625
9 0.51328125 0.14765625 0.075 0.01875
7 0.509375 0.15546875 0.071875 0.0421875
12 0.50625 0.121875 0.103125 0.0421875
14 0.51796875 0.3125 0.2359375 0.43125
16 0.08203125 0.8203125 0.1640625 0.121875
10 0.16640625 0.8921875 0.04140625 0.071875
14 0.1109375 0.8796875 0.221875 0.240625