5 0.21953125 0.25625 0.4390625 0.4875
5 0.315625 0.42265625 0.246875 0.1546875
16 0.575 0.12578125 0.271875 0.2515625
10 0.73125 0.28359375 0.071875 0.0671875
10 0.46171875 0.29453125 0.0453125 0.0703125
6 0.48984375 0.4640625 0.0890625 0.071875
6 0.65390625 0.46015625 0.1140625 0.0796875
14 0.625 0.25 0.371875 0.5
12 0.01953125 0.6109375 0.0390625 0.0875
16 0.03984375 0.83515625 0.0796875 0.2453125
14 0.084375 0.77734375 0.16875 0.4453125
16 0.55078125 0.69921875 0.2234375 0.2234375
10 0.65390625 0.82421875 0.04140625 0.0515625
6 0.6015625 0.97421875 0.084375 0.0515625
6 0.47890625 0.9828125 0.0796875 0.034375
12 0.509375 0.52421875 0.140625 0.0484375
14 0.57265625 0.75 0.2671875 0.5