5 0.53671875 0.553125 0.1453125 0.353125
16 0.63515625 0.21953125 0.0515625 0.1734375
10 0.69140625 0.3234375 0.04140625 0.053125
6 0.6328125 0.47421875 0.046875 0.0984375
14 0.66796875 0.284375 0.1171875 0.484375
10 0.346875 0.7421875 0.05 0.025
10 0.16484375 0.7390625 0.0359375 0.01875
6 0.20234375 0.85625 0.0890625 0.075
6 0.28828125 0.85703125 0.06640625 0.0765625
14 0.2546875 0.81640625 0.271875 0.1734375
14 0.7265625 0.86484375 0.234375 0.2703125
16 0.7140625 0.77265625 0.209375 0.0859375
10 0.78515625 0.85703125 0.06953125 0.0671875