10 0.9421875 0.01328125 0.028125 0.0265625
10 0.7828125 0.0171875 0.03046875 0.03125
6 0.80234375 0.11171875 0.0359375 0.0578125
6 0.8828125 0.12578125 0.053125 0.0703125
14 0.85703125 0.08359375 0.2109375 0.1671875
10 0.4625 0.7046875 0.034375 0.065625
7 0.4640625 0.35703125 0.03125 0.0734375
14 0.44140625 0.59921875 0.0765625 0.7140625
16 0.9125 0.45234375 0.1140625 0.0984375
6 0.92109375 0.596875 0.046875 0.05625
6 0.878125 0.60234375 0.05 0.0640625
12 0.9109375 0.3640625 0.0625 0.03125
14 0.91015625 0.49375 0.1796875 0.29375