5 0.26484375 0.234375 0.4484375 0.46875
10 0.60234375 0.13828125 0.075 0.0671875
6 0.6375 0.32890625 0.20546875 0.1296875
6 0.50859375 0.32265625 0.0390625 0.1296875
14 0.61796875 0.2 0.2578125 0.4
16 0.35625 0.77109375 0.265625 0.2921875
10 0.3640625 0.978125 0.103125 0.04375
12 0.4078125 0.53125 0.1625 0.0625
7 0.46640625 0.590625 0.0453125 0.0875
14 0.34140625 0.75 0.2953125 0.5
10 0.58125 0.5296875 0.05859375 0.0375
10 0.76015625 0.52890625 0.0390625 0.0390625
6 0.603125 0.62890625 0.05859375 0.0703125
6 0.703125 0.65546875 0.0640625 0.0859375
14 0.6640625 0.60078125 0.253125 0.2015625