5 0.09453125 0.5421875 0.1890625 0.153125
5 0.3 0.5515625 0.21875 0.134375
16 0.52734375 0.0921875 0.2359375 0.184375
10 0.41484375 0.184375 0.0109375 0.05
10 0.646875 0.1859375 0.028125 0.046875
6 0.58984375 0.35859375 0.075 0.0984375
6 0.48125 0.38828125 0.08046875 0.1078125
14 0.553125 0.22265625 0.2875 0.4453125
5 0.14453125 0.9109375 0.2890625 0.178125
9 0.72421875 0.69140625 0.3203125 0.1453125
8 0.8171875 0.73828125 0.1296875 0.228125
13 0.94296875 0.65546875 0.1140625 0.0734375
14 0.7015625 0.809375 0.584375 0.38125
3 0.61875 0.675 0.08125 0.1125