5 0.11796875 0.13359375 0.2359375 0.2671875
5 0.303125 0.15078125 0.19375 0.3015625
16 0.7296875 0.23125 0.19453125 0.178125
10 0.603125 0.3453125 0.046875 0.046875
10 0.8890625 0.32890625 0.053125 0.0546875
9 0.7546875 0.10078125 0.08359375 0.025
7 0.74921875 0.115625 0.09453125 0.053125
12 0.740625 0.071875 0.11953125 0.05625
14 0.74375 0.23359375 0.36875 0.3703125
12 0.16796875 0.50703125 0.0765625 0.0765625
16 0.1875 0.72421875 0.14375 0.2390625
14 0.175 0.7234375 0.309375 0.553125
16 0.7703125 0.6375 0.26640625 0.2625
10 0.8484375 0.82734375 0.08359375 0.0734375
6 0.61953125 0.9734375 0.1828125 0.053125
6 0.8265625 0.96640625 0.203125 0.0671875
12 0.7578125 0.42890625 0.203125 0.0203125
7 0.821875 0.459375 0.09453125 0.0671875
14 0.73359375 0.709375 0.4390625 0.58125