5 0.090625 0.25078125 0.18125 0.2765625
5 0.2078125 0.2390625 0.415625 0.3
5 0.265625 0.2109375 0.30625 0.35625
9 0.18515625 0.49375 0.3703125 0.096875
8 0.165625 0.55234375 0.303125 0.2015625
13 0.17421875 0.41875 0.3171875 0.059375
14 0.209375 0.69453125 0.41875 0.6109375
3 0.3515625 0.596875 0.06640625 0.12734375
16 0.71015625 0.49296875 0.2546875 0.2078125
10 0.8625 0.596875 0.0359375 0.08125
10 0.61484375 0.64609375 0.096875 0.0703125
6 0.646875 0.8640625 0.15546875 0.159375
6 0.7875 0.82109375 0.1859375 0.1359375
14 0.68125 0.6703125 0.459375 0.5625