5 0.18984375 0.29453125 0.3796875 0.5890625
8 0.73125 0.0640625 0.128125 0.128125
8 0.97421875 0.109375 0.0515625 0.153125
14 0.58515625 0.29453125 0.4109375 0.5890625
16 0.5328125 0.3046875 0.30625 0.44375
14 0.8890625 0.29453125 0.221875 0.5890625
11 0.88359375 0.54609375 0.1296875 0.0859375
10 0.625 0.56953125 0.15 0.0390625
10 0.778125 0.5671875 0.125 0.04375
2 0.03828125 0.86328125 0.0765625 0.1578125
2 0.1765625 0.84140625 0.084375 0.165625
2 0.27265625 0.77734375 0.07734375 0.1640625
2 0.35859375 0.6828125 0.0421875 0.1875
2 0.31875 0.6296875 0.08125 0.08125
16 0.7796875 0.64296875 0.315625 0.1078125
6 0.77265625 0.93125 0.1203125 0.1375
6 0.940625 0.94921875 0.11875 0.1015625
14 0.7703125 0.79453125 0.459375 0.4109375