5 0.284375 0.225 0.56875 0.409375
8 0.91875 0.046875 0.1625 0.09375
14 0.834375 0.21484375 0.33125 0.4296875
16 0.8890625 0.275 0.221875 0.309375
8 0.39765625 0.434375 0.0390625 0.009375
12 0.19921875 0.44609375 0.0515625 0.0328125
12 0.0109375 0.44296875 0.021875 0.0265625
8 0.1328125 0.4546875 0.028125 0.05
8 0.00703125 0.48515625 0.0140625 0.0640625
16 0.40390625 0.5390625 0.1015625 0.20078125
11 0.065625 0.55546875 0.0578125 0.065625
16 0.20625 0.55625 0.08515625 0.19609375
16 0.13359375 0.5609375 0.0671875 0.1625
14 0.40859375 0.6703125 0.1390625 0.48125
14 0.121875 0.65703125 0.096875 0.4546875
10 0.346875 0.64375 0.03125 0.05546875
14 0.21328125 0.66640625 0.1203125 0.4734375
10 0.15 0.6609375 0.021875 0.04375
10 0.2625 0.66796875 0.02421875 0.0421875
14 0.028125 0.6796875 0.05625 0.5
10 0.090625 0.67265625 0.028125 0.05859375
10 0.4453125 0.6765625 0.0390625 0.06015625
10 0.0375 0.7078125 0.0265625 0.0515625
9 0.1328125 0.440625 0.0375 0.021875