5 0.3046875 0.3421875 0.609375 0.634375
5 0.69296875 0.37421875 0.0859375 0.5703125
5 0.825 0.48046875 0.35 0.3578125
12 0.57890625 0.87265625 0.0421875 0.04375
12 0.4796875 0.896875 0.040625 0.0421875
12 0.3125 0.903125 0.0390625 0.04375
12 0.1625 0.9140625 0.04296875 0.03984375
12 0.06953125 0.91640625 0.0453125 0.03828125
12 0.40546875 0.91796875 0.03828125 0.03515625
8 0.58125 0.9203125 0.0296875 0.06015625
8 0.484375 0.93671875 0.034375 0.05
12 0.24921875 0.9421875 0.0421875 0.0453125
8 0.31640625 0.9453125 0.034375 0.0515625
8 0.16796875 0.9515625 0.04375 0.046875
8 0.0703125 0.959375 0.0359375 0.05390625
8 0.40625 0.96171875 0.03828125 0.04375
8 0.246875 0.975 0.0296875 0.05
16 0.5890625 0.9625 0.084375 0.075
16 0.4890625 0.978125 0.09375 0.04375
14 0.59453125 0.925 0.0984375 0.15
14 0.3234375 0.9421875 0.084375 0.115625
14 0.49296875 0.9375 0.0984375 0.125
14 0.1609375 0.94609375 0.090625 0.1078125
9 0.3140625 0.93125 0.03515625 0.0203125
9 0.1640625 0.94375 0.0296875 0.025