5 0.09140625 0.19609375 0.1828125 0.2859375
5 0.2296875 0.18203125 0.459375 0.3140625
8 0.79140625 0.03046875 0.0890625 0.0609375
16 0.81484375 0.17578125 0.3703125 0.2734375
14 0.796875 0.16953125 0.40625 0.3390625
10 0.64296875 0.31015625 0.1015625 0.0578125
10 0.95625 0.31640625 0.0875 0.0453125
9 0.79921875 0.0046875 0.1046875 0.009375
3 0.38828125 0.54921875 0.0296875 0.08046875
4 0.315625 0.5078125 0.1078125 0.0765625
12 0.51796875 0.375 0.1171875 0.071875
8 0.509375 0.446875 0.1 0.109375
11 0.596875 0.4828125 0.09921875 0.06484375
14 0.68515625 0.6765625 0.4515625 0.646875
16 0.66875 0.75859375 0.41875 0.4828125