5 0.22265625 0.29765625 0.4453125 0.4234375
7 0.43515625 0.59140625 0.040625 0.08203125
7 0.265625 0.59375 0.05078125 0.05859375
14 0.24140625 0.67734375 0.0828125 0.3359375
14 0.42265625 0.734375 0.1140625 0.45
13 0.4578125 0.5265625 0.04375 0.034375
13 0.259375 0.55 0.0390625 0.03203125
11 0.4421875 0.86796875 0.028125 0.04296875
11 0.215625 0.815625 0.01484375 0.03359375
7 0.7328125 0.63828125 0.02578125 0.03359375
14 0.8296875 0.65078125 0.06015625 0.275
14 0.9171875 0.66640625 0.05546875 0.296875
14 0.72890625 0.66875 0.0453125 0.18359375
14 0.64296875 0.678125 0.06875 0.17109375
14 0.68671875 0.83671875 0.1421875 0.3265625
7 0.828125 0.55 0.02265625 0.034375
7 0.9140625 0.57578125 0.02109375 0.053125
13 0.66171875 0.7015625 0.0609375 0.05390625
13 0.64375 0.603125 0.02734375 0.0234375
13 0.73125 0.6046875 0.028125 0.028125
13 0.8296875 0.52578125 0.01796875 0.01640625
13 0.9140625 0.53828125 0.03046875 0.01953125
11 0.9390625 0.70234375 0.0203125 0.021875
11 0.81875 0.62421875 0.0171875 0.01953125
11 0.84375 0.61015625 0.0140625 0.0234375
8 0.64453125 0.63515625 0.0234375 0.034375