2 0.1875 0.20859375 0.19375 0.20234375 0.190625 0.18828125 0.2359375 0.08203125 0.23359375 0.0765625 0.22109375 0.078125 0.209375 0.09296875 0.1671875 0.19140625 0.15234375 0.203125 0.13203125 0.190625 0.1203125 0.17421875 0.109375 0.14296875 0.1109375 0.11640625 0.0875 0.12421875 0.0859375 0.15234375 0.10625 0.19765625 0.1046875 0.21328125 0.115625 0.22421875 0.115625 0.23046875 0.0921875 0.24765625 0.0875 0.26796875 0.09296875 0.28125 0.1125 0.28671875 0.13046875 0.2796875 0.13671875 0.2859375 0.1821015625 0.24616406249999997 0.328409375 0.2901984375 0.3269890625 0.2660515625 0.1875 0.20859375
16 0.740625 0.06484375 0.240625 0.1296875
10 0.5703125 0.14921875 0.05 0.0640625
6 0.7140625 0.3328125 0.15625 0.071875
14 0.70703125 0.184375 0.3609375 0.36875
16 0.27421875 0.52421875 0.3203125 0.3109375
10 0.3265625 0.7671875 0.121875 0.078125
6 0.3390625 0.90234375 0.1859375 0.1359375
6 0.265625 0.9484375 0.246875 0.103125
14 0.271875 0.684375 0.375 0.63125
16 0.75546875 0.71875 0.271875 0.275
10 0.89296875 0.89765625 0.075 0.0671875
12 0.75 0.4765625 0.2140625 0.078125
14 0.79609375 0.715625 0.4078125 0.56875