5 0.209375 0.25859375 0.41875 0.3453125
14 0.88046875 0.22109375 0.1234375 0.4125
10 0.8421875 0.23046875 0.028125 0.0625
10 0.91875 0.26953125 0.02265625 0.07109375
13 0.91875 0.05703125 0.040625 0.0484375
15 0.83125 0.4 0.053125 0.05859375
7 0.015625 0.79453125 0.03125 0.0578125
14 0.2265625 0.8203125 0.0671875 0.240625
14 0.3109375 0.85859375 0.0875 0.2828125
14 0.06171875 0.8625 0.1234375 0.275
7 0.0984375 0.65 0.025 0.040625
7 0.05625 0.64765625 0.0203125 0.0359375
10 0.01875 0.9390625 0.0375 0.0625
14 0.0546875 0.70703125 0.046875 0.1546875
7 0.1625 0.6328125 0.015625 0.00625
7 0.2375 0.7421875 0.01953125 0.0390625
7 0.31875 0.74921875 0.03515625 0.06640625
14 0.15703125 0.7578125 0.0640625 0.25625
14 0.1015625 0.759375 0.06875 0.259375
13 0.0203125 0.73046875 0.040625 0.0359375
13 0.328125 0.70390625 0.03671875 0.03203125
13 0.240625 0.709375 0.02578125 0.0265625
11 0.12109375 0.76484375 0.0109375 0.034375
11 0.0546875 0.6984375 0.0125 0.01796875
11 0.1390625 0.7328125 0.01171875 0.025
15 0.096875 0.8859375 0.015625 0.03359375
15 0.1140625 0.8828125 0.01875 0.0375
15 0.1515625 0.88515625 0.0140625 0.03203125
15 0.1703125 0.8828125 0.01640625 0.0375
5 0.815625 0.92265625 0.36875 0.1546875