9 0.37578125 0.3625 0.134375 0.03359375
7 0.37890625 0.37890625 0.14140625 0.06953125
12 0.3671875 0.32109375 0.184375 0.08125
14 0.35546875 0.40859375 0.5265625 0.2421875
12 0.72578125 0.17578125 0.0859375 0.1203125
12 0.6390625 0.396875 0.040625 0.103125
10 0.7546875 0.4640625 0.04375 0.065625
10 0.7859375 0.265625 0.059375 0.053125
14 0.73984375 0.3203125 0.2015625 0.41875
14 0.63203125 0.38046875 0.0265625 0.2984375
14 0.6546875 0.4421875 0.071875 0.175
1 0.2703125 0.88046875 0.23125 0.2390625
1 0.49375 0.9375 0.25 0.125
1 0.75 0.671875 0.140625 0.1765625
14 0.809375 0.76484375 0.38125 0.4703125