2 0.3041071046875 0 0.30415156250000003 0.00124375 0.2653984375 0.0307703125 0.2450984375 0.07321562499999999 0.2700109375 0.0972046875 0.288465625 0.052915625 0.30691875 0.04184375 0.30230625 0.1064328125 0.3198375 0.11750468750000001 0.3438265625 0.10550937499999999 0.34475 0.1544125 0.35766718750000004 0.189475 0.3705859375 0.1940890625 0.376121875 0.1765578125 0.3705859375 0.13872656249999998 0.3715078125 0.049225000000000005 0.4296390625 0.06029687500000001 0.456396875 0.0759828125 0.456396875 0.1451859375 0.47946406250000007 0.18209375 0.49607343750000005 0.1700984375 0.48776875000000003 0.1451859375 0.47761875 0.0925921875 0.4868453125 0.08151875 0.476696875 0.06029687500000001 0.4868453125 0.035384375 0.47799921875000007 0 0.3041071046875 0
11 0.9203125 0.3484375 0.159375 0.175
14 0.68828125 0.26953125 0.3171875 0.5390625
14 0.94453125 0.26953125 0.1109375 0.5390625
14 0.3484375 0.728125 0.3625 0.378125
6 0.3890625 0.83671875 0.2078125 0.1390625
6 0.35546875 0.77265625 0.175 0.1265625
16 0.83984375 0.58671875 0.2359375 0.0953125
10 0.9578125 0.66171875 0.071875 0.0609375
10 0.721875 0.66171875 0.071875 0.0546875
6 0.88984375 0.8390625 0.0859375 0.128125
6 0.75 0.84140625 0.0890625 0.1203125
14 0.83046875 0.73203125 0.3390625 0.3859375