0 0.0597478 0 0 0.08983145000000001 0 0.291982221875 0.11347820625 0.33005706562500003 0.459375 0.3512766234375 0.459375 0.0054456375 0.3994482109375 0 0.0597478 0
0 0 0.45 0.459375 0.45 0.459375 0.3993011125 0 0.3030014640625 0 0.45
14 0.53515625 0.1890625 0.1515625 0.378125
15 0.56875 0.31328125 0.06015625 0.1
15 0.503125 0.22109375 0.0546875 0.071875
7 0.16953125 0.47109375 0.0546875 0.0421875
10 0.053125 0.634375 0.04375 0.096875
10 0.1734375 0.68984375 0.05859375 0.11640625
14 0.13828125 0.725 0.2390625 0.55
15 0.16015625 0.971875 0.0453125 0.05625
15 0.209375 0.96015625 0.053125 0.0796875
12 0.7849609375 0.482421875 0.7478515625 0.498046875 0.7068359375 0.52734375 0.6921875 0.5517578125 0.686328125 0.6220703125 0.7 0.6708984375 0.68828125 0.7021484375 0.69609375 0.7041015625 0.8689453125 0.634765625 0.924609375 0.5947265625 0.932421875 0.5654296875 0.8845703125 0.509765625 0.8455078125 0.484375 0.7849609375 0.482421875
11 0.459375 0.54543928125 0.5037109375 0.57421875 0.549609375 0.5732421875 0.5486328125 0.52734375 0.4763671875 0.51953125 0.459375 0.5306640625 0.459375 0.54543928125
11 0.705859375 0.8701171875 0.72734375 0.8857421875 0.7751953125 0.86328125 0.79765625 0.8447265625 0.79765625 0.8330078125 0.7673828125 0.83203125 0.7185546875 0.849609375 0.705859375 0.8701171875
11 0.58671875 0.9658203125 0.6013671875 0.984375 0.61796875 0.9892578125 0.6599609375 0.986328125 0.6892578125 0.97265625 0.6921875 0.9580078125 0.6736328125 0.939453125 0.5974609375 0.943359375 0.58671875 0.9658203125
3 0.8757715171874999 0.45 0.8703448390624999 0.49122376875 0.8842964234374999 0.4927178484375 0.9007393578125 0.478274678125 0.9050439906250001 0.45 0.8757715171874999 0.45
3 0.8050714375 0.6876860140625001 0.8235074609374999 0.7225488578125 0.8334728671875 0.7240429765625 0.8469261484375 0.7021291749999999 0.8309815140625 0.686191878125 0.8050714375 0.6876860140625001