9 0.24375 0.103125 0.328125 0.06328125
12 0.23125 0.04296875 0.396875 0.0859375
7 0.2515625 0.15234375 0.28046875 0.15234375
14 0.21484375 0.25 0.4296875 0.5
5 0.71484375 0.28125 0.5703125 0.4375
2 0.053125 0.86328125 0.06875 0.80078125 0.0703125 0.76328125 0.06328125 0.75 0.05625 0.81640625 0.040625 0.86796875 0.046875 0.88359375 0.06875 0.89765625 0.071875 0.94609375 0.0828125 0.97421875 0.1015625 0.98359375 0.109375 0.97890625 0.1125 0.96484375 0.0953125 0.96953125 0.075 0.91953125 0.06875 0.87421875 0.053125 0.86328125
2 0.18046875 0.734375 0.16875 0.73828125 0.171875 0.83828125 0.146875 0.90546875 0.1234375 0.91953125 0.1234375 0.93203125 0.1328125 0.93984375 0.14453125 0.9359375 0.1625 0.91484375 0.165625 0.87578125 0.17890625 0.8734375 0.184375 0.85859375 0.18046875 0.734375
9 0.68515625 0.57890625 0.065625 0.01953125
10 0.58203125 0.6046875 0.06171875 0.0328125
10 0.78984375 0.61796875 0.06484375 0.0375
7 0.6828125 0.5875 0.06640625 0.0328125
13 0.68671875 0.56484375 0.06953125 0.02109375
14 0.678125 0.7234375 0.28515625 0.33828125
15 0.65703125 0.8671875 0.0578125 0.0453125
15 0.72734375 0.86875 0.059375 0.03828125