13 0.2861328125 0.111328125 0.2958984375 0.09375 0.3212890625 0.076171875 0.3486328125 0.07910156406249999 0.3369140625 0.043945314062500004 0.3232421875 0.029296875 0.2998046875 0.0263671859375 0.2734375 0.04541015625 0.2558593765625 0.10400390625 0.2578125 0.15380859375 0.265625 0.15673828125 0.26953125 0.13037109375 0.26171875 0.09521484375 0.2744140625 0.08496093593750001 0.2861328125 0.111328125
13 0.6376953125 0.31640625 0.62109375 0.33837890625 0.6201171875 0.3603515640625 0.6337890625 0.333984375 0.6845703125 0.3427734359375 0.69921875 0.39697265625 0.7011718765625 0.35595703125 0.6865234375 0.322265625 0.6533203125 0.310546875 0.6376953125 0.31640625
13 0.8525390625 0.216796875 0.8349609375 0.2021484359375 0.8037109375 0.19921875 0.7578125 0.24462890625 0.7519531234375 0.26220703125 0.7558593765625 0.28857421875 0.7724609375 0.3369140640625 0.7880859375 0.31640625 0.8193359375 0.3515625 0.8339843765625 0.35302734375 0.8720703125 0.3515625 0.8808593765625 0.34130859375 0.8691406234375 0.24755859375 0.8525390625 0.216796875
11 0.58203125 0.73681640625 0.5693359375 0.708984375 0.53515625 0.77783203125 0.53125 0.83349609375 0.5390625 0.84814453125 0.5527343765625 0.79541015625 0.5673828125 0.7998046859375 0.5800781234375 0.77783203125 0.58203125 0.73681640625
11 0.3076171875 0.57421875 0.3017578125 0.591796875 0.2832031234375 0.53466796875 0.2724609375 0.521484375 0.2587890625 0.52734375 0.2519531234375 0.53759765625 0.2519531234375 0.56396484375 0.26171875 0.62548828125 0.2919921875 0.6357421859375 0.3017578125 0.62109375 0.3076171875 0.6328125 0.32421875 0.63720703125 0.34375 0.61376953125 0.3496093765625 0.54931640625 0.3388671875 0.5419921859375 0.3076171875 0.57421875
11 0.7529296875 0.7734375 0.7392578125 0.791015625 0.7109375 0.78955078125 0.70703125 0.83349609375 0.7119140625 0.8408203140625 0.7607421875 0.8671875 0.7832031234375 0.86865234375 0.7832031234375 0.82470703125 0.7714843765625 0.81005859375 0.7666015625 0.78515625 0.7529296875 0.7734375
3 0.271875 0.10859375 0.025 0.05546875
3 0.70078125 0.41640625 0.01953125 0.03984375
3 0.61484375 0.4140625 0.01171875 0.03359375
3 0.78984375 0.346875 0.025 0.065625
4 0.33515625 0.1203125 0.05390625 0.0390625
4 0.653125 0.39921875 0.06875 0.028125
8 0.3408203125 0.158203125 0.33984375 0.15087890625 0.3349609375 0.146484375 0.3271484375 0.1318359359375 0.3212890625 0.1318359359375 0.3193359375 0.12890625 0.3056640625 0.12890625 0.3037109375 0.1259765640625 0.2841796875 0.1259765640625 0.27734375 0.13623046875 0.27734375 0.15087890625 0.2734375 0.16552734375 0.2753906234375 0.17724609375 0.2802734375 0.1845703140625 0.2822265625 0.1845703140625 0.2861328125 0.193359375 0.2919921875 0.193359375 0.2958984375 0.1962890640625 0.2978515625 0.1904296859375 0.3037109375 0.2021484359375 0.3203125 0.20068359375 0.3457031234375 0.15966796875 0.3457031234375 0.15087890625 0.3447265625 0.1494140640625 0.3408203125 0.158203125
8 0.6845703125 0.4833984359375 0.6894531234375 0.47314453125 0.6875 0.46435546875 0.6875 0.44384765625 0.6923828125 0.4423828140625 0.6972656234375 0.43505859375 0.6943359375 0.43359375 0.6923828125 0.427734375 0.6884765625 0.4248046859375 0.6806640625 0.4248046859375 0.6787109375 0.4189453140625 0.6748046875 0.4189453140625 0.6708984375 0.4130859359375 0.6669921875 0.4130859359375 0.6611328125 0.4072265640625 0.6474609375 0.4072265640625 0.6435546875 0.4130859359375 0.6376953125 0.4072265640625 0.6201171875 0.41015625 0.6171875 0.41455078125 0.6171875 0.43798828125 0.625 0.46435546875 0.6416015625 0.4921875 0.6494140625 0.4921875 0.6533203125 0.498046875 0.6542968765625 0.49658203125 0.6572265625 0.4921875 0.6689453125 0.4921875 0.6748046875 0.4833984359375 0.6845703125 0.4833984359375