5 0.21484375 0.26171875 0.4296875 0.3546875
7 0.87421875 0.03671875 0.0234375 0.046875
14 0.653125 0.109375 0.0875 0.21875
14 0.86640625 0.11640625 0.0671875 0.2328125
14 0.55546875 0.28828125 0.2203125 0.3015625
13 0.528125 0.19296875 0.08984375 0.0875
13 0.875 0.00703125 0.021875 0.0140625
11 0.8671875 0.09453125 0.01328125 0.01953125
8 0.6515625 0.015625 0.02265625 0.028125
15 0.6390625 0.2 0.0265625 0.04609375
15 0.6703125 0.19921875 0.03046875 0.05
15 0.878125 0.22578125 0.02578125 0.04453125
5 0.71484375 0.71953125 0.5703125 0.5609375