10 0.07421875 0.184375 0.1484375 0.175
14 0.16953125 0.29453125 0.3390625 0.5890625
3 0.4625 0.29453125 0.246875 0.5890625
10 0.321875 0.665625 0.034375 0.05625
10 0.33359375 0.7078125 0.0109375 0.06875
9 0.43671875 0.87265625 0.0984375 0.02109375
7 0.4484375 0.88984375 0.0859375 0.0640625
12 0.409375 0.83828125 0.140625 0.0609375
14 0.425 0.90078125 0.171875 0.1984375
13 0.57421875 0.93671875 0.053125 0.028125
8 0.57890625 0.95546875 0.040625 0.021875
11 0.59296875 0.97734375 0.04921875 0.02109375
14 0.5890625 0.96015625 0.209375 0.0796875