9 0.1390625 0.275 0.221875 0.125
13 0.134375 0.18203125 0.23125 0.1953125
14 0.125 0.3734375 0.25 0.590625
12 0.9671875 0.06171875 0.065625 0.1234375
12 0.92109375 0.05 0.0796875 0.1
12 0.71875 0.078125 0.059375 0.096875
12 0.57109375 0.08125 0.0546875 0.078125
12 0.43125 0.08515625 0.046875 0.0765625
12 0.27421875 0.06015625 0.0484375 0.0953125
11 0.26484375 0.28984375 0.0296875 0.0453125
11 0.38828125 0.28671875 0.0328125 0.0453125
11 0.56171875 0.21796875 0.0328125 0.0359375
11 0.64921875 0.2125 0.0359375 0.040625
11 0.7109375 0.2578125 0.03125 0.04375
11 0.80078125 0.253125 0.0328125 0.040625
11 0.909375 0.296875 0.034375 0.046875
11 0.98125 0.178125 0.0375 0.053125
15 0.98515625 0.359375 0.0296875 0.078125
15 0.36328125 0.36484375 0.0453125 0.0734375
14 0.27421875 0.246875 0.0484375 0.459375
14 0.36015625 0.22578125 0.1671875 0.3703125
14 0.60390625 0.20078125 0.1515625 0.3359375
14 0.7578125 0.20078125 0.175 0.3828125
14 0.93515625 0.20546875 0.1296875 0.4109375
5 0.125 0.825 0.25 0.3125
9 0.62578125 0.6828125 0.06953125 0.01328125
7 0.6234375 0.6921875 0.0546875 0.03671875
10 0.50703125 0.696875 0.06796875 0.0453125
10 0.7234375 0.72421875 0.06484375 0.046875
12 0.63125 0.67421875 0.08125 0.0109375
14 0.6046875 0.834375 0.321875 0.33125
15 0.48515625 0.9734375 0.08046875 0.04140625
15 0.56796875 0.9765625 0.0546875 0.046875