5 0.259375 0.3515625 0.51875 0.15625
10 0.9453125 0.1234375 0.109375 0.121875
14 0.759375 0.21484375 0.48125 0.4296875
14 0.334375 0.7125 0.20234375 0.3328125
9 0.33125 0.578125 0.06328125 0.01484375
7 0.3375 0.58515625 0.05234375 0.0328125
12 0.325 0.56171875 0.07109375 0.028125
11 0.2828125 0.73125 0.0546875 0.03671875
11 0.39609375 0.728125 0.03671875 0.02734375
15 0.28828125 0.84296875 0.05390625 0.03828125
15 0.37265625 0.85859375 0.08359375 0.04140625
2 1 1 1 0.9759765625 0.984375 0.93203125 0.984375 0.90859375 0.9703125 0.89921875 0.98125 0.86640625 0.9875 0.81171875 0.9875 0.79609375 0.97734375 0.7859375 0.971875 0.84921875 0.9546875 0.90078125 0.9625 0.92109375 0.9828125 0.93359375 0.9875 0.98359375 0.9938802078125001 1 1 1
2 1 0.5897600437499999 0.9954546875 0.589346875 0.9855109375 0.7029828124999999 0.9741484374999999 0.776846875 0.978409375 0.7995734375 0.9926140625000001 0.7867890624999999 1 0.7709621359375 1 0.5897600437499999