5 0.25625 0.3625 0.246875 0.09375
9 0.54453125 0.01796875 0.1484375 0.0359375
8 0.74375 0.1828125 0.10546875 0.1203125
11 0.71015625 0.25 0.08671875 0.16328125
8 0.5390625 0.0421875 0.125 0.084375
12 0.715625 0.0625 0.18125 0.125
14 0.53359375 0.2046875 0.2296875 0.409375
14 0.71796875 0.2046875 0.2921875 0.409375
1 0.2859375 0.7484375 0.265625 0.3
14 0.82890625 0.81328125 0.3421875 0.3734375
11 0.6984375 0.98828125 0.071875 0.0234375
7 0.8375 0.7203125 0.1203125 0.05546875
12 0.834375 0.66171875 0.15390625 0.08203125