0 0.2478744984375 0 0.4228220796875 0.3611803796875 0.559375 0.3508787265625 0.559375 0.05989907343749999 0.5356641234375 0 0.2478744984375 0
0 0 0 0 0.39945127187499996 0.0245385875 0.409375 0.0853788328125 0.409375 0.2012663953125 0 0 0
14 0.73671875 0.07109375 0.1359375 0.1421875
10 0.74296875 0.0234375 0.0421875 0.046875
14 0.90234375 0.18515625 0.1359375 0.3703125
10 0.8875 0.15078125 0.03984375 0.10703125
15 0.859375 0.3390625 0.059375 0.06953125
5 0.21796875 0.7046875 0.4359375 0.590625
5 0.3421875 0.67265625 0.434375 0.5265625
14 0.9515625 0.46015625 0.096875 0.1015625
14 0.72421875 0.64296875 0.1359375 0.4671875
10 0.78203125 0.6125 0.0328125 0.109375
10 0.6703125 0.62109375 0.03984375 0.090625
15 0.7203125 0.834375 0.03125 0.0890625
15 0.76015625 0.85078125 0.0375 0.09453125