8 0.29609375 0.12265625 0.2390625 0.2453125
11 0.10078125 0.22578125 0.2015625 0.4078125
4 0.30703125 0.0328125 0.1953125 0.065625
0 0.5390625 0 0.5390625 0.4390625 0.70171675 0.4390625 0.8957079609375 0 0.5390625 0
1 0.22265625 0.7921875 0.4453125 0.36875
10 0.878125 0.81171875 0.06875 0.0546875
10 0.86328125 0.9015625 0.0859375 0.053125
10 0.78125 0.625 0.046875 0.053125
12 0.97265625 0.94140625 0.0546875 0.1171875
12 0.66796875 0.47421875 0.1015625 0.0578125
14 0.678125 0.67265625 0.278125 0.4671875
15 0.7625 0.88046875 0.125 0.0546875
15 0.621875 0.8875 0.103125 0.053125