0 0.184375 0.29453125 0.36875 0.5890625
14 0.75546875 0.03984375 0.0640625 0.0796875
7 0.85390625 0.02109375 0.0265625 0.0421875
14 0.840625 0.121875 0.1 0.24375
7 0.38125 0.13359375 0.025 0.0734375
7 0.5515625 0.1546875 0.04140625 0.075
10 0.45390625 0.20625 0.0515625 0.0859375
10 0.396875 0.2375 0.05390625 0.1015625
10 0.45078125 0.3296875 0.034375 0.0890625
10 0.6234375 0.34609375 0.04140625 0.0890625
14 0.56171875 0.30078125 0.2171875 0.5765625
14 0.4703125 0.30390625 0.203125 0.5703125
13 0.571875 0.06171875 0.07734375 0.0609375
7 0.021875 0.60625 0.021875 0.034375
14 0.03515625 0.7125 0.0703125 0.246875
14 0.64140625 0.6734375 0.0484375 0.16875
14 0.73515625 0.6953125 0.1078125 0.2125
7 0.38515625 0.78984375 0.0328125 0.0734375
10 0.403125 0.95859375 0.0421875 0.0640625
14 0.42734375 0.8453125 0.1171875 0.309375
13 0.3921875 0.69453125 0.046875 0.0546875
11 0.64296875 0.59609375 0.0140625 0.0140625
11 0.7421875 0.6375 0.01484375 0.0390625
11 0.73046875 0.6328125 0.015625 0.034375