5 0.209375 0.225 0.41875 0.45
7 0.703125 0.0734375 0.03359375 0.08359375
14 0.7125 0.1359375 0.06796875 0.24609375
14 0.67578125 0.27109375 0.1171875 0.3578125
13 0.68125 0.11484375 0.053125 0.0515625
13 0.7046875 0.03046875 0.03984375 0.0359375
14 0.09609375 0.665625 0.1734375 0.43125
10 0.01171875 0.5796875 0.0234375 0.0875
10 0.0890625 0.6359375 0.04296875 0.078125
15 0.109375 0.8140625 0.0640625 0.07109375
7 0.77890625 0.46953125 0.0640625 0.0390625
10 0.665625 0.5625 0.046875 0.06640625
10 0.559375 0.61953125 0.0359375 0.075
14 0.53046875 0.71171875 0.1234375 0.5234375
14 0.740625 0.725 0.1875 0.55
10 0.51953125 0.6921875 0.0390625 0.09453125
10 0.728125 0.79140625 0.05 0.09296875
15 0.49375 0.8296875 0.0546875 0.075
15 0.5625 0.8828125 0.06328125 0.071875