0 0.29296875 0.225 0.2921875 0.45
8 0.8015625 0.2078125 0.375 0.415625
10 0.94921875 0.225 0.1015625 0.45
7 0.0421875 0.55625 0.084375 0.15625
14 0.34296875 0.675 0.1921875 0.45
14 0.16328125 0.71953125 0.2296875 0.5390625
10 0.35859375 0.7640625 0.09140625 0.0796875
10 0.40078125 0.821875 0.0765625 0.084375
7 0.35625 0.48203125 0.084375 0.0640625
7 0.2 0.5015625 0.103125 0.103125
9 0.21875 0.4859375 0.07421875 0.05078125
9 0.0625 0.54140625 0.053125 0.053125
2 0.75078125 0.66015625 0.2578125 0.4203125