0 0.509375 0.46875 0.509375 0 0.503615790625 0 0.38534988124999997 0.0880651703125 0.28148371875 0.46875 0.509375 0.46875
0 0.336954146875 0.46875 0.40722127343750003 0.35978257812500003 0.35566728593749997 0.1146122015625 0.0878905890625 0.020312501562499998 0.04946815 0.214554284375 0.1307046140625 0.4331775390625 0.129477465625 0.46875 0.336954146875 0.46875
1 0.79765625 0.234375 0.4046875 0.46875
5 0.27109375 0.734375 0.4765625 0.53125
10 0.83203125 0.4921875 0.0390625 0.046875
10 0.88046875 0.48828125 0.0203125 0.0390625
10 0.75 0.49375 0.021875 0.05
10 0.98984375 0.49765625 0.0203125 0.0578125
10 0.596875 0.50703125 0.034375 0.0765625
10 0.66484375 0.5109375 0.01953125 0.03828125
10 0.640625 0.51171875 0.01953125 0.05546875
13 0.9234375 0.5234375 0.03125 0.03125
13 0.515625 0.54375 0.0125 0.025
8 0.915625 0.56015625 0.05078125 0.06484375
10 0.78046875 0.5625 0.01953125 0.0359375
13 0.715625 0.56484375 0.08203125 0.040625
10 0.8546875 0.59921875 0.03828125 0.0578125
8 0.7203125 0.62578125 0.0625 0.0765625
10 0.98671875 0.63203125 0.0265625 0.0421875
10 0.6453125 0.6765625 0.053125 0.09609375
14 0.975 0.72265625 0.05 0.5078125
14 0.54375 0.7625 0.06875 0.475
14 0.90546875 0.734375 0.1890625 0.53125
14 0.69140625 0.734375 0.2328125 0.53125
15 0.98671875 0.92421875 0.0265625 0.0640625
15 0.5484375 0.990625 0.05 0.01875
15 0.61171875 0.78671875 0.02890625 0.0359375
13 0.68984375 0.52890625 0.04296875 0.0265625
13 0.5140625 0.51328125 0.009375 0.0296875