2 0.5 0.2032856734375 0.4132109375 0.10809687500000001 0.386221875 0.1379265625 0.44588124999999995 0.22599375 0.4785515625 0.2401984375 0.5 0.233469634375 0.5 0.2032856734375
9 0.75 0.3421875 0.1515625 0.0796875
11 0.5359375 0.55390625 0.071875 0.0703125
13 0.74921875 0.21640625 0.1984375 0.125
8 0.7515625 0.39375 0.16171875 0.2
14 0.71015625 0.359375 0.4078125 0.459375
14 0.9265625 0.29453125 0.146875 0.5890625
6 0.20390625 0.66484375 0.06953125 0.0953125
6 0.1078125 0.62890625 0.071875 0.0734375
14 0.175 0.653125 0.3 0.128125
14 0.69375 0.81953125 0.384375 0.3609375
16 0.69921875 0.8828125 0.2421875 0.221875
12 0.66640625 0.67421875 0.1609375 0.0671875