3 0.41171875 0.16796875 0.0875 0.165625
4 0.228125 0.1390625 0.1484375 0.11484375
16 0.86953125 0.1046875 0.2609375 0.209375
10 0.7234375 0.275 0.128125 0.084375
6 0.8125 0.46484375 0.228125 0.0890625
6 0.8875 0.4484375 0.128125 0.121875
14 0.809375 0.2546875 0.38125 0.509375
2 0.2703125 0.69765625 0.2828125 0.61796875 0.29140625 0.5984375 0.2703125 0.60703125 0.25859375 0.646875 0.24609375 0.625 0.2390625 0.63515625 0.259375 0.70546875 0.26875 0.78828125 0.2765625 0.79453125 0.29375 0.78203125 0.2859375 0.76171875 0.2875 0.73515625 0.2734375 0.72421875 0.2765625 0.71171875 0.2703125 0.69765625
2 0.45859375 0.753125 0.4609375 0.73984375 0.45234375 0.7328125 0.421875 0.72890625 0.4140625 0.71015625 0.409375 0.66640625 0.40390625 0.659375 0.39296875 0.659375 0.384375 0.66640625 0.3796875 0.71640625 0.3671875 0.72265625 0.3671875 0.73515625 0.37578125 0.7375 0.378125 0.74609375 0.3640625 0.76171875 0.37578125 0.7734375 0.3953125 0.77421875 0.396875 0.80390625 0.37265625 0.809375 0.3703125 0.82109375 0.41875 0.82265625 0.4234375 0.87734375 0.4296875 0.88828125 0.43125 0.82265625 0.45859375 0.821875 0.4703125 0.81484375 0.4296875 0.81015625 0.425 0.76640625 0.45859375 0.753125
16 0.965625 0.6546875 0.06875 0.153125
10 0.91953125 0.75390625 0.046875 0.0328125
6 0.97421875 0.8828125 0.0515625 0.090625
12 0.984375 0.54453125 0.03125 0.0703125
14 0.940625 0.72109375 0.11875 0.4234375