14 0.265625 0.1484375 0.0640625 0.1859375
14 0.47890625 0.2140625 0.0734375 0.225
14 0.190625 0.3546875 0.178125 0.228125
13 0.1625 0.2859375 0.08515625 0.075
13 0.2640625 0.0828125 0.02265625 0.0234375
13 0.4875 0.11171875 0.02578125 0.0234375
11 0.484375 0.2109375 0.015625 0.02109375
8 0.2640625 0.1109375 0.01953125 0.03203125
15 0.24765625 0.29765625 0.02109375 0.0375
15 0.46015625 0.30078125 0.02578125 0.04453125
10 0.775 0.01796875 0.196875 0.0359375
14 0.825 0.234375 0.35 0.46875
14 0.17421875 0.5015625 0.0734375 0.065625
14 0.39140625 0.51015625 0.0671875 0.0828125
10 0.24375 0.7640625 0.03828125 0.1015625
14 0.1328125 0.74375 0.246875 0.5125
13 0.0875 0.52109375 0.08984375 0.07890625
15 0.371875 0.53203125 0.0234375 0.040625
10 0.72109375 0.73984375 0.13359375 0.10078125
7 0.9515625 0.48515625 0.096875 0.0328125
14 0.828125 0.734375 0.34375 0.53125