14 0.1734375 0.3015625 0.346875 0.575
9 0.13203125 0.14375 0.17578125 0.04609375
7 0.11796875 0.1734375 0.13203125 0.10390625
12 0.14140625 0.078125 0.203125 0.109375
11 0.7140625 0.0640625 0.0875 0.128125
12 0.9515625 0.3671875 0.096875 0.25
16 0.8890625 0.5046875 0.221875 0.16875
14 0.875 0.39453125 0.25 0.3890625
12 0.05078125 0.8078125 0.1015625 0.134375
12 0.3015625 0.76171875 0.1125 0.1078125
12 0.01953125 0.64296875 0.0390625 0.0953125
14 0.05703125 0.875 0.1140625 0.25
14 0.2484375 0.8515625 0.246875 0.296875
10 0.43203125 0.70625 0.0515625 0.0515625
14 0.0265625 0.73984375 0.053125 0.2671875
5 0.64140625 0.71953125 0.3046875 0.2609375
5 0.92421875 0.76640625 0.1515625 0.3546875