0 0.165625 0.334375 0.33125 0.66875
0 0.29296875 0.334375 0.2734375 0.66875
5 0.77890625 0.43828125 0.4328125 0.4609375
5 0.92265625 0.20546875 0.1546875 0.4109375
5 0.575 0.19609375 0.290625 0.3921875
5 0.12734375 0.834375 0.2546875 0.33125
5 0.34140625 0.834375 0.1765625 0.33125
8 0.796875 0.82265625 0.146875 0.1515625
14 0.8 0.834375 0.4 0.33125
13 0.77109375 0.721875 0.2265625 0.10625
4 0.75390625 0.80390625 0.0578125 0.0625
4 0.81640625 0.778125 0.06015625 0.0640625
3 0.8828125 0.8015625 0.0296875 0.0671875