0 0.1453125 0.1796875 0.290625 0.359375
0 0.3671875 0.1796875 0.503125 0.359375
15 0.87265625 0.29375 0.0609375 0.053125
12 0.69453125 0.2296875 0.0671875 0.0625
15 0.8875 0.3453125 0.053125 0.028125
14 0.91953125 0.1796875 0.1609375 0.359375
14 0.7390625 0.28203125 0.165625 0.1546875
2 0.40787584531250004 0.359375 0.4171875 0.47421875 0.43515625 0.496875 0.47578125 0.49375 0.4796875 0.50703125 0.4890625 0.51171875 0.490625 0.54609375 0.496875 0.54765625 0.5015625 0.52265625 0.4859375 0.44296875 0.4796875 0.36953125 0.46875 0.37265625 0.4703125 0.45859375 0.45703125 0.46875 0.43203125 0.471875 0.41875 0.46484375 0.428125 0.38046875 0.4244025734375 0.359375 0.40787584531250004 0.359375
2 0.46171875 0.55 0.459375 0.56640625 0.4859375 0.63046875 0.478125 0.67578125 0.45625 0.70078125 0.465625 0.72265625 0.4875 0.69453125 0.4953125 0.65390625 0.5046875 0.64609375 0.5046875 0.63046875 0.478125 0.56796875 0.46171875 0.55
2 0.39296875 0.653125 0.38671875 0.6578125 0.378125 0.64921875 0.4015625 0.55078125 0.4015625 0.53671875 0.39140625 0.5328125 0.384375 0.55234375 0.38125 0.59921875 0.3640625 0.63828125 0.3640625 0.65546875 0.37734375 0.678125 0.3953125 0.68359375 0.4 0.72265625 0.4109375 0.75234375 0.42109375 0.7640625 0.4328125 0.76484375 0.4421875 0.75078125 0.43046875 0.753125 0.41875 0.73828125 0.4 0.68984375 0.3953125 0.65703125 0.39296875 0.653125
13 0.990625 0.4265625 0.01875 0.03125
11 0.734375 0.43046875 0.0625 0.03828125
14 0.84296875 0.6796875 0.2859375 0.640625
10 0.76328125 0.59765625 0.10078125 0.07421875
15 0.771875 0.96484375 0.178125 0.0703125
15 0.734375 0.85390625 0.07421875 0.0625
15 0.96640625 0.8328125 0.0671875 0.059375