0 0.559375 0.5390625 0.559375 0.03320019375 0.5243929281249999 0.0084817234375 0.4515624640625 0.05976562656249999 0.4369074765625 0.4504130328125 0.442401284375 0.5390625 0.559375 0.5390625
0 0.4413726609375 0.5390625 0.44159412812500004 0.5269311359375 0.3775422859375 0.1552716171875 0.285370065625 0.0928078296875 0.2523437140625 0.1105468765625 0.1916356296875 0.39263401875000004 0.1668563796875 0.5390625 0.4413726609375 0.5390625
15 0.69921875 0.51328125 0.0328125 0.0515625
15 0.72265625 0.51171875 0.0328125 0.0546875
15 0.76328125 0.5328125 0.0234375 0.0125
15 0.78984375 0.53359375 0.0328125 0.0109375
15 0.84140625 0.5265625 0.0328125 0.025
15 0.878125 0.52578125 0.0375 0.0265625
15 0.9109375 0.52578125 0.034375 0.0265625
15 0.9453125 0.52265625 0.0375 0.0328125
15 0.98515625 0.5234375 0.0296875 0.03125
8 0.653125 0.21796875 0.0296875 0.0375
8 0.73203125 0.2328125 0.0265625 0.028125
8 0.78125 0.22109375 0.025 0.0328125
8 0.8578125 0.215625 0.028125 0.034375
8 0.93515625 0.20078125 0.021875 0.0328125
8 0.99453125 0.2375 0.0109375 0.03125
13 0.65390625 0.18984375 0.04375 0.0265625
13 0.7296875 0.2078125 0.0359375 0.025
13 0.78203125 0.19453125 0.0328125 0.0265625
13 0.85703125 0.19375 0.0265625 0.0203125
13 0.9328125 0.17578125 0.0296875 0.0203125
13 0.99375 0.215625 0.0125 0.025
14 0.64375 0.35703125 0.1 0.3640625
14 0.71484375 0.3625 0.0921875 0.353125
14 0.784375 0.359375 0.084375 0.359375
14 0.85703125 0.36171875 0.0859375 0.3546875
14 0.93125 0.35234375 0.08125 0.3734375
14 0.9796875 0.36796875 0.040625 0.3421875
8 0.47734375 0.5765625 0.1421875 0.075
10 0.1640625 0.6703125 0.134375 0.125
10 0.1765625 0.9453125 0.146875 0.109375
8 0.8859375 0.75078125 0.0671875 0.103125
14 0.59609375 0.8296875 0.0734375 0.340625
10 0.96953125 0.940625 0.0609375 0.084375
11 0.62421875 0.96015625 0.01953125 0.05078125
14 0.88671875 0.8109375 0.1984375 0.378125
13 0.8921875 0.66796875 0.1421875 0.09140625
13 0.56875 0.6921875 0.01875 0.05
14 0.71328125 0.93828125 0.1515625 0.1234375