2 0 0.24185267812500003 0.01875 0.18828125 0.0484375 0.13203125 0.08125 0.10234375 0.07578125 0.09375 0.05546875 0.1 0.0171875 0.14453125 0 0.1900275734375 0 0.24185267812500003
2 0.16328125 0.5171875 0.1734375 0.49453125 0.165625 0.46640625 0.15546875 0.4609375 0.08828125 0.465625 0.06953125 0.478125 0.03125 0.51015625 0.0421875 0.55234375 0.04453125 0.5421875 0.08671875 0.521875 0.15078125 0.521875 0.16015625 0.51875 0.16015625 0.5125 0.16328125 0.5171875
2 0.13823529375000002 0.659375 0.1390625 0.65234375 0.1546875 0.61640625 0.1875 0.57421875 0.1875 0.55859375 0.16328125 0.528125 0.159375 0.54140625 0.14375 0.54921875 0.1265625 0.57578125 0.1 0.63984375 0.08828125 0.6359375 0.08515625 0.640625 0.0609375 0.61328125 0.0578125 0.58828125 0.05 0.58515625 0.0546875 0.58046875 0.04921875 0.575 0.04609375 0.590625 0.04296875 0.584375 0.03046875 0.5828125 0.0234375 0.58828125 0.03125 0.59296875 0.0265625 0.59609375 0.0296875 0.60078125 0.0203125 0.60546875 0.0015625 0.53046875 0.0265625 0.51796875 0.00703125 0.5078125 0 0.50869140625 0 0.60078125 0.003125 0.63046875 0.009375 0.63203125 0.00703125 0.640625 0.003125 0.63359375 0.003125 0.64453125 0.009375 0.64765625 0.01015625 0.659375 0.0203125 0.64140625 0.03046875 0.6390625 0.040625 0.65234375 0.0296875 0.65546875 0.0453125 0.65859375 0.04375 0.659375 0.13823529375000002 0.659375
16 0.7453125 0.1109375 0.371875 0.221875
10 0.72109375 0.28125 0.121875 0.071875
10 0.94921875 0.22578125 0.04453125 0.0890625
6 0.878125 0.45703125 0.203125 0.1421875
6 0.75078125 0.5078125 0.1640625 0.1625
14 0.7625 0.29609375 0.475 0.5921875
16 0.58828125 0.7453125 0.2578125 0.171875
10 0.74453125 0.84609375 0.0640625 0.0734375
10 0.4828125 0.88046875 0.046875 0.0671875
14 0.6234375 0.8296875 0.328125 0.340625