2 0.31022656249999997 0.23125 0.2761359375 0.19005624999999998 0.2392046875 0.19005624999999998 0.2605109375 0.26818125 0.2359375 0.35703125 0.24375 0.37734375 0.24375 0.40078125 0.253125 0.41171875 0.246875 0.41328125 0.2453125 0.43515625 0.253125 0.44453125 0.246875 0.44765625 0.25546875 0.459375 0.2609375 0.43984375 0.259375 0.40546875 0.27890625 0.403125 0.28203125 0.3953125 0.28828125 0.3953125 0.29921875 0.4109375 0.30078125 0.40625 0.30703125 0.4109375 0.31796875 0.4078125 0.321875 0.42578125 0.32890625 0.4234375 0.34375 0.44765625 0.3734375 0.47109375 0.378125 0.44609375 0.368465625 0.3761359375 0.3173296875 0.280965625 0.35390625 0.19375 0.33046875 0.196875 0.31022656249999997 0.23125
9 0.7359375 0.2078125 0.228125 0.08203125
8 0.715625 0.28203125 0.19453125 0.228125
13 0.7296875 0.071875 0.1828125 0.10546875
14 0.759375 0.33515625 0.48125 0.6296875
16 0.346875 0.6921875 0.321875 0.084375
10 0.40703125 0.79296875 0.096875 0.0734375
6 0.3453125 0.97265625 0.253125 0.0546875
14 0.32421875 0.825 0.3890625 0.35
9 0.70859375 0.67734375 0.3265625 0.0546875
8 0.696875 0.75625 0.271875 0.2125
14 0.74140625 0.825 0.4453125 0.35