5 0.19453125 0.23046875 0.2890625 0.1171875
14 0.48984375 0.14453125 0.2109375 0.2890625
14 0.81015625 0.14453125 0.1546875 0.2890625
11 0.5046875 0.24765625 0.04296875 0.071875
11 0.57265625 0.0078125 0.0265625 0.015625
11 0.778125 0.22734375 0.02890625 0.04609375
14 0.05234375 0.67421875 0.1046875 0.6515625
13 0.03125 0.38125 0.0625 0.065625
11 0.00859375 0.8171875 0.0171875 0.059375
15 0.04375 0.95546875 0.0671875 0.05390625
0 0.4828125 0.53671875 0.2875 0.4953125
0 0.5375 0.58046875 0.31875 0.5828125
0 0.65625 0.61328125 0.321875 0.6078125
0 0.8578125 0.6296875 0.284375 0.68125