0 0.3214082859375 0.61875 0.3400296 0.5268451296875 0.33378061406250004 0.4300263078125 0.291600165625 0.280113184375 0.2666042203125 0.2410733171875 0.1338137671875 0.2879211578125 0.09163331875 0.48155892031249997 0.15016551718749999 0.61875 0.3214082859375 0.61875
0 0.2991767109375 0 0.29316238125 0.0427508125 0.48844245781250006 0.24575808906250002 0.63997975 0.22389579999999998 0.6618512609375 0.0974065953125 0.5837392312499999 0.045873982812500005 0.46066260000000003 0 0.2991767109375 0
5 0.865625 0.340625 0.26875 0.23125
8 0.57578125 0.821875 0.14140625 0.20625
14 0.425 0.809375 0.55 0.38125
16 0.3953125 0.9234375 0.421875 0.153125
12 0.5328125 0.690625 0.3125 0.14375
3 0.45703125 0.7921875 0.0546875 0.07265625
4 0.59140625 0.76796875 0.109375 0.05703125
14 0.79609375 0.69609375 0.1921875 0.1546875
15 0.721875 0.75234375 0.04375 0.0546875
15 0.80546875 0.75546875 0.08671875 0.06875