5 0.2 0.15703125 0.4 0.2296875
12 0.26015625 0.75234375 0.2796875 0.2203125
9 0.30390625 0.9 0.1921875 0.1625
14 0.2 0.80703125 0.4 0.3859375
12 0.26015625 0.75234375 0.2796875 0.2203125
9 0.30390625 0.9 0.1921875 0.1625
14 0.2 0.80703125 0.4 0.3859375
1 0.240625 0.93359375 0.31875 0.1328125
7 0.6703125 0.6125 0.01953125 0.04296875
7 0.709375 0.62421875 0.02734375 0.08359375
14 0.453125 0.69140625 0.10625 0.2453125
14 0.65546875 0.6890625 0.1015625 0.23046875
14 0.72421875 0.784375 0.1015625 0.43125
10 0.68125 0.89609375 0.03671875 0.06640625
13 0.671875 0.5828125 0.02578125 0.01796875
13 0.45859375 0.5734375 0.0234375 0.009375
11 0.6703125 0.68203125 0.02421875 0.021875
8 0.4578125 0.5953125 0.02109375 0.03203125
15 0.62265625 0.7609375 0.0328125 0.046875
15 0.4703125 0.771875 0.02421875 0.04453125