2 0 0.36089638125 0.00703125 0.3671875 0.015625 0.36640625 0.0296875 0.31015625 0.03984375 0.29375 0.05546875 0.303125 0.08046875 0.30625 0.09765625 0.3046875 0.09921875 0.2984375 0.0984375 0.30546875 0.10546875 0.3078125 0.11484375 0.30625 0.1203125 0.29609375 0.11171875 0.259375 0 0.25390625 0 0.36089638125
9 0.59921875 0.20859375 0.24296875 0.1515625
8 0.65390625 0.26328125 0.14921875 0.22578125
13 0.55703125 0.06640625 0.2203125 0.1328125
14 0.68359375 0.225 0.5484375 0.45
3 0.503125 0.309375 0.0671875 0.1046875
16 0.32421875 0.52734375 0.1703125 0.1546875
6 0.30703125 0.83203125 0.109375 0.1390625
14 0.2859375 0.6796875 0.246875 0.459375
9 0.46171875 0.7390625 0.1046875 0.06875
9 0.8328125 0.51171875 0.334375 0.1234375
8 0.45390625 0.7734375 0.0890625 0.115625
10 0.5703125 0.5390625 0.21875 0.178125