10 0.2515625 0.0109375 0.090625 0.021875
7 0.30859375 0.0140625 0.0828125 0.028125
14 0.23671875 0.24453125 0.2265625 0.4890625
15 0.51875 0.46875 0.05625 0.0375
15 0.59453125 0.40625 0.0390625 0.034375
15 0.63203125 0.39140625 0.0421875 0.0296875
15 0.7046875 0.38515625 0.03125 0.0296875
15 0.74765625 0.3859375 0.0328125 0.028125
15 0.80546875 0.39453125 0.0421875 0.0296875
15 0.85078125 0.40390625 0.0359375 0.0359375
15 0.95859375 0.41640625 0.0484375 0.0296875
15 0.984375 0.42890625 0.03125 0.0359375
12 0.44453125 0.04765625 0.0734375 0.0703125
12 0.61328125 0.05703125 0.0484375 0.0484375
12 0.97890625 0.0828125 0.0421875 0.0375
13 0.525 0.05390625 0.046875 0.0453125
13 0.734375 0.06015625 0.034375 0.0265625
13 0.8390625 0.06796875 0.034375 0.0359375
14 0.43203125 0.25078125 0.0953125 0.4765625
14 0.52578125 0.25625 0.0828125 0.465625
14 0.61796875 0.22890625 0.0796875 0.4265625
14 0.7265625 0.2234375 0.09375 0.384375
14 0.84375 0.23828125 0.10625 0.3890625
14 0.96953125 0.2546875 0.0609375 0.403125
11 0.740625 0.18671875 0.034375 0.0359375
1 0.10234375 0.74453125 0.2046875 0.5109375
7 0.784375 0.8109375 0.03359375 0.0875
10 0.7296875 0.825 0.03515625 0.0984375
14 0.77578125 0.85703125 0.1515625 0.2859375
13 0.8140625 0.746875 0.07265625 0.05390625