5 0.225 0.25 0.45 0.5
16 0.34765625 0.64296875 0.1890625 0.1765625
10 0.25078125 0.75703125 0.05546875 0.0421875
10 0.4390625 0.753125 0.021875 0.053125
6 0.303125 0.89921875 0.071875 0.0953125
6 0.4140625 0.9 0.071875 0.103125
9 0.33671875 0.51640625 0.1 0.028125
7 0.33515625 0.5265625 0.09453125 0.0453125
12 0.33046875 0.50546875 0.1140625 0.0109375
14 0.31875 0.72890625 0.2625 0.4578125
14 0.725 0.75 0.55 0.5
9 0.703125 0.540625 0.259375 0.08125
8 0.69921875 0.5625 0.1640625 0.125
8 0.509375 0.52109375 0.05625 0.0421875