3 0.4734375 0.25 0.03125 0.153125
4 0.25234375 0.1859375 0.2078125 0.121875
8 0.64453125 0.084375 0.2296875 0.16875
14 0.640625 0.3 0.303125 0.6
14 0.90625 0.3 0.1875 0.6
10 0.46953125 0.63515625 0.028125 0.0421875
10 0.22109375 0.6375 0.0359375 0.05
6 0.42109375 0.8171875 0.0859375 0.121875
6 0.3 0.83203125 0.0890625 0.1078125
14 0.32578125 0.7546875 0.3265625 0.309375
2 0.4890625 0.6 0.4890625 0.8624200999999999 0.59296875 0.925 0.66640625 0.9234375 0.66640625 0.928125 0.6421875 0.93515625 0.675 0.93671875 0.6765625 0.95546875 0.690625 0.96953125 0.6953125 0.99921875 0.6957682296875 1 0.727875 1 0.725 0.98203125 0.73125 0.98359375 0.7296875 0.97109375 0.73515625 0.965625 0.74140625 0.9703125 0.75234375 0.965625 0.75703125 0.971875 0.7703125 0.97265625 0.7703125 0.99609375 0.7751953125 1 0.8209650734375 1 0.7984375 0.95546875 0.796875 0.93984375 0.7875 0.93359375 0.725 0.80703125 0.715625 0.77890625 0.715625 0.74453125 0.74296875 0.746875 0.78203125 0.7359375 0.85078125 0.7328125 0.89296875 0.721875 0.94453125 0.7265625 0.9578125 0.71953125 0.95625 0.73671875 0.9421875 0.76640625 0.8515625 0.85859375 0.834375 0.87890625 0.8171875 0.91796875 0.803125 0.93046875 0.80390625 0.94375 0.82421875 0.9421875 0.82421875 0.9328125 0.83515625 0.940625 0.83828125 0.934375 0.84609375 0.9359375 0.8421875 0.93984375 0.846875 0.94453125 0.8328125 0.95703125 0.8328125 0.96796875 0.84296875 0.9703125 0.8484375 0.95546875 0.9 0.90234375 0.89375 0.89296875 0.90234375 0.890625 0.90546875 0.896875 0.915625 0.88515625 0.909375 0.87734375 0.91640625 0.875 0.92109375 0.88125 0.9296875 0.87109375 0.9265625 0.86171875 0.93671875 0.8609375 0.9421875 0.84765625 0.9546875 0.83984375 0.9625 0.82265625 0.959375 0.81484375 0.9703125 0.80859375 0.99375 0.74453125 0.984375 0.70546875 1 0.7073069859375 1 0.6732077203125 0.9796875 0.64453125 0.965625 0.63828125 0.95078125 0.609375 0.93882004375 0.6 0.4890625 0.6