0 0.1421875 0.4234375 0.284375 0.153125
2 0.69921875 0.14609375 0.3390625 0.2921875
14 0.46171875 0.52734375 0.0984375 0.0546875
14 0.1828125 0.75 0.21875 0.5
10 0.27578125 0.96015625 0.0359375 0.0796875
10 0.10078125 0.9890625 0.0484375 0.021875
13 0.15234375 0.53515625 0.0890625 0.0703125
15 0.26875 0.51640625 0.028125 0.0328125
15 0.4515625 0.53671875 0.02890625 0.04140625
10 0.9609375 0.6390625 0.04921875 0.09453125
14 0.9734375 0.75 0.053125 0.5
10 0.97890625 0.725 0.0421875 0.10625
15 0.975 0.9625 0.05 0.075