1 0.1046875 0.06328125 0.03671875 0.1203125
9 0.04375 0.040625 0.0875 0.078125
14 0.11953125 0.275 0.2390625 0.55
16 0.69296875 0.26328125 0.30546875 0.2859375
10 0.51953125 0.4375 0.06953125 0.06875
10 0.8625 0.45234375 0.1109375 0.0859375
9 0.6703125 0.07578125 0.153125 0.0375
7 0.675 0.0953125 0.15546875 0.078125
12 0.678125 0.03671875 0.209375 0.0734375
14 0.6921875 0.275 0.48125 0.55
16 0.32421875 0.56796875 0.1296875 0.0359375
10 0.3953125 0.59140625 0.009375 0.0359375
10 0.240625 0.6046875 0.03359375 0.03125
6 0.31015625 0.70390625 0.05546875 0.0734375
6 0.3640625 0.6984375 0.05859375 0.0625
14 0.309375 0.65 0.18125 0.2
6 0.53828125 0.57734375 0.0921875 0.0546875
6 0.65234375 0.5875 0.1359375 0.075