5 0.2625 0.07890625 0.525 0.1578125
7 0.23359375 0.465625 0.0375 0.0984375
7 0.0828125 0.4796875 0.0421875 0.084375
14 0.0828125 0.7 0.159375 0.6
14 0.26171875 0.7 0.1296875 0.6
13 0.25234375 0.41953125 0.0640625 0.0390625
13 0.05546875 0.41640625 0.0578125 0.0328125
11 0.25703125 0.8515625 0.0359375 0.0609375
11 0.109375 0.7078125 0.03046875 0.04140625
11 0.13125 0.59609375 0.02109375 0.040625
15 0.11484375 0.975 0.0515625 0.05
15 0.121875 0.93359375 0.0578125 0.0609375
15 0.2609375 0.9703125 0.07109375 0.04453125