0 0.27265625 0.32421875 0.4734375 0.2109375
14 0.6625 0.13984375 0.30625 0.2796875
10 0.76875 0.0140625 0.05625 0.028125
6 0.69765625 0.21484375 0.103125 0.1265625
6 0.55 0.215625 0.08125 0.121875
16 0.0328125 0.65234375 0.065625 0.1859375
6 0.05703125 0.928125 0.08359375 0.103125
10 0.075 0.7671875 0.0640625 0.053125
14 0.06015625 0.72421875 0.1203125 0.5484375
9 0.8234375 0.7609375 0.2984375 0.16328125
13 0.8046875 0.5359375 0.3375 0.2125
8 0.8109375 0.8453125 0.284375 0.309375
14 0.7546875 0.71484375 0.490625 0.5703125
3 0.56640625 0.7171875 0.071875 0.20859375