0 0.29453125 0.27421875 0.5890625 0.4296875
0 1 0 0.8177040953125001 0 0.6557020203125 0.0395198703125 0.5890625 0.149258846875 0.5890625 0.4890625 0.7901762015625 0.4890625 1 0.416381334375 1 0
14 0.32265625 0.74453125 0.2953125 0.5109375
16 0.309375 0.7140625 0.246875 0.234375
10 0.32890625 0.8796875 0.08359375 0.059375
6 0.38203125 0.984375 0.1546875 0.03125
9 0.3609375 0.54375 0.06953125 0.028125
7 0.3484375 0.55703125 0.0859375 0.059375
12 0.2984375 0.5171875 0.19375 0.05625
14 0.8734375 0.75703125 0.253125 0.4859375
7 0.95625 0.6109375 0.0875 0.090625
10 0.79453125 0.97578125 0.1078125 0.0484375