5 0.134375 0.33203125 0.26875 0.2953125
13 0.41015625 0.0421875 0.1015625 0.084375
13 0.96953125 0.08828125 0.0609375 0.0671875
8 0.4703125 0.1046875 0.1078125 0.1421875
8 0.97578125 0.175 0.0484375 0.134375
14 0.5390625 0.23984375 0.378125 0.4796875
11 0.5796875 0.33046875 0.053125 0.13671875
14 0.94453125 0.2578125 0.1109375 0.44375
9 0.45546875 0.109375 0.0796875 0.103125
9 0.97421875 0.153125 0.0515625 0.040625
8 0.240625 0.565625 0.05625 0.146875
8 0.1046875 0.59921875 0.09609375 0.18046875
11 0.153125 0.65390625 0.02890625 0.053125
11 0.17734375 0.6640625 0.02421875 0.0890625
14 0.22265625 0.73984375 0.0921875 0.5203125
14 0.128125 0.74453125 0.25625 0.5109375
13 0.0828125 0.50625 0.15 0.053125
5 0.66796875 0.8203125 0.6640625 0.359375