10 0.0984375 0.1609375 0.09140625 0.0765625
14 0.25625 0.1 0.365625 0.2
11 0.525 0.0234375 0.0375 0.046875
11 0.553125 0.01640625 0.034375 0.0328125
11 0.67890625 0.01484375 0.0328125 0.0296875
15 0.4703125 0.13125 0.0625 0.13125
15 0.65390625 0.08515625 0.0453125 0.0734375
14 0.5140625 0.0984375 0.15 0.196875
14 0.65078125 0.065625 0.1671875 0.13125
14 0.89453125 0.04453125 0.1515625 0.0890625
9 0.03828125 0.49140625 0.0765625 0.0171875
10 0.1765625 0.53515625 0.08359375 0.05390625
15 0.021875 0.8453125 0.04375 0.06875
15 0.090625 0.8375 0.09375 0.05859375
7 0.04375 0.50234375 0.07578125 0.04375
12 0.04140625 0.4671875 0.0828125 0.04375
14 0.1140625 0.671875 0.228125 0.453125
9 0.8046875 0.503125 0.08125 0.01796875
10 0.6859375 0.55234375 0.0859375 0.05859375
10 0.9453125 0.54609375 0.08359375 0.05390625
15 0.77734375 0.85703125 0.07109375 0.06953125
15 0.859375 0.8484375 0.09375 0.05859375
7 0.8125 0.51328125 0.07578125 0.04375
12 0.7984375 0.47890625 0.10859375 0.04375
14 0.81875 0.68359375 0.35625 0.453125