8 0.23828125 0.1984375 0.15625 0.16796875
9 0.55703125 0.15 0.18984375 0.11328125
8 0.5546875 0.19453125 0.146875 0.178125
13 0.5625 0.0375 0.2125 0.075
8 0.371875 0.20546875 0.06015625 0.0671875
9 0.028125 0.16953125 0.05625 0.0421875
8 0.02421875 0.1828125 0.0484375 0.08125
13 0.37265625 0.14140625 0.0890625 0.0625
14 0.21796875 0.27109375 0.4046875 0.5359375
14 0.53359375 0.26953125 0.2703125 0.5390625
14 0.38359375 0.290625 0.15390625 0.3125
14 0.03828125 0.33359375 0.0765625 0.4109375
13 0.2125 0.053125 0.19375 0.10625
0 0.6828125 0.51171875 0.028125 0.0546875
5 0.1140625 0.709375 0.228125 0.340625
5 0.4 0.615625 0.528125 0.153125
1 0.93671875 0.678125 0.1265625 0.278125
1 0.7921875 0.6609375 0.203125 0.24375