7 0.33828125 0.14375 0.021875 0.028125
14 0.128125 0.18125 0.07578125 0.20859375
14 0.3421875 0.225 0.06796875 0.246875
13 0.34375 0.1109375 0.02421875 0.0234375
13 0.12421875 0.08359375 0.0234375 0.021875
11 0.3265625 0.20390625 0.01484375 0.02109375
11 0.340625 0.2125 0.01953125 0.0234375
8 0.1234375 0.109375 0.021875 0.03203125
15 0.1359375 0.29921875 0.02578125 0.05
15 0.3203125 0.3 0.0265625 0.04296875
15 0.1078125 0.29921875 0.02421875 0.04140625
5 0.60546875 0.303125 0.4265625 0.49375
5 0.890625 0.30703125 0.21875 0.4859375
14 0.33515625 0.63984375 0.0640625 0.1796875
14 0.2609375 0.86484375 0.178125 0.2703125
13 0.2328125 0.775 0.08515625 0.075
13 0.334375 0.571875 0.02265625 0.0234375
8 0.334375 0.6 0.01953125 0.03203125
15 0.31796875 0.78671875 0.02109375 0.0375
2 0.59609375 0.8640625 0.1828125 0.271875