9 0.2859375 0.0203125 0.284375 0.040625
8 0.2796875 0.10234375 0.259375 0.2046875
14 0.28515625 0.2 0.5671875 0.4
8 0.6234375 0.32265625 0.08125 0.1140625
8 0.72734375 0.340625 0.0796875 0.096875
8 0.884375 0.3046875 0.084375 0.1
12 0.6296875 0.19765625 0.121875 0.1921875
12 0.740625 0.24296875 0.1125 0.1203125
12 0.89609375 0.190625 0.1484375 0.14375
14 0.64375 0.2546875 0.15 0.290625
14 0.90546875 0.26328125 0.1890625 0.2734375
14 0.12421875 0.49609375 0.0984375 0.1921875
11 0.0859375 0.440625 0.015625 0.04140625
11 0.13125 0.43125 0.01796875 0.03359375
15 0.15625 0.56015625 0.03359375 0.0609375
15 0.1265625 0.58125 0.02421875 0.059375
5 0.68984375 0.7 0.2421875 0.6