5 0.26484375 0.4796875 0.5296875 0.309375
7 0.84609375 0.1921875 0.0625 0.09140625
7 0.9484375 0.1921875 0.07421875 0.115625
7 0.76796875 0.2078125 0.05078125 0.09375
7 0.671875 0.22578125 0.0453125 0.0765625
7 0.63984375 0.24375 0.04296875 0.07421875
7 0.59765625 0.275 0.0359375 0.05078125
11 0.63203125 0.3421875 0.02890625 0.040625
11 0.934375 0.34375 0.05078125 0.071875
11 0.8015625 0.34609375 0.040625 0.071875
11 0.5796875 0.346875 0.02890625 0.040625
11 0.69453125 0.353125 0.02890625 0.0484375
11 0.62734375 0.37734375 0.053125 0.02890625
11 0.56875 0.38125 0.06015625 0.0265625
11 0.68515625 0.3859375 0.0671875 0.040625
11 0.79375 0.39375 0.0671875 0.03828125
11 0.9234375 0.3953125 0.10546875 0.0453125
14 0.57890625 0.46484375 0.0765625 0.4890625
14 0.628125 0.4453125 0.05625 0.528125
14 0.68203125 0.43515625 0.0671875 0.5484375
14 0.93984375 0.39921875 0.1203125 0.6203125
14 0.84375 0.41328125 0.115625 0.5921875
14 0.76484375 0.42890625 0.1078125 0.5609375
8 0.1765625 0.75390625 0.196875 0.0890625
14 0.26484375 0.8546875 0.5296875 0.290625
10 0.084375 0.92734375 0.16875 0.1453125