0 0.66953125 0.2546875 0.2796875 0.509375
0 0.81796875 0.39609375 0.21953125 0.18359375
14 0.225 0.82109375 0.246875 0.3578125
14 0.43984375 0.85625 0.1796875 0.2875
11 0.47421875 0.96796875 0.0828125 0.0640625
7 0.221875 0.859375 0.10625 0.159375
8 0.51015625 0.934375 0.0390625 0.13125
13 0.2296875 0.71015625 0.1375 0.1359375
13 0.509375 0.7984375 0.040625 0.134375
4 0.50859375 0.88828125 0.0421875 0.0828125
4 0.21953125 0.81953125 0.07890625 0.0671875
14 0.75234375 0.7546875 0.4453125 0.490625