2 0.46953125 0.275 0.44453125 0.275 0.43046875 0.2546875 0.41015625 0.25 0.40234375 0.284375 0.29765625 0.3265625 0.2859375 0.34140625 0.28984375 0.353125 0.31171875 0.35 0.33359375 0.3328125 0.40390625 0.3046875 0.4203125 0.37734375 0.4390625 0.40234375 0.4484375 0.38671875 0.440625 0.37578125 0.434375 0.30234375 0.44453125 0.2921875 0.48125 0.28359375 0.46953125 0.275
14 0.93671875 0.26953125 0.1265625 0.5390625
14 0.7484375 0.26953125 0.184375 0.5390625
15 0.75078125 0.51953125 0.0453125 0.0390625
11 0.978125 0.34921875 0.0375 0.0671875
11 0.86953125 0.25 0.0421875 0.06328125
11 0.66796875 0.25546875 0.0375 0.0703125
11 0.60546875 0.096875 0.0375 0.04921875
14 0.33828125 0.76953125 0.1453125 0.4609375
14 0.51328125 0.76953125 0.1109375 0.4609375
8 0.3359375 0.57109375 0.046875 0.0640625
7 0.5609375 0.60078125 0.015625 0.0984375
13 0.221875 0.65078125 0.04765625 0.03359375
8 0.22578125 0.684375 0.0453125 0.06796875
14 0.7828125 0.76953125 0.428125 0.4609375