2 0.011472365625 0 0.0254265625 0.0285515625 0 0.047043284375 0 0.068256978125 0.02421875 0.0515625 0.0296875 0.11640625 0.0453125 0.13203125 0.0453125 0.08984375 0.05078125 0.0765625 0.0609375 0.08828125 0.071875 0.12421875 0.06377812499999999 0.05411875000000001 0.056676562500000006 0.0285515625 0.076713215625 0 0.0500513359375 0 0.0453125 0.00724375 0.040367671875 0 0.011472365625 0
2 0.1994977859375 0 0.2029828125 0.0029828125000000002 0.20866406249999997 0.015767187499999998 0.1484375 0.06015625 0.1375 0.14453125 0.14609375 0.1546875 0.16463125 0.12230156249999999 0.18046875 0.1484375 0.20390625 0.1734375 0.2265625 0.17265625 0.234375 0.16015625 0.2234375 0.15546875 0.22578125 0.1484375 0.21150625 0.1492890625 0.167471875 0.0839484375 0.2015625 0.0370734375 0.23565312500000002 0.03849375 0.2782671875 0.058381249999999996 0.29375 0.03671875 0.27400625 0.0285515625 0.24275625 0.0086640625 0.24476219375000002 0 0.1994977859375 0
9 0.765625 0.0453125 0.25625 0.090625
8 0.75625 0.1125 0.225 0.225
14 0.75 0.184375 0.5 0.36875
9 0.29609375 0.6578125 0.1734375 0.09140625
11 0.45625 0.83671875 0.0875 0.1578125
11 0.10625 0.61875 0.13203125 0.15390625
11 0.39765625 0.47890625 0.11796875 0.1515625
13 0.2875 0.5125 0.1734375 0.1296875
8 0.30546875 0.70234375 0.14453125 0.18515625
14 0.2921875 0.72109375 0.415625 0.5578125
5 0.75 0.74140625 0.5 0.3703125