2 0 0.3411028515625 0.02109375 0.3265625 0.0265625 0.39140625 0.0421875 0.40703125 0.0421875 0.36484375 0.04765625 0.3515625 0.0578125 0.36328125 0.06875 0.39921875 0.060653124999999995 0.32911875 0.053551562500000004 0.3035515625 0.07578125 0.271875 0.0765625 0.26328125 0.06328125 0.25 0.0421875 0.28224375 0.01484375 0.2421875 0 0.2516335234375 0 0.25792052656250003 0.0223015625 0.3035515625 0 0.319770596875 0 0.3411028515625
2 0.1984375 0.3120734375 0.23252812500000003 0.31349375 0.2751421875 0.33338125 0.290625 0.31171875 0.27088125 0.3035515625 0.23963125000000002 0.2836640625 0.24453125 0.2625 0.21974375 0.26661875 0.20703125 0.25 0.18359375 0.2640625 0.1998578125 0.2779828125 0.20553906249999998 0.2907671875 0.1453125 0.33515625 0.134375 0.41953125 0.14296875 0.4296875 0.16150625000000002 0.3973015625 0.17734375 0.4234375 0.20078125 0.4484375 0.2234375 0.44765625 0.23125 0.43515625 0.2203125 0.43046875 0.22265625 0.4234375 0.20838125000000002 0.42428906250000004 0.164346875 0.3589484375 0.1984375 0.3120734375
14 0.72109375 0.16171875 0.2734375 0.3234375
13 0.16640625 0.85546875 0.25234375 0.1046875
8 0.1640625 0.93984375 0.221875 0.1203125
3 0.0140625 0.96484375 0.028125 0.0703125
9 0.76796875 0.5765625 0.31484375 0.09375
11 0.521875 0.975 0.065625 0.05
13 0.6359375 0.859375 0.2359375 0.09140625
8 0.7171875 0.596875 0.19921875 0.1734375
13 0.8328125 0.48203125 0.334375 0.0640625
14 0.74453125 0.725 0.5109375 0.55