9 0.1734375 0.20546875 0.1265625 0.02890625
7 0.17890625 0.225 0.14921875 0.078125
11 0.07734375 0.2578125 0.09921875 0.0828125
11 0.3296875 0.525 0.078125 0.05
12 0.18125 0.1546875 0.17421875 0.0703125
14 0.203125 0.33359375 0.40625 0.4328125
14 0.7703125 0.203125 0.07109375 0.21640625
13 0.76796875 0.103125 0.025 0.025
11 0.7671875 0.196875 0.01484375 0.01796875
11 0.75 0.19140625 0.01640625 0.0234375
15 0.746875 0.2859375 0.021875 0.04296875
5 0.5640625 0.759375 0.171875 0.41875
5 0.1921875 0.6984375 0.378125 0.296875
9 0.84609375 0.62265625 0.09375 0.01875
7 0.8578125 0.63203125 0.078125 0.046875
10 0.9 0.73515625 0.065625 0.040625
10 0.74921875 0.8265625 0.06328125 0.04765625
12 0.83984375 0.60078125 0.11953125 0.04375
14 0.82890625 0.78671875 0.2546875 0.4265625