9 0.390625 0.040625 0.05390625 0.01171875
11 0.2625 0.12265625 0.04765625 0.0328125
11 0.440625 0.16640625 0.0375 0.0328125
7 0.39140625 0.05 0.05703125 0.03359375
12 0.3984375 0.0234375 0.07734375 0.03359375
15 0.3296875 0.2890625 0.06875 0.03671875
15 0.3796875 0.29921875 0.05703125 0.04375
14 0.34921875 0.1640625 0.2203125 0.321875
5 0.68984375 0.296875 0.10859375 0.09453125
12 0.3677734375 0.4888671859375 0.40390625 0.52255859375 0.4166015625 0.5650390640625 0.415625 0.51962890625 0.3755859375 0.4625 0.3638671875 0.4712890640625 0.3658203125 0.45078125 0.3404296875 0.4361328140625 0.2798828125 0.4302734359375 0.2603515625 0.4419921859375 0.24179687656249998 0.46689453125 0.228125 0.50498046875 0.2203125 0.56650390625 0.20078125 0.62216796875 0.20078125 0.64560546875 0.2076171875 0.6587890640625 0.24375 0.66904296875 0.22421875 0.63974609375 0.22617187656249998 0.59873046875 0.2505859375 0.55625 0.2896484375 0.515234375 0.3287109375 0.491796875 0.3677734375 0.4888671859375
9 0.2642578125 0.5474609359375 0.24179687656249998 0.58408203125 0.2378906234375 0.65439453125 0.2691406234375 0.69248046875 0.26328125 0.64853515625 0.2896484375 0.65 0.3296875 0.58701171875 0.3316406234375 0.55771484375 0.3189453125 0.5181640640625 0.2642578125 0.5474609359375
3 0.3703125 0.5609375 0.0375 0.08203125
9 0.3765234375 1 0.3931640625 0.972265625 0.41171875 0.96494140625 0.41171875 0.89169921875 0.4068359375 0.8814453140625 0.3501953125 0.87265625 0.3111328125 0.9048828140625 0.2818359375 0.913671875 0.25546875 0.94150390625 0.2544921875 0.9576171859375 0.2759765625 0.960546875 0.3111328125 0.9341796859375 0.3140625 0.94443359375 0.30625 0.94443359375 0.300400903125 1 0.32692765 1 0.3326171875 0.9869140640625 0.34757254375 1 0.3765234375 1
8 0.38828125 0.63974609375 0.38046875 0.61044921875 0.3619140625 0.597265625 0.3365234375 0.5591796859375 0.3296875 0.58701171875 0.2896484375 0.65 0.2691406234375 0.65732421875 0.27109375 0.69833984375 0.27890625 0.71591796875 0.3267578125 0.7671875 0.3355468765625 0.76572265625 0.384375 0.71591796875 0.3765625 0.70419921875 0.3902343765625 0.67783203125 0.3824218765625 0.66904296875 0.3824218765625 0.64560546875 0.38828125 0.63974609375
10 1 0.7354870859375 0.9623046875 0.731640625 0.953515625 0.7365234375 0.953515625 0.7482421875 0.94765625 0.7521484375 0.953515625 0.7521484375 0.961328125 0.7951171875 0.957421875 0.8771484375 0.9623046875 0.887890625 0.9828125 0.8908203125 0.9486328125 0.9015625 0.93203125 0.9181640625 0.928125 0.9357421875 0.9486328125 0.95234375 0.9916015625 0.95625 1 0.9646484375 1 0.7354870859375
8 0.6190755203125 0.3890625 0.613671875 0.4376953125 0.6234375 0.4435546875 0.61953125 0.4689453125 0.60390625 0.4728515625 0.601953125 0.5060546875 0.6048828125 0.512890625 0.6087890625 0.50703125 0.6166015625 0.508984375 0.6224609375 0.5265625 0.648828125 0.5294921875 0.6546875 0.5373046875 0.648828125 0.5568359375 0.652734375 0.5607421875 0.6693359375 0.53828125 0.6908203125 0.528515625 0.7064453125 0.528515625 0.725 0.5119140625 0.73671875 0.4494140625 0.754296875 0.4337890625 0.75234375 0.4142578125 0.7416015625 0.4015625 0.7318359375 0.39765625 0.7162109375 0.409375 0.6947265625 0.41328125 0.6462890625 0.3890625 0.6190755203125 0.3890625
3 0.58203125 0.4359375 0.0734375 0.09375