9 0.33515625 0.2 0.08203125 0.03125
7 0.3359375 0.2171875 0.0875 0.059375
12 0.3734375 0.17265625 0.1734375 0.0765625
14 0.32421875 0.26796875 0.3109375 0.2828125
8 0.497560975 0 0.497265625 0.0060546875 0.505078125 0.0080078125 0.51484375 0.0333984375 0.540234375 0.0568359375 0.575390625 0.1251953125 0.583203125 0.1251953125 0.59296875 0.1076171875 0.59296875 0.0626953125 0.598828125 0.0490234375 0.6028029984375001 0 0.497560975 0
15 0.43046875 0.8734375 0.0640625 0.0375
15 0.36953125 0.859375 0.04375 0.0484375
15 0.29765625 0.846875 0.0484375 0.0375
15 0.21796875 0.821875 0.0421875 0.0359375
11 0.25390625 0.6078125 0.040625 0.0453125
11 0.30703125 0.64375 0.0296875 0.0375
11 0.32734375 0.63671875 0.0375 0.0375
11 0.4375 0.64921875 0.0375 0.0359375
8 0.46015625 0.4734375 0.0390625 0.04375
8 0.32265625 0.45390625 0.0328125 0.0375
8 0.40546875 0.44921875 0.0375 0.0359375
8 0.25078125 0.45859375 0.0359375 0.0328125
12 0.25234375 0.425 0.0484375 0.03125
12 0.321875 0.42421875 0.04375 0.0296875
12 0.40859375 0.421875 0.0453125 0.025
12 0.45703125 0.434375 0.0453125 0.0375
14 0.25234375 0.625 0.1046875 0.43125
14 0.33125 0.646875 0.115625 0.475
14 0.4390625 0.66484375 0.08125 0.5046875
11 0.91171875 0.97265625 0.1171875 0.0546875
14 0.67109375 0.7046875 0.3515625 0.590625
14 0.8921875 0.7046875 0.215625 0.590625