9 0.128125 0.03828125 0.25625 0.0421875
11 0.0375 0.21953125 0.075 0.0796875
11 0.35703125 0.30703125 0.1203125 0.0890625
11 0.4890625 0.39765625 0.08125 0.0421875
8 0.15078125 0.1015625 0.165625 0.1203125
8 0.32578125 0.11015625 0.08671875 0.07421875
14 0.18203125 0.209375 0.3640625 0.41875
14 0.390625 0.21796875 0.278125 0.4015625
5 0.66796875 0.209375 0.2765625 0.41875
5 0.8859375 0.20390625 0.228125 0.4078125
1 0.11171875 0.8640625 0.2234375 0.271875
1 0.3265625 0.95546875 0.23125 0.0890625
1 0.10078125 0.64375 0.2015625 0.2125
1 0.37109375 0.85546875 0.15078125 0.2625
10 0.5625 0.80625 0.065625 0.10625
14 0.65625 0.709375 0.253125 0.58125