9 0.253125 0.29296875 0.04921875 0.01171875
10 0.13125 0.39140625 0.04765625 0.03203125
10 0.296875 0.415625 0.04375 0.03125
7 0.2515625 0.29765625 0.04921875 0.028125
12 0.25859375 0.27578125 0.07265625 0.028125
12 0.21328125 0.36328125 0.2015625 0.2109375
8 0.6109375 0.05078125 0.346875 0.1015625
2 0.3251116078125 1 0.3375 0.97109375 0.353125 0.88984375 0.353125 0.88359375 0.34140625 0.878125 0.334375 0.89453125 0.328125 0.95703125 0.3109375 0.99296875 0.310396634375 1 0.3251116078125 1
9 0.61640625 0.9078125 0.2546875 0.115625
8 0.62421875 0.9359375 0.2140625 0.128125
13 0.56171875 0.68515625 0.3046875 0.2640625
14 0.64375 0.79140625 0.46875 0.4171875