2 0.05390625 0.134375 0.1078125 0.26875
2 0.5796875 0.30546875 0.146875 0.365625
14 0.09140625 0.75 0.1828125 0.3
6 0.0234375 0.83359375 0.046875 0.1328125
6 0.109375 0.81171875 0.16875 0.1140625
14 0.63984375 0.67265625 0.0796875 0.125
7 0.471875 0.6875 0.03671875 0.0609375
14 0.4921875 0.8 0.146875 0.4
13 0.49296875 0.6171875 0.0609375 0.034375
13 0.64140625 0.6046875 0.0265625 0.009375
11 0.6328125 0.684375 0.02109375 0.03203125
11 0.621875 0.68203125 0.02578125 0.0390625
15 0.57890625 0.82890625 0.03203125 0.0515625
15 0.61875 0.84296875 0.02265625 0.065625