9 0.36875 0.12421875 0.1015625 0.03125
10 0.5 0.49765625 0.078125 0.1109375
10 0.21875 0.41875 0.08046875 0.07578125
7 0.378125 0.14296875 0.13046875 0.0828125
12 0.43515625 0.08515625 0.2078125 0.096875
14 0.34375 0.3 0.390625 0.5375
1 0.596875 0.409375 0.115625 0.31875
1 0.79453125 0.46640625 0.3140625 0.2046875
1 0.0625 0.6828125 0.125 0.228125
1 0.253125 0.77265625 0.2359375 0.36875
1 0.4484375 0.88515625 0.18125 0.2296875
1 0.490625 0.7140625 0.096875 0.2625
5 0.653125 0.784375 0.228125 0.43125
5 0.86640625 0.784375 0.2671875 0.43125