5 0.2734375 0.31171875 0.546875 0.2546875
10 0.8125 0.3 0.134375 0.125
14 0.28984375 0.76484375 0.5796875 0.4703125
8 0.24609375 0.853125 0.2515625 0.29375
11 0.0921875 0.9515625 0.184375 0.096875
13 0.1921875 0.65546875 0.384375 0.2515625
3 0.403125 0.725 0.0734375 0.1828125
4 0.209375 0.8359375 0.1765625 0.11328125
10 0.81328125 0.56640625 0.0984375 0.0734375
10 0.90859375 0.71015625 0.09140625 0.146875
7 0.63125 0.71875 0.103125 0.10078125
7 0.91953125 0.76484375 0.1609375 0.4703125
7 0.69375 0.76484375 0.228125 0.4703125
10 0.61328125 0.87265625 0.0671875 0.0796875
9 0.62890625 0.69765625 0.0984375 0.0671875