2 0.29972550625 0 0.3125 0.01171875 0.303125 0.03046875 0.3046875 0.07109375 0.296875 0.09296875 0.2984375 0.11171875 0.3078125 0.12265625 0.3078125 0.17265625 0.1828125 0.35234375 0.15078125 0.3828125 0.09140625 0.3953125 0.0515625 0.46015625 0.18046875 0.4453125 0.21796875 0.3765625 0.30703125 0.3703125 0.38359375 0.2625 0.41640625 0.246875 0.42890625 0.2515625 0.434375 0.25703125 0.4265625 0.27578125 0.434375 0.29453125 0.4359375 0.36953125 0.44609375 0.36875 0.453125 0.37734375 0.4453125 0.43984375 0.46875 0.49609375 0.46328125 0.5125 0.44921875 0.509375 0.4375 0.51953125 0.434375 0.53359375 0.44296875 0.5359375 0.4328125 0.54609375 0.43828125 0.5546875 0.4390625 0.54609375 0.45078125 0.54375 0.46015625 0.5296875 0.465625 0.53046875 0.4625 0.53828125 0.4546875 0.54140625 0.46484375 0.54375 0.465625 0.53671875 0.475 0.53359375 0.4671875 0.52265625 0.47578125 0.51875 0.496875 0.52265625 0.478125 0.53359375 0.49140625 0.5359375 0.48828125 0.54375 0.52890625 0.54375 0.53203125 0.534375 0.54453125 0.546875 0.55859375 0.5453125 0.56328125 0.5375 0.575 0.54609375 0.56484375 0.559375 0.54609375 0.559375 0.54296875 0.5484375 0.53984375 0.559375 0.52734375 0.5546875 0.52421875 0.56875 0.51171875 0.546875 0.50078125 0.559375 0.49609375 0.5484375 0.490625 0.55703125 0.496875 0.56015625 0.49296875 0.5703125 0.48515625 0.559375 0.48671875 0.5703125 0.46484375 0.571875 0.4828125 0.57578125 0.48046875 0.6203125 0.46953125 0.6203125 0.46640625 0.6078125 0.4515625 0.60546875 0.44921875 0.55625 0.440625 0.56796875 0.4515625 0.62421875 0.4750651046875 0.6390625 0.5890625 0.6390625 0.5890625 0.61015625 0.5875 0.60859375 0.5890625 0.56953125 0.5796875 0.53515625 0.54296875 0.5078125 0.54375 0.50078125 0.5328125 0.49140625 0.5265625 0.38984375 0.53515625 0.36875 0.57421875 0.36875 0.5890625 0.3623177078125 0.5890625 0.1876233546875 0.5625 0.15546875 0.553125 0.13203125 0.5515625 0.09296875 0.5703125 0.07890625 0.5703125 0.06953125 0.55 0.04609375 0.540625 0.00078125 0.5406919640625001 0 0.29972550625 0
13 0.75234375 0.07890625 0.3265625 0.1578125
8 0.7421875 0.2953125 0.30625 0.2875
14 0.79453125 0.31953125 0.4109375 0.6390625
14 0.4171875 0.81953125 0.225 0.3609375
13 0.4078125 0.65859375 0.075 0.0390625
7 0.40859375 0.71640625 0.0671875 0.09765625
13 0.02109375 0.7765625 0.0421875 0.0375
7 0.01484375 0.828125 0.0296875 0.08125
9 0.4 0.68984375 0.05 0.0453125
2 0.5890625 0.6390625 0.5890625 0.7626116078124999 0.5921875 0.75546875 0.60078125 0.753125 0.63203125 0.7546875 0.65703125 0.746875 0.69765625 0.7453125 0.725 0.78203125 0.7578125 0.84921875 0.7875 0.88671875 0.79609375 0.890625 0.81875 0.88203125 0.7984375 0.84765625 0.7890625 0.81015625 0.75 0.73828125 0.75625 0.72109375 0.74765625 0.7203125 0.74609375 0.7265625 0.7234375 0.68828125 0.7248641296875 0.6390625 0.5890625 0.6390625