10 0.16484375 0.0375 0.0453125 0.075
14 0.25234375 0.1328125 0.2234375 0.265625
10 0.15703125 0.10703125 0.0390625 0.0890625
7 0.91328125 0.025 0.0484375 0.05
14 0.87265625 0.1765625 0.2015625 0.353125
10 0.79375 0.18828125 0.05625 0.1015625
10 0.8234375 0.2671875 0.0609375 0.0875
9 0.45546875 0.59375 0.1890625 0.125
13 0.45078125 0.50078125 0.1984375 0.1953125
14 0.334375 0.6984375 0.43125 0.603125
14 0.153125 0.69453125 0.30625 0.6109375
10 0.66875 0.61953125 0.1640625 0.1578125
10 0.7734375 0.55703125 0.1109375 0.13515625
14 0.696875 0.66953125 0.29375 0.5609375