10 0.3 0.2890625 0.1109375 0.078125
15 0.375 0.540625 0.09375 0.084375
7 0.3890625 0.0328125 0.08125 0.065625
14 0.31015625 0.296875 0.2390625 0.59375
9 0.74609375 0.16875 0.17109375 0.0421875
7 0.7515625 0.19296875 0.16171875 0.08359375
10 0.5140625 0.5734375 0.16875 0.090625
10 0.93359375 0.5515625 0.1328125 0.115625
12 0.7296875 0.1140625 0.21484375 0.10234375
14 0.721875 0.34296875 0.55625 0.5515625
5 0.2078125 0.69609375 0.415625 0.1546875
5 0.17578125 0.809375 0.3515625 0.38125
5 0.35390625 0.809375 0.1515625 0.38125
8 0.68515625 0.834375 0.0890625 0.146875
13 0.728125 0.6921875 0.171875 0.115625
14 0.7703125 0.8234375 0.36875 0.353125
3 0.7453125 0.796875 0.040625 0.084375
4 0.66875 0.78671875 0.059375 0.0484375