2 0.34185267812500003 0 0.3375 0.00234375 0.3359375 0.03828125 0.340625 0.03828125 0.353125 0.06484375 0.371875 0.12890625 0.33828125 0.14375 0.278125 0.14921875 0.271875 0.04609375 0.2671875 0.03046875 0.25859375 0.0296875 0.2484375 0.04609375 0.2453125 0.07421875 0.25625 0.12421875 0.2609375 0.25078125 0.2765625 0.30234375 0.28125 0.30078125 0.28125 0.18515625 0.33671875 0.1734375 0.35390625 0.175 0.38046875 0.15625 0.434375 0.31015625 0.45 0.31171875 0.45 0.30078125 0.44375 0.29765625 0.446875 0.28984375 0.4375 0.28671875 0.440625 0.27890625 0.4171875 0.19921875 0.415625 0.17578125 0.3640625 0.03359375 0.3703125 0.02421875 0.3609375 0.00078125 0.35828125 0 0.34185267812500003 0
2 0.153125 0.19921875 0.1625 0.17421875 0.13984375 0.1703125 0.1328125 0.19609375 0.128125 0.28359375 0.09765625 0.3078125 0.08203125 0.309375 0.0734375 0.30078125 0.078125 0.21171875 0.0625 0.22421875 0.0546875 0.32578125 0.0484375 0.34140625 0.053125 0.40234375 0.0765625 0.45234375 0.10078125 0.4671875 0.0984375 0.45390625 0.0828125 0.44296875 0.0765625 0.42890625 0.071875 0.34765625 0.08046875 0.340625 0.11171875 0.334375 0.12890625 0.321875 0.146875 0.39609375 0.1703125 0.45078125 0.1875 0.47265625 0.1953125 0.44296875 0.19375 0.39921875 0.18203125 0.4015625 0.165625 0.37265625 0.146875 0.27265625 0.153125 0.19921875
0 0.45625 0.41328125 0.0125 0.0359375
2 0 0.66619375 0.0071015625 0.6647734375 0.02556875 0.6832390625 0.071875 0.76015625 0.065625 0.73359375 0.0671875 0.70546875 0.0524310203125 0.677297290625 0.05113593749999999 0.67755625 0.050379687500000006 0.6742940765625 0.04119375 0.6676140625 0.0241484375 0.6477265625 0.00994375 0.6207390625 0.015625 0.5539765625 0.01328125 0.521875 0 0.55828790625 0 0.66619375
7 0.7296875 0.53359375 0.0875 0.0484375
14 0.96484375 0.7546875 0.0703125 0.490625
14 0.528125 0.7546875 0.15625 0.490625
14 0.7828125 0.7546875 0.290625 0.490625
11 0.5453125 0.62890625 0.0828125 0.1109375
11 0.60625 0.859375 0.06484375 0.0859375
11 0.63359375 0.78671875 0.0703125 0.0890625