0 0.1390625 0.34453125 0.278125 0.6890625
0 0.2640625 0.34453125 0.371875 0.6890625
14 0.5390625 0.103125 0.053125 0.20625
14 0.478125 0.14453125 0.05625 0.2890625
7 0.7453125 0.34609375 0.07734375 0.14140625
14 0.66796875 0.3984375 0.2734375 0.58125
13 0.74453125 0.1625 0.1296875 0.11640625
11 0.47109375 0.08046875 0.0140625 0.028125
11 0.4578125 0.08359375 0.015625 0.0296875
15 0.45703125 0.2609375 0.0140625 0.05625
15 0.49140625 0.2484375 0.0265625 0.065625
5 0.225 0.84453125 0.45 0.3109375
5 0.725 0.96171875 0.55 0.0765625