9 0.21015625 0.14453125 0.20703125 0.14921875
9 0.365625 0.046875 0.128125 0.09375
8 0.18984375 0.20703125 0.17578125 0.27890625
8 0.36875 0.10546875 0.121875 0.2109375
14 0.13828125 0.234375 0.2765625 0.46875
14 0.33359375 0.234375 0.1921875 0.46875
2 0.7 0.025 0.21875 0.05
5 0.059375 0.759375 0.11875 0.48125
5 0.3109375 0.76171875 0.2375 0.4765625
10 0.6890625 0.48515625 0.115625 0.0328125
15 0.8765625 0.965625 0.128125 0.06875
15 0.98125 0.9609375 0.0375 0.078125
14 0.8078125 0.734375 0.384375 0.53125