10 0.13046875 0.203125 0.1046875 0.3390625
7 0.75234375 0.3171875 0.05 0.10703125
10 0.68046875 0.41015625 0.053125 0.084375
14 0.740625 0.5375 0.1625 0.61953125
10 0.715625 0.61484375 0.0453125 0.0765625
7 0.1125 0.10078125 0.03984375 0.05703125
13 0.78984375 0.27734375 0.0546875 0.0515625
13 0.10703125 0.05546875 0.0390625 0.03359375
11 0.0953125 0.1984375 0.015625 0.0390625
11 0.1421875 0.19375 0.01484375 0.0375
15 0.13828125 0.346875 0.021875 0.05546875
15 0.1609375 0.3171875 0.03046875 0.046875