10 0.478125 0.01328125 0.053125 0.0265625
14 0.48828125 0.2109375 0.0609375 0.421875
10 0.5046875 0.18984375 0.028125 0.0765625
14 0.66171875 0.2453125 0.2859375 0.4875
16 0.634375 0.23828125 0.23125 0.2234375
10 0.76171875 0.353125 0.05546875 0.059375
10 0.565625 0.390625 0.09375 0.046875
9 0.64921875 0.075 0.10859375 0.03125
7 0.6421875 0.08671875 0.10859375 0.065625
12 0.61015625 0.03828125 0.15546875 0.065625
14 0.1125 0.74453125 0.225 0.5109375
11 0.18125 0.8203125 0.06953125 0.053125
16 0.103125 0.69375 0.20625 0.284375
7 0.0484375 0.5140625 0.096875 0.05
14 0.8171875 0.72265625 0.365625 0.4671875
15 0.80625 0.8734375 0.09609375 0.0984375
15 0.9328125 0.8890625 0.12265625 0.09140625
11 0.9875 0.65234375 0.025 0.0671875
11 0.66875 0.6453125 0.0796875 0.07421875