5 0.12421875 0.296875 0.2484375 0.125
14 0.79296875 0.11875 0.1390625 0.2375
15 0.7734375 0.2203125 0.05078125 0.071875
15 0.7546875 0.18203125 0.04453125 0.05390625
5 0.28671875 0.9046875 0.4046875 0.190625
5 0.428125 0.68359375 0.121875 0.2234375
7 0.97421875 0.384375 0.0359375 0.05
14 0.64140625 0.4734375 0.1140625 0.228125
14 0.95390625 0.58125 0.0921875 0.44375
10 0.9796875 0.58515625 0.03671875 0.09609375
15 0.9203125 0.78203125 0.03046875 0.06953125
15 0.94765625 0.78125 0.03203125 0.06796875