5 0.35703125 0.34296875 0.5234375 0.3453125
7 0.959375 0.0734375 0.03203125 0.08203125
14 0.9265625 0.21640625 0.09921875 0.3984375
14 0.690625 0.31484375 0.14375 0.4890625
14 0.9421875 0.3234375 0.115625 0.471875
13 0.74921875 0.11953125 0.0453125 0.08046875
13 0.9578125 0.0296875 0.0390625 0.03046875
13 0.98515625 0.1328125 0.0296875 0.059375
11 0.6390625 0.3328125 0.025 0.04609375
11 0.903125 0.44609375 0.03046875 0.075
11 0.98671875 0.44921875 0.0265625 0.0609375
11 0.89140625 0.28984375 0.01875 0.0484375
15 0.65 0.54453125 0.0625 0.0296875
16 0.390625 0.7515625 0.278125 0.25
14 0.38515625 0.7796875 0.4203125 0.440625
14 0.6703125 0.8484375 0.103125 0.303125