14 0.1171875 0.209375 0.08828125 0.3484375
7 0.775 0.340625 0.03671875 0.09140625
10 0.69375 0.4390625 0.0421875 0.06640625
14 0.76796875 0.5421875 0.14375 0.540625
10 0.728125 0.6375 0.04453125 0.09453125
7 0.1046875 0.08125 0.03359375 0.0515625
13 0.803125 0.28828125 0.059375 0.04609375
13 0.1 0.0453125 0.03671875 0.0265625
11 0.11640625 0.13828125 0.025 0.040625
11 0.1390625 0.184375 0.02109375 0.040625
15 0.1109375 0.3546875 0.028125 0.07109375
15 0.1375 0.340625 0.0265625 0.075
15 0.6875 0.78984375 0.0453125 0.05703125