10 0.28359375 0.028125 0.0546875 0.05625
14 0.34375 0.13125 0.1375 0.2625
10 0.29609375 0.0546875 0.053125 0.05
14 0.74765625 0.2640625 0.3171875 0.371875
16 0.7515625 0.3484375 0.253125 0.203125
7 0.7015625 0.18984375 0.11640625 0.084375
12 0.74765625 0.11953125 0.23046875 0.075
10 0.23671875 0.79140625 0.103125 0.09921875
14 0.29296875 0.725 0.2515625 0.55
11 0.2859375 0.53359375 0.02890625 0.01796875
11 0.11484375 0.55625 0.0265625 0.0125
11 0.084375 0.4734375 0.03359375 0.015625
8 0.0921875 0.509375 0.0265625 0.015625
8 0.23359375 0.52421875 0.0234375 0.0203125
8 0.06015625 0.4578125 0.0265625 0.015625
13 0.096875 0.49609375 0.0359375 0.0140625
13 0.2203125 0.50546875 0.05390625 0.02265625
11 0.25234375 0.54296875 0.03359375 0.0171875
11 0.0640625 0.54140625 0.03203125 0.015625
14 0.0421875 0.5484375 0.084375 0.196875
14 0.103125 0.55625 0.1265625 0.134375
14 0.2296875 0.5546875 0.13515625 0.11875
14 0.640625 0.725 0.403125 0.55
16 0.665625 0.58125 0.2859375 0.253125
10 0.7828125 0.71484375 0.0640625 0.0484375
10 0.48984375 0.71796875 0.071875 0.0640625
6 0.7359375 0.9359375 0.1 0.128125
6 0.5765625 0.9390625 0.11875 0.121875