0 0.278125 0.3390625 0.55625 0.5
1 0.8 0.2765625 0.4 0.553125
7 0.58359375 0.6125 0.0328125 0.04375
7 0.32265625 0.6328125 0.0421875 0.08046875
14 0.55234375 0.7125 0.0953125 0.246875
14 0.32265625 0.76953125 0.1359375 0.3609375
10 0.27578125 0.8078125 0.034375 0.078125
10 0.33359375 0.915625 0.040625 0.06640625
11 0.5296875 0.740625 0.021875 0.040625
9 0.3265625 0.60625 0.0375 0.03203125
2 0.9578125 0.75234375 0.94140625 0.7359375 0.89921875 0.7265625 0.87109375 0.73125 0.86640625 0.74375 0.89765625 0.7421875 0.946875 0.75859375 0.9484375 0.76484375 0.9234375 0.79609375 0.934375 0.79921875 0.95234375 0.7765625 0.959375 0.78203125 0.9578125 0.79609375 0.9671875 0.79453125 0.965625 0.76796875 0.9578125 0.75234375