14 0.34921875 0.21484375 0.3203125 0.4296875
14 0.1640625 0.21484375 0.24375 0.4296875
14 0.83984375 0.21484375 0.3203125 0.4296875
16 0.9125 0.121875 0.175 0.24375
10 0.74609375 0.26875 0.0640625 0.078125
9 0.1640625 0.68125 0.14921875 0.10078125
8 0.0296875 0.71875 0.059375 0.146875
8 0.3625 0.878125 0.10546875 0.1203125
11 0.328125 0.93125 0.0875 0.1375
8 0.1578125 0.7078125 0.125 0.14453125
12 0.04765625 0.53046875 0.0953125 0.1703125
12 0.16328125 0.53203125 0.1921875 0.16328125
12 0.33515625 0.7375 0.18046875 0.165625
14 0.14453125 0.71484375 0.2453125 0.5703125
14 0.33671875 0.825 0.2921875 0.35
14 0.84765625 0.7171875 0.3046875 0.565625
16 0.87109375 0.740625 0.2578125 0.271875
10 0.865625 0.92578125 0.09453125 0.0703125
7 0.8109375 0.5484375 0.1140625 0.075
9 0.8015625 0.5296875 0.1 0.0390625
12 0.8609375 0.48046875 0.21953125 0.078125