5 0.23984375 0.309375 0.4796875 0.48125
2 0.72265625 0.275 0.4859375 0.55
12 0.709375 0.6828125 0.08046875 0.07578125
12 0.50546875 0.73359375 0.04765625 0.04296875
8 0.50625 0.7796875 0.05078125 0.071875
16 0.9734375 0.84375 0.053125 0.3125
16 0.52421875 0.8890625 0.0890625 0.18125
14 0.9578125 0.775 0.084375 0.45
16 0.73515625 0.88515625 0.1171875 0.2296875
14 0.72421875 0.82265625 0.1390625 0.3546875
14 0.52734375 0.85 0.0953125 0.3
11 0.56875 0.97890625 0.028125 0.0421875
12 0.95546875 0.575 0.0890625 0.05
8 0.94375 0.64765625 0.065625 0.0921875