9 0.125 0.29609375 0.08203125 0.02265625
10 0.1984375 0.45078125 0.146875 0.0359375
10 0.278125 0.4265625 0.12734375 0.0375
7 0.13671875 0.31796875 0.10859375 0.078125
12 0.08671875 0.26484375 0.1734375 0.0765625
14 0.16015625 0.34375 0.3203125 0.25
14 0.74609375 0.15625 0.3140625 0.3125
10 0.68671875 0.0796875 0.08046875 0.059375
10 0.896875 0.05 0.075 0.05625
6 0.8359375 0.2296875 0.153125 0.121875
6 0.7046875 0.25859375 0.14453125 0.1328125
16 0.2 0.72421875 0.203125 0.1734375
10 0.1125 0.8390625 0.05546875 0.040625
10 0.32109375 0.8234375 0.05 0.05
6 0.190625 0.9640625 0.075 0.071875
6 0.3046875 0.9625 0.090625 0.075
9 0.175 0.59609375 0.09140625 0.0265625
7 0.175 0.609375 0.0859375 0.05
12 0.1734375 0.56796875 0.10859375 0.0484375
14 0.2046875 0.77109375 0.3 0.4578125
14 0.91171875 0.77421875 0.1765625 0.4515625
16 0.91171875 0.784375 0.1765625 0.21875
10 0.92421875 0.9296875 0.0890625 0.053125
9 0.9765625 0.61796875 0.046875 0.0296875
7 0.96875 0.63359375 0.0625 0.0640625
12 0.93671875 0.58203125 0.1265625 0.0671875