0 0 0.409375 0.24262134375 0.409375 0.143144671875 0.173937409375 0 0.1577112375 0 0.409375
0 0 0.409375 0.0526418984375 0.409375 0.1197110625 0.0162163703125 0 0.0048200234374999994 0 0.409375
2 0.784375 0.221875 0.1875 0.375
7 0.4453125 0.51484375 0.04765625 0.05859375
14 0.49140625 0.7109375 0.2015625 0.578125
14 0.65234375 0.771875 0.1296875 0.45625
13 0.4359375 0.4515625 0.05 0.04296875
13 0.6609375 0.5859375 0.05546875 0.05859375
11 0.6046875 0.9671875 0.02109375 0.05703125
11 0.47265625 0.7390625 0.0390625 0.05703125
11 0.46328125 0.83515625 0.0296875 0.059375