10 0.6015625 0.1390625 0.05625 0.08046875
14 0.94765625 0.159375 0.1046875 0.31875
10 0.9421875 0.10078125 0.06640625 0.0609375
14 0.27421875 0.6765625 0.3859375 0.646875
16 0.28046875 0.596875 0.24140625 0.221875
10 0.4109375 0.73359375 0.0640625 0.0609375
10 0.1640625 0.73359375 0.06953125 0.0578125
6 0.39453125 0.92109375 0.08359375 0.128125
6 0.25546875 0.91015625 0.096875 0.1234375
9 0.2328125 0.43046875 0.11953125 0.034375
12 0.2484375 0.38828125 0.1609375 0.0671875
7 0.24296875 0.44765625 0.13359375 0.0734375
0 0.784375 0.784375 0.2125 0.43125