0 0.3890625 0 0.112240503125 0 0.10724895781249999 0.0177046453125 0.21660580000000001 0.3065996609375 0.3400228328125 0.4081033140625 0.3890625 0.49320636875 0.3890625 0
0 0 0 0 0.6390625 0.16595089062499999 0.6390625 0.1759875671875 0.1317010453125 0.1660904484375 0 0 0
14 0.62890625 0.33046875 0.2953125 0.6171875
16 0.615625 0.2703125 0.246875 0.234375
10 0.63515625 0.4359375 0.08359375 0.059375
6 0.61484375 0.59140625 0.1859375 0.0953125
6 0.6890625 0.57734375 0.15546875 0.1046875
9 0.6671875 0.1 0.06953125 0.028125
7 0.6546875 0.11328125 0.0859375 0.059375
12 0.60546875 0.0625 0.19453125 0.078125
10 0.334375 0.646875 0.04375 0.015625
14 0.715625 0.81953125 0.478125 0.3609375