9 0.1703125 0.3296875 0.14921875 0.10078125
8 0.0328125 0.3671875 0.065625 0.146875
8 0.36875 0.5265625 0.10546875 0.1203125
11 0.334375 0.56015625 0.0875 0.0984375
8 0.1640625 0.35625 0.125 0.14453125
12 0.05078125 0.17890625 0.1015625 0.1703125
12 0.16953125 0.18046875 0.1921875 0.16328125
12 0.34140625 0.3859375 0.18046875 0.165625
14 0.15078125 0.34375 0.2453125 0.53125
14 0.34296875 0.45390625 0.2921875 0.3109375
14 0.72421875 0.19453125 0.3296875 0.3890625
16 0.6984375 0.04375 0.234375 0.0875
10 0.8203125 0.12109375 0.0859375 0.0703125
10 0.5859375 0.1046875 0.053125 0.053125
6 0.80390625 0.3109375 0.0859375 0.140625
6 0.66484375 0.28984375 0.121875 0.11875
14 0.14765625 0.771875 0.2953125 0.325
10 0.00859375 0.64921875 0.0171875 0.0546875
10 0.215625 0.66640625 0.09453125 0.0703125
6 0.1984375 0.86484375 0.1109375 0.1359375
6 0.06953125 0.834375 0.13046875 0.11875
0 0.83828125 0.8234375 0.3234375 0.353125