8 0.26796875 0.05 0.0734375 0.1
8 0.36796875 0.02421875 0.0859375 0.0484375
11 0.46171875 0.21015625 0.0359375 0.0796875
11 0.33515625 0.0875 0.084375 0.1109375
11 0.19296875 0.334375 0.1421875 0.14453125
11 0.07734375 0.61484375 0.0765625 0.0890625
11 0.4375 0.59765625 0.071875 0.10546875
14 0.13828125 0.3296875 0.2765625 0.659375
14 0.1875 0.3296875 0.240625 0.659375
14 0.353125 0.3296875 0.1875 0.659375
14 0.4328125 0.3296875 0.09375 0.659375
14 0.89609375 0.2671875 0.2078125 0.534375
16 0.92265625 0.128125 0.1546875 0.228125
10 0.8625 0.26875 0.05546875 0.05625
6 0.9390625 0.446875 0.1 0.121875
7 0.94921875 0.0078125 0.1015625 0.015625
14 0.41640625 0.8296875 0.1265625 0.340625
16 0.43984375 0.79140625 0.0796875 0.2640625
10 0.46484375 0.9671875 0.0296875 0.065625
14 0.6171875 0.8296875 0.275 0.340625
16 0.6171875 0.7109375 0.275 0.103125
10 0.5859375 0.81171875 0.09453125 0.0703125
6 0.60859375 0.98125 0.1921875 0.0375
6 0.5734375 0.95078125 0.1875 0.0984375