9 0.184375 0.12109375 0.1203125 0.09609375
8 0.18203125 0.14921875 0.11328125 0.134375
8 0.2359375 0.28828125 0.07421875 0.103125
8 0.3359375 0.2296875 0.08671875 0.11796875
8 0.45390625 0.17265625 0.07421875 0.103125
8 0.50546875 0.26171875 0.06953125 0.10078125
11 0.55 0.346875 0.11796875 0.1078125
11 0.45234375 0.44921875 0.08203125 0.0796875
11 0.30234375 0.3265625 0.084375 0.1109375
13 0.1875 0.03046875 0.128125 0.0609375
13 0.459375 0.08046875 0.10078125 0.06484375
13 0.528125 0.17421875 0.09140625 0.0578125
13 0.303125 0.13828125 0.0984375 0.071875
13 0.2375 0.1859375 0.0796875 0.0671875
14 0.121875 0.259375 0.24375 0.51875
14 0.1546875 0.33671875 0.240625 0.3640625
14 0.3203125 0.31171875 0.1875 0.4140625
14 0.43515625 0.28828125 0.1640625 0.4609375
14 0.52734375 0.32734375 0.1609375 0.3828125
14 0.32421875 0.67578125 0.3328125 0.3140625
10 0.29375 0.59375 0.0859375 0.053125
10 0.4453125 0.55 0.059375 0.0625
6 0.2921875 0.76953125 0.171875 0.1296875
6 0.3890625 0.734375 0.16640625 0.11875
14 0.946875 0.759375 0.10625 0.48125
16 0.9625 0.6515625 0.075 0.265625
10 0.96796875 0.825 0.0640625 0.084375