5 0.1546875 0.20078125 0.309375 0.2671875
14 0.4875 0.0625 0.078125 0.125
14 0.6921875 0.08203125 0.10625 0.1640625
14 0.44765625 0.2734375 0.1765625 0.371875
13 0.465625 0.13125 0.0640625 0.04453125
11 0.6953125 0.02890625 0.01953125 0.0234375
15 0.6484375 0.109375 0.0359375 0.0375
15 0.68359375 0.153125 0.0265625 0.04296875
0 0.18828125 0.6640625 0.2421875 0.409375
14 0.34375 0.7296875 0.06875 0.540625
10 0.4046875 0.8125 0.09140625 0.1109375
15 0.5875 0.46640625 0.028125 0.0140625
15 0.615625 0.4640625 0.028125 0.009375
15 0.8234375 0.478125 0.028125 0.0375