8 0.11640625 0.01875 0.0671875 0.0375
9 0.38671875 0.02265625 0.1828125 0.0453125
8 0.38671875 0.0515625 0.1515625 0.103125
14 0.334375 0.184375 0.490625 0.36875
14 0.040625 0.05703125 0.08125 0.1140625
14 0.78828125 0.08203125 0.4109375 0.1640625
6 0.87109375 0.0984375 0.1359375 0.121875
6 0.71875 0.08046875 0.10859375 0.1171875
14 0.34296875 0.66875 0.3078125 0.6
16 0.3421875 0.584375 0.228125 0.209375
6 0.30859375 0.9015625 0.125 0.11875
6 0.41953125 0.875 0.15 0.096875
10 0.29453125 0.73125 0.08359375 0.0578125
10 0.47421875 0.703125 0.04140625 0.065625
9 0.375 0.42421875 0.09453125 0.03125
7 0.36171875 0.4390625 0.10859375 0.0671875
12 0.3328125 0.39609375 0.165625 0.0546875
14 0.6484375 0.62421875 0.1375 0.5109375
16 0.63203125 0.49375 0.1046875 0.21875
10 0.69921875 0.6234375 0.0609375 0.053125
6 0.640625 0.80703125 0.121875 0.1265625