15 0.12578125 0.365625 0.13359375 0.0765625
15 0.19921875 0.334375 0.14921875 0.059375
11 0.0515625 0.08359375 0.090625 0.06640625
11 0.2890625 0.0859375 0.07109375 0.059375
13 0.17578125 0.215625 0.3515625 0.43125
14 0.8546875 0.21484375 0.290625 0.4296875
16 0.87890625 0.04765625 0.2421875 0.0953125
10 0.92421875 0.1390625 0.103125 0.075
10 0.75703125 0.0984375 0.0640625 0.059375
6 0.91953125 0.35234375 0.15 0.1453125
6 0.8296875 0.30703125 0.175 0.1234375
2 0.42734375 0.71328125 0.115625 0.10390625
0 0.83046875 0.7015625 0.3390625 0.44375