5 0.39375 0.22734375 0.5046875 0.35
1 0.84296875 0.1875 0.2265625 0.375
4 0.79765625 0.19453125 0.1359375 0.0953125
14 0.5734375 0.57734375 0.10625 0.2359375
7 0.2765625 0.57109375 0.04765625 0.046875
14 0.26953125 0.7296875 0.1984375 0.540625
10 0.2625 0.7640625 0.05078125 0.1125
13 0.278125 0.48125 0.075 0.04375
14 0.86796875 0.51796875 0.0703125 0.1171875
14 0.8109375 0.7296875 0.1625 0.540625
10 0.82109375 0.7671875 0.0359375 0.08359375
15 0.8515625 0.96640625 0.0625 0.0671875
15 0.8640625 0.93515625 0.05234375 0.05546875