9 0.046875 0.05546875 0.09375 0.1078125
9 0.4390625 0.2765625 0.040625 0.13125
8 0.04140625 0.1078125 0.0828125 0.215625
8 0.2671875 0.415625 0.14921875 0.17578125
13 0.27109375 0.26171875 0.15625 0.11796875
13 0.225 0.08125 0.1390625 0.09375
14 0.0875 0.2796875 0.175 0.559375
14 0.30234375 0.37421875 0.2984375 0.3703125
5 0.615625 0.23203125 0.3125 0.4640625
5 0.8578125 0.22734375 0.284375 0.4546875
14 0.29140625 0.7796875 0.3359375 0.440625
16 0.2890625 0.72421875 0.25 0.2234375
10 0.1734375 0.86328125 0.0640625 0.0546875
10 0.415625 0.8671875 0.08046875 0.05625
9 0.24765625 0.56875 0.1046875 0.01875
7 0.25390625 0.58359375 0.1109375 0.0484375
5 0.57890625 0.7796875 0.2390625 0.440625
5 0.8046875 0.7796875 0.390625 0.440625