9 0.3109375 0.0609375 0.378125 0.121875
8 0.29296875 0.17734375 0.3234375 0.3546875
10 0.1390625 0.52265625 0.2375 0.1140625
14 0.63125 0.2015625 0.184375 0.403125
16 0.6 0.06015625 0.121875 0.1203125
10 0.55390625 0.1640625 0.0296875 0.053125
10 0.67890625 0.11953125 0.05859375 0.0640625
6 0.575 0.33984375 0.071875 0.1296875
6 0.621875 0.3046875 0.165625 0.11875
0 0.26953125 0.78984375 0.5390625 0.4203125
9 0.84375 0.80078125 0.0984375 0.02734375
7 0.8390625 0.8140625 0.08828125 0.05078125
13 0.8453125 0.76953125 0.10625 0.04296875
14 0.76875 0.87109375 0.409375 0.2578125