9 0.4640625 0.20078125 0.25 0.1546875
12 0.41328125 0.09453125 0.3515625 0.1890625
8 0.46875 0.3328125 0.240625 0.35625
14 0.95859375 0.29453125 0.0828125 0.5890625
5 0.31484375 0.79453125 0.5484375 0.4109375
9 0.7234375 0.734375 0.04921875 0.01328125
10 0.6390625 0.7546875 0.0546875 0.04375
10 0.7890625 0.75 0.065625 0.040625
15 0.66953125 0.97734375 0.0546875 0.0359375
15 0.74609375 0.971875 0.05078125 0.0328125
7 0.72421875 0.74140625 0.05 0.0296875
13 0.7234375 0.71953125 0.0609375 0.01953125
14 0.71484375 0.853125 0.21640625 0.28984375