5 0.21953125 0.25 0.4390625 0.5
13 0.9546875 0.04296875 0.0578125 0.0671875
8 0.9625 0.103125 0.040625 0.08671875
8 0.52265625 0.14609375 0.05546875 0.0671875
13 0.8171875 0.1671875 0.0765625 0.06484375
13 0.73828125 0.21484375 0.03828125 0.03125
8 0.83046875 0.22578125 0.05078125 0.0578125
13 0.684375 0.2375 0.0453125 0.053125
8 0.74375 0.25703125 0.0359375 0.053125
8 0.68125 0.2890625 0.05078125 0.06015625
14 0.92734375 0.25 0.1453125 0.5
14 0.53046875 0.284375 0.1828125 0.43125
10 0.59765625 0.4375 0.0359375 0.0484375
14 0.82734375 0.3109375 0.1328125 0.378125
11 0.9078125 0.44921875 0.03125 0.053125
11 0.609375 0.45625 0.0265625 0.03828125
14 0.68515625 0.35703125 0.1203125 0.2859375
10 0.45703125 0.46640625 0.02890625 0.0578125
8 0.38515625 0.75234375 0.1078125 0.1421875
13 0.3609375 0.59453125 0.15625 0.1109375
14 0.2046875 0.75 0.409375 0.5
14 0.3234375 0.7671875 0.23125 0.465625
4 0.38125 0.70859375 0.115625 0.0640625
0 1 1 1 0.5054083406250001 0.9207030890624999 0.5140625015625 0.8712826406249998 0.7988767640625 0.8628990390624999 1 1 1
0 0.5505531125 0.5 0.4390625 0.753201578125 0.4390625 1 0.7287074734375001 1 0.8244154234375 0.7426593796875001 0.8478490328125 0.547460015625 0.794038784375 0.5 0.5505531125 0.5