12 0 0 0 0.0482503265625 0.0232421875 0.04921875 0.0359375 0.06240234375 0.0359375 0.08291015625 0.05351562343750001 0.09462890625 0.06132812343750001 0.07119140625 0.0433257 0 0 0
12 0.20390625 0.12685546875 0.19609375 0.15029296875 0.1941406234375 0.22060546875 0.20390625 0.22060546875 0.2986328125 0.19277343593750002 0.30546875 0.17958984375 0.2732421875 0.1078125 0.2439453125 0.0931640640625 0.2283203125 0.09609375 0.20390625 0.12685546875
12 0.1443359375 0.1546875 0.1208984375 0.137109375 0.0994140625 0.14296875 0.07109375 0.18837890625 0.0652343765625 0.25283203125 0.0769531234375 0.25869140625 0.075 0.24404296875 0.0857421875 0.230859375 0.1384765625 0.219140625 0.1658203125 0.225 0.1589843765625 0.17958984375 0.1443359375 0.1546875
12 0.389364346875 0 0.3699218765625 0.02138671875 0.3503906234375 0.08876953125 0.3552734375 0.11953125 0.3660156234375 0.11220703125 0.36796875 0.07998046875 0.3865234375 0.055078125 0.4333984375 0.0462890640625 0.4587890625 0.058007814062499996 0.4714843765625 0.07412109375 0.48125 0.12978515625 0.4871093765625 0.12978515625 0.49296875 0.10927734375 0.4910156234375 0.08291015625 0.46953125 0.01845703125 0.455778953125 0 0.389364346875 0
9 0.465625 0.09462890625 0.4568359375 0.0814453140625 0.4431640625 0.0814453140625 0.3982421875 0.101953125 0.3689453125 0.1048828140625 0.35234375 0.12392578125 0.35234375 0.13857421875 0.3650390625 0.172265625 0.37578125 0.17080078125 0.3982421875 0.1634765640625 0.4041015625 0.1283203140625 0.4197265625 0.14589843593750002 0.4587890625 0.137109375 0.4675781234375 0.11513671875 0.465625 0.09462890625
9 0.3015625 0.21767578125 0.2810546875 0.2103515640625 0.2068359375 0.22792968593750002 0.21171875 0.26748046875 0.2292968765625 0.27333984375 0.2439453125 0.2689453140625 0.2537109375 0.23964843593750002 0.2654296875 0.26015625 0.2927734375 0.2572265640625 0.2996093765625 0.24697265625 0.3015625 0.21767578125
9 0.1462890625 0.2953125 0.1501953125 0.289453125 0.1580078125 0.2865234359375 0.1609375 0.28212890625 0.1609375 0.25283203125 0.1365234375 0.2513671859375 0.1345703125 0.2484375 0.1326171875 0.2513671859375 0.1248046875 0.2513671859375 0.1228515625 0.2484375 0.0837890625 0.2484375 0.0808593765625 0.25283203125 0.0808593765625 0.27041015625 0.0828125 0.27333984375 0.0828125 0.28212890625 0.0876953125 0.289453125 0.1033203125 0.2923828140625 0.1072265625 0.2982421859375 0.1121093765625 0.29677734375 0.1150390625 0.2953125 0.1228515625 0.2806640640625 0.1248046875 0.2806640640625 0.1277343765625 0.28798828125 0.1345703125 0.2953125 0.1462890625 0.2953125
9 0 0.13927734375 0.0017578125 0.14296875 0.0134765625 0.1546875 0.03203125 0.15322265625 0.03984375 0.14736328125 0.0496093765625 0.11806640625 0.0515625 0.09755859375 0.0447265625 0.0873046859375 0.0154296875 0.078515625 0 0.078515625 0 0.13927734375
11 0.1973551421875 0.56875 0.2175781234375 0.53408203125 0.2068359375 0.512109375 0.1765625 0.53994140625 0.172961425 0.56875 0.1973551421875 0.56875
11 0.2010172515625 0.56875 0.21953125 0.53701171875 0.2126953125 0.523828125 0.1951171875 0.5208984359375 0.1785156234375 0.53408203125 0.17389322812500002 0.56875 0.2010172515625 0.56875
3 0.30390625 0.246875 0.01640625 0.05546875
3 0.2109375 0.2625 0.02109375 0.046875
3 0.47265625 0.13125 0.01171875 0.0484375
8 0 0.24745554687500002 0.013084470312499999 0.2478886890625 0.0327717546875 0.1572172359375 0 0.1539629828125 0 0.24745554687500002
8 0.09484234375 0.2946677765625 0.1142364390625 0.349766753125 0.1359603609375 0.34467285 0.151574421875 0.3207314859375 0.153611059375 0.2942432109375 0.09484234375 0.2946677765625
8 0.223425146875 0.2762078703125 0.2557813484375 0.3334662421875 0.2751292015625 0.324806621875 0.293798190625 0.28099905468749997 0.29481650937500004 0.25756714999999997 0.223425146875 0.2762078703125
8 0.46743541874999994 0.1769062984375 0.458880671875 0.1516139515625 0.4079652421875 0.1455012640625 0.3784343046875 0.1826867453125 0.4001582 0.23464455156250003 0.4436060421875 0.23158821875000002 0.46743541874999994 0.1769062984375
5 0.7796875 0.32265625 0.440625 0.4921875
16 0.3203125 0.84140625 0.39375 0.3171875
9 0.4125 0.59453125 0.1140625 0.040625
7 0.38515625 0.61875 0.146875 0.1
14 0.328125 0.784375 0.428125 0.43125
16 0.88203125 0.60390625 0.2359375 0.0703125
10 0.709375 0.66796875 0.06640625 0.0671875
6 0.771875 0.8640625 0.096875 0.128125
6 0.9125 0.86171875 0.09453125 0.1421875
14 0.81328125 0.75859375 0.3734375 0.3796875