0 0.09453125 0.11015625 0.1890625 0.2203125
0 0.16484375 0.37890625 0.3296875 0.3015625
7 0.5640625 0.14453125 0.03203125 0.05703125
14 0.396875 0.16640625 0.06484375 0.23203125
14 0.7078125 0.2078125 0.13671875 0.29296875
14 0.5734375 0.2296875 0.08984375 0.346875
10 0.578125 0.36640625 0.02265625 0.06796875
10 0.5515625 0.371875 0.02421875 0.07890625
13 0.7421875 0.075 0.02734375 0.03203125
13 0.56796875 0.078125 0.0421875 0.05
13 0.4 0.05859375 0.02109375 0.021875
11 0.73203125 0.16328125 0.01875 0.03046875
11 0.71796875 0.1578125 0.01875 0.03046875
11 0.38203125 0.175 0.0125 0.02890625
11 0.4 0.128125 0.01484375 0.021875
15 0.6578125 0.3265625 0.0265625 0.0515625
15 0.40703125 0.2515625 0.02109375 0.04453125
15 0.3859375 0.25546875 0.021875 0.05
0 0.25859375 0.7609375 0.1421875 0.259375
0 0.16484375 0.94140625 0.3296875 0.1171875
2 0.66875 0.80234375 0.315625 0.3953125