9 0.215625 0.334375 0.21875 0.14453125
8 0.225 0.390625 0.18984375 0.23046875
13 0.20234375 0.159375 0.24765625 0.15625
9 0.84296875 0.1 0.24765625 0.1703125
8 0.83203125 0.18203125 0.20703125 0.27890625
14 0.79453125 0.2796875 0.4109375 0.559375
14 0.34921875 0.7796875 0.3140625 0.440625
16 0.33828125 0.74375 0.25859375 0.21875
10 0.2828125 0.890625 0.096875 0.05625
10 0.48125 0.8578125 0.0609375 0.0625
9 0.37578125 0.57734375 0.10859375 0.0328125
7 0.36640625 0.59609375 0.103125 0.0671875
12 0.33203125 0.56640625 0.1578125 0.0140625
14 0.86171875 0.7796875 0.2765625 0.440625
16 0.9078125 0.8140625 0.184375 0.290625
10 0.7703125 0.971875 0.065625 0.05625
12 0.90859375 0.57890625 0.1828125 0.0390625