8 0.25859375 0.465625 0.3421875 0.246875
13 0.27421875 0.21953125 0.3109375 0.1859375
14 0.21484375 0.3640625 0.4296875 0.45
14 0.8046875 0.26640625 0.390625 0.5328125
16 0.8359375 0.10859375 0.3 0.2171875
10 0.6546875 0.2375 0.0640625 0.065625
6 0.8984375 0.44375 0.11640625 0.1234375
6 0.7484375 0.46015625 0.1609375 0.1328125
14 0.334375 0.79453125 0.190625 0.4109375
16 0.35703125 0.8359375 0.1453125 0.290625
9 0.34140625 0.62890625 0.0640625 0.0359375
7 0.3609375 0.65078125 0.096875 0.078125
14 0.71953125 0.79453125 0.3859375 0.4109375
16 0.72578125 0.73125 0.24140625 0.221875
10 0.85625 0.86796875 0.0640625 0.0609375
10 0.609375 0.86796875 0.06953125 0.0578125
7 0.6875 0.60390625 0.134375 0.0296875