5 0.234375 0.334375 0.46875 0.609375
2 0.46875 0.6390625 0.5082720593750001 0.6390625 0.5140625 0.63203125 0.521875 0.59453125 0.52109375 0.5828125 0.50390625 0.60625 0.48984375 0.6046875 0.4828125 0.59453125 0.5015625 0.54765625 0.5015625 0.51484375 0.4921875 0.51171875 0.48125 0.55859375 0.46953125 0.575 0.46875 0.5727604171875 0.46875 0.6390625
9 0.08515625 0.86953125 0.1703125 0.1265625
8 0.05234375 0.9078125 0.1046875 0.184375
13 0.0625 0.73828125 0.125 0.1484375
14 0.234375 0.8359375 0.46875 0.328125
16 0.6125 0.69609375 0.253125 0.1140625
10 0.48828125 0.75625 0.0390625 0.065625
10 0.63046875 0.7984375 0.10546875 0.065625
6 0.5453125 0.95 0.153125 0.1
6 0.62421875 0.97109375 0.1671875 0.0578125
14 0.625 0.81953125 0.3125 0.3609375