12 0.4390625 0.12470703125 0.43784722187499997 0.125390625 0.430902778125 0.125390625 0.42743055625000004 0.12734375 0.4204861109375 0.12734375 0.41701388906250003 0.129296875 0.4135416671875 0.129296875 0.41006944375 0.13125 0.40659722187499997 0.13125 0.403125 0.133203125 0.399652778125 0.133203125 0.38229166718749996 0.1390625 0.37881944375 0.1390625 0.371875 0.14296875 0.3614583328125 0.144921875 0.33888888906250003 0.1576171875 0.33888888906250003 0.1595703125 0.32847222187499997 0.1654296875 0.32847222187499997 0.1673828125 0.321527778125 0.1712890625 0.321527778125 0.1732421875 0.3111111109375 0.1830078125 0.3111111109375 0.1869140625 0.30763888906250003 0.1888671875 0.30763888906250003 0.1947265625 0.30416666718749996 0.1966796875 0.30416666718749996 0.2103515625 0.30069444375 0.2123046875 0.30069444375 0.2259765625 0.29722222187499997 0.2279296875 0.29722222187499997 0.2416015625 0.30069444375 0.2435546875 0.30069444375 0.2611328125 0.31631944375 0.271875 0.31979166718749996 0.271875 0.32326388906250003 0.273828125 0.340625 0.273828125 0.3423611109375 0.2728515625 0.35104166718749996 0.26796875 0.35625 0.2669921875 0.35625 0.2650390625 0.35972222187499997 0.2630859375 0.35972222187499997 0.2533203125 0.36319444375 0.2513671875 0.35972222187499997 0.2494140625 0.35972222187499997 0.2376953125 0.35625 0.2357421875 0.35625 0.2240234375 0.36666666718749996 0.2181640625 0.36666666718749996 0.2162109375 0.38229166718749996 0.209375 0.38576388906250003 0.209375 0.39097222187499997 0.2064453125 0.39097222187499997 0.2025390625 0.403125 0.195703125 0.40659722187499997 0.195703125 0.4135416671875 0.191796875 0.41701388906250003 0.191796875 0.4204861109375 0.18984375 0.42395833281249995 0.18984375 0.4390625 0.18474609375 0.4390625 0.12470703125
3 0.4390625 0.26669921875 0.42222222187499997 0.2572265625 0.4204861109375 0.254296875 0.41701388906250003 0.254296875 0.399652778125 0.2484375 0.38576388906250003 0.2484375 0.3736111109375 0.2552734375 0.3736111109375 0.2572265625 0.37013888906250003 0.2591796875 0.37013888906250003 0.2708984375 0.3736111109375 0.2728515625 0.3736111109375 0.2787109375 0.38055555625 0.2826171875 0.38055555625 0.2845703125 0.3875 0.2884765625 0.3875 0.2904296875 0.39097222187499997 0.2923828125 0.39097222187499997 0.3060546875 0.3875 0.3080078125 0.3875 0.3197265625 0.39097222187499997 0.3216796875 0.39097222187499997 0.3236328125 0.3927083328125 0.324609375 0.39444444375 0.3236328125 0.39444444375 0.3158203125 0.40659722187499997 0.30703125 0.41006944375 0.308984375 0.415277778125 0.3060546875 0.415277778125 0.2962890625 0.41701388906250003 0.2953125 0.4204861109375 0.297265625 0.42743055625000004 0.297265625 0.430902778125 0.2953125 0.434375 0.2953125 0.4390625 0.29267578125 0.4390625 0.26669921875
16 0.72578125 0.16796875 0.271875 0.2828125
10 0.8421875 0.346875 0.1 0.06875
10 0.57734375 0.32578125 0.0640625 0.0734375
6 0.64921875 0.53828125 0.153125 0.1390625
6 0.8046875 0.56796875 0.10859375 0.1546875
7 0.70703125 0.0109375 0.1328125 0.021875
14 0.74453125 0.31953125 0.4203125 0.6390625
9 0.0921875 0.8 0.184375 0.2625
8 0.0859375 0.834375 0.171875 0.33125
16 0.5578125 0.7875 0.2375 0.2375
10 0.6984375 0.9328125 0.075 0.071875
10 0.45 0.94921875 0.021875 0.0671875
14 0.59453125 0.834375 0.3109375 0.33125