9 0.2703125 0.29609375 0.21640625 0.146875
8 0.259375 0.3453125 0.18515625 0.2234375
13 0.29296875 0.1015625 0.2234375 0.16796875
14 0.24609375 0.24609375 0.4671875 0.4453125
16 0.70546875 0.3328125 0.23359375 0.19375
10 0.6 0.45078125 0.071875 0.0359375
10 0.83515625 0.44921875 0.0609375 0.0390625
9 0.6875 0.18515625 0.1109375 0.0265625
7 0.6859375 0.2 0.10546875 0.05625
12 0.690625 0.14921875 0.1390625 0.05625
14 0.71015625 0.29375 0.3421875 0.35
14 0.16953125 0.80859375 0.3390625 0.3828125
12 0.1265625 0.6671875 0.1828125 0.0765625
7 0.128125 0.73125 0.11796875 0.06953125
1 0.78125 0.7046875 0.4125 0.471875