9 0.53359375 0.0546875 0.140625 0.03203125
10 0.26171875 0.40078125 0.103125 0.09921875
10 0.68125 0.3984375 0.05625 0.090625
7 0.53984375 0.07109375 0.13046875 0.0703125
12 0.528125 0.021875 0.175 0.04375
14 0.45078125 0.23984375 0.5171875 0.4796875
11 0.3109375 0.14296875 0.02890625 0.01796875
11 0.13984375 0.165625 0.0265625 0.0125
11 0.109375 0.0828125 0.03359375 0.015625
8 0.1171875 0.11875 0.0265625 0.015625
8 0.25859375 0.13359375 0.0234375 0.0203125
8 0.08515625 0.06640625 0.0265625 0.0171875
13 0.0765625 0.04765625 0.05078125 0.0234375
13 0.121875 0.10546875 0.0359375 0.0140625
13 0.2453125 0.11484375 0.05390625 0.02265625
11 0.27734375 0.15234375 0.03359375 0.0171875
11 0.0890625 0.15078125 0.03203125 0.015625
14 0.05703125 0.1453125 0.10625 0.221875
14 0.128125 0.165625 0.1265625 0.134375
14 0.2546875 0.1640625 0.13515625 0.11875
14 0.8671875 0.23984375 0.265625 0.4796875
16 0.878125 0.18828125 0.24375 0.2671875
10 0.91796875 0.36328125 0.0890625 0.0703125
7 0.84765625 0.0234375 0.1171875 0.046875
9 0.84296875 0.0046875 0.1140625 0.009375
6 0.85546875 0.465625 0.1828125 0.028125
14 0.409375 0.73984375 0.35 0.5203125
16 0.4125 0.759375 0.29140625 0.3125
10 0.315625 0.95625 0.078125 0.084375
7 0.35703125 0.55859375 0.121875 0.08125
12 0.4078125 0.50234375 0.253125 0.0453125
14 0.92734375 0.71640625 0.1453125 0.4734375
16 0.95390625 0.603125 0.0921875 0.2
6 0.95546875 0.8875 0.0890625 0.115625
10 0.9046875 0.72734375 0.0640625 0.0484375