0 0.4796875 0 0.37734738437500004 0 0.3462935828125 0.15360140625000002 0.368164975 0.4065797546875 0.27599275625 0.6798587625 0.4796875 0.6960976750000001 0.4796875 0
0 0.10067518906249999 0 0 0.058018340625 0 0.5633173328125001 0.0525923 0.6736124796875 0.15882470937499998 0.71109065625 0.2869283921875 0.6376957546875001 0.3181732046875 0.40033347187499996 0.37285162656250004 0.1567246078125 0.351373625 0 0.10067518906249999 0
14 0.83515625 0.328125 0.30546875 0.6484375
16 0.81171875 0.2515625 0.246875 0.215625
10 0.8125 0.4015625 0.071875 0.05
6 0.81171875 0.57890625 0.1640625 0.1265625
6 0.88125 0.54296875 0.125 0.1140625
9 0.87265625 0.08203125 0.075 0.0296875
7 0.85703125 0.09765625 0.0859375 0.059375
12 0.8140625 0.0453125 0.1609375 0.06875
16 0.80625 0.915625 0.178125 0.16875
14 0.784375 0.859375 0.43125 0.28125