5 0.09765625 0.365625 0.1953125 0.446875
0 1 0 0.8130106671874999 0 0.866582171875 0.528328878125 1 0.49203403906250004 1 0
0 0.45 0.399678178125 0.65255525625 0.576738290625 0.7775345046875 0.47211149375000006 0.45 0.008433640624999999 0.45 0.399678178125
10 0.315625 0.6421875 0.0359375 0.09609375
10 0.2359375 0.665625 0.0359375 0.10078125
10 0.42734375 0.66484375 0.0453125 0.0765625
10 0.0765625 0.70078125 0.03828125 0.0796875
14 0.1125 0.79453125 0.15625 0.4109375
14 0.25703125 0.79453125 0.1265625 0.4109375
14 0.36015625 0.79453125 0.1140625 0.4109375
14 0.42734375 0.79453125 0.0453125 0.4109375
5 0.634375 0.79453125 0.36875 0.4109375
5 0.8890625 0.79453125 0.221875 0.4109375