0 0.103125 0.43671875 0.20625 0.4640625
14 0.8125 0.29453125 0.375 0.5890625
16 0.9046875 0.11484375 0.190625 0.2296875
10 0.7109375 0.26796875 0.078125 0.0796875
6 0.78046875 0.5078125 0.23046875 0.1375
6 0.8859375 0.45703125 0.1890625 0.1359375
1 0.0953125 0.84140625 0.190625 0.3171875
14 0.5859375 0.83203125 0.334375 0.3265625
10 0.540625 0.74453125 0.078125 0.0546875
10 0.70078125 0.70078125 0.05859375 0.0578125
6 0.540625 0.92421875 0.171875 0.1265625
6 0.653125 0.8890625 0.1640625 0.1109375