14 0.184375 0.209375 0.36875 0.41875
16 0.671875 0.0609375 0.265625 0.121875
10 0.52421875 0.1265625 0.053125 0.071875
10 0.7125 0.16484375 0.10859375 0.0703125
6 0.7015625 0.36875 0.153125 0.1
6 0.5890625 0.340625 0.178125 0.134375
14 0.66796875 0.209375 0.3828125 0.41875
16 0.11953125 0.64609375 0.2359375 0.2265625
10 0.2375 0.78671875 0.071875 0.0609375
10 0.01875 0.78671875 0.0375 0.0546875
6 0.16953125 0.95 0.0859375 0.1
6 0.03671875 0.953125 0.0734375 0.09375
9 0.115625 0.49453125 0.1140625 0.034375
7 0.12109375 0.50703125 0.10859375 0.0625
12 0.121875 0.45546875 0.15 0.0734375
14 0.14140625 0.709375 0.2828125 0.58125
16 0.64609375 0.47578125 0.3359375 0.1140625
10 0.77734375 0.5375 0.04140625 0.0625
10 0.45078125 0.53515625 0.0609375 0.0734375
6 0.70078125 0.784375 0.1 0.13125
6 0.52578125 0.7875 0.121875 0.128125
14 0.628125 0.63984375 0.459375 0.4421875