9 0.290625 0.1640625 0.18515625 0.1109375
8 0.28359375 0.2171875 0.15859375 0.1703125
13 0.29921875 0.06640625 0.2046875 0.1328125
14 0.29140625 0.3 0.5171875 0.6
16 0.72734375 0.084375 0.2671875 0.16875
10 0.8703125 0.19609375 0.06640625 0.0609375
10 0.61484375 0.2015625 0.071875 0.059375
6 0.81484375 0.39140625 0.09453125 0.1296875
6 0.66875 0.39140625 0.096875 0.1265625
14 0.73984375 0.2375 0.3796875 0.475
2 0.4296875 0.93046875 0.240625 0.1390625
16 0.82890625 0.85859375 0.3140625 0.2828125
7 0.9078125 0.6734375 0.121875 0.0953125
12 0.8265625 0.61875 0.225 0.0375
14 0.8234375 0.8 0.353125 0.4