14 0.2875 0.184375 0.303125 0.36875
9 0.35625 0.034375 0.134375 0.06875
8 0.35 0.1125 0.0765625 0.0984375
16 0.575 0.1 0.271875 0.2
10 0.79296875 0.234375 0.06953125 0.0875
14 0.65390625 0.184375 0.4296875 0.36875
16 0.15390625 0.6953125 0.3078125 0.35
10 0.2421875 0.92421875 0.09453125 0.0796875
12 0.1421875 0.403125 0.26875 0.06875
7 0.22109375 0.465625 0.1109375 0.1
14 0.17421875 0.684375 0.3484375 0.63125
16 0.77890625 0.4828125 0.2953125 0.228125
6 0.7140625 0.85546875 0.096875 0.1609375
6 0.88828125 0.8375 0.15 0.15
14 0.765625 0.6546875 0.465625 0.571875