14 0.2578125 0.13984375 0.503125 0.2796875
8 0.93359375 0.1109375 0.1328125 0.221875
16 0.2125 0.578125 0.38046875 0.315625
10 0.221875 0.79921875 0.11640625 0.0765625
6 0.34375 0.95234375 0.221875 0.0953125
6 0.23671875 0.97578125 0.2078125 0.0484375
9 0.2984375 0.3359375 0.125 0.04375
7 0.2859375 0.359375 0.13359375 0.0984375
12 0.215625 0.30625 0.259375 0.053125
14 0.2546875 0.63984375 0.509375 0.7203125
9 0.546875 0.4296875 0.075 0.1125
9 0.6734375 0.67421875 0.328125 0.1390625
8 0.53828125 0.49609375 0.0578125 0.2453125
8 0.6890625 0.7515625 0.359375 0.303125
13 0.6984375 0.49296875 0.378125 0.1421875