9 0.33203125 0.121875 0.0953125 0.125
11 0.05 0.18671875 0.09609375 0.178125
13 0.34296875 0.025 0.0734375 0.05
14 0.18984375 0.19453125 0.3796875 0.3890625
11 0.32890625 0.2328125 0.0984375 0.12265625
16 0.77421875 0.11875 0.2859375 0.2375
10 0.98203125 0.271875 0.0359375 0.0875
14 0.8140625 0.19453125 0.371875 0.3890625
11 0.03984375 0.8265625 0.0796875 0.165625
11 0.32421875 0.9703125 0.1109375 0.059375
14 0.18984375 0.69453125 0.3796875 0.6109375
8 0.69140625 0.4421875 0.1296875 0.10625
9 0.69140625 0.69453125 0.4515625 0.6109375