0 0.1467455796875 0 0.132266384375 0.1957789234375 0.2291252546875 0.36599276718749996 0.32598424375 0.38473191562500003 0.555664225 0.6390625 0.6 0.6390625 0.6 0.15944018437500002 0.56813141875 0.12238396250000001 0.44471450625 0.0489890609375 0.3557716546875 0 0.1467455796875 0
16 0.7890625 0.13203125 0.35 0.2640625
10 0.97890625 0.27578125 0.0421875 0.0671875
10 0.65 0.2671875 0.05 0.0625
6 0.89921875 0.52265625 0.125 0.1296875
6 0.7265625 0.51796875 0.103125 0.1265625
14 0.8 0.2984375 0.4 0.596875
16 0.38984375 0.725 0.3078125 0.171875
10 0.54921875 0.83828125 0.075 0.0640625
10 0.26328125 0.85078125 0.075 0.0640625
14 0.3921875 0.81953125 0.415625 0.3609375
9 0.87265625 0.71484375 0.2546875 0.1515625
8 0.89453125 0.809375 0.2109375 0.340625
14 0.80546875 0.81953125 0.3890625 0.3609375