9 0.13515625 0.234375 0.07421875 0.0453125
8 0.3109375 0.2140625 0.04296875 0.06015625
12 0.3046875 0.159375 0.0890625 0.08671875
12 0.13515625 0.1859375 0.084375 0.071875
10 0.38671875 0.38828125 0.0703125 0.0609375
10 0.134375 0.30390625 0.03828125 0.0484375
10 0.16796875 0.31015625 0.03359375 0.04296875
10 0.4546875 0.353125 0.040625 0.04296875
14 0.3296875 0.2609375 0.259375 0.315625
14 0.14765625 0.27890625 0.1703125 0.2796875
16 0.90625 0.10546875 0.1875 0.2109375
10 0.746875 0.2359375 0.0609375 0.053125
6 0.79609375 0.4 0.1828125 0.0375
6 0.9140625 0.38828125 0.090625 0.0609375
14 0.83984375 0.209375 0.3203125 0.41875
16 0.44921875 0.609375 0.26640625 0.278125
10 0.30078125 0.753125 0.053125 0.071875
10 0.4890625 0.79140625 0.10859375 0.0703125
6 0.478125 0.97265625 0.153125 0.0546875
6 0.365625 0.95 0.178125 0.1
9 0.3828125 0.425 0.09375 0.0125
7 0.40078125 0.44296875 0.1203125 0.0484375
14 0.44453125 0.709375 0.3828125 0.58125
5 0.8765625 0.8078125 0.246875 0.2625