16 0.71640625 0.05625 0.2703125 0.1125
10 0.5796875 0.13046875 0.0609375 0.0671875
10 0.82265625 0.15859375 0.096875 0.0703125
6 0.784375 0.371875 0.1140625 0.15
6 0.64375 0.33828125 0.15546875 0.1328125
14 0.7375 0.2234375 0.396875 0.446875
16 0.14765625 0.5390625 0.2953125 0.078125
10 0.30703125 0.60703125 0.08359375 0.0734375
10 0.03515625 0.6234375 0.0703125 0.0625
6 0.07421875 0.8234375 0.1 0.159375
6 0.24609375 0.81640625 0.121875 0.1515625
12 0.19453125 0.70859375 0.3890625 0.4171875
14 0.64765625 0.75 0.2578125 0.5
16 0.63125 0.63984375 0.225 0.2609375
6 0.6265625 0.97734375 0.15 0.0453125
6 0.571875 0.96015625 0.10625 0.0796875