11 0.25703125 0.43125 0.1453125 0.315625
8 0.1 0.14765625 0.2 0.2953125
8 0.26640625 0.125 0.1265625 0.25
9 0.11640625 0.071875 0.2328125 0.14375
9 0.2625 0.09140625 0.134375 0.1828125
8 0.840625 0.06484375 0.084375 0.1296875
14 0.88671875 0.29453125 0.2265625 0.5890625
8 0.67265625 0.0328125 0.1140625 0.065625
14 0.56640625 0.29453125 0.3796875 0.5890625
10 0.2890625 0.8609375 0.08125 0.078125
14 0.23203125 0.79453125 0.1953125 0.4109375
11 0.40703125 0.69921875 0.10078125 0.10078125
11 0.8953125 0.93125 0.13203125 0.11328125
14 0.6796875 0.79453125 0.640625 0.4109375