8 0.05546875 0.0609375 0.07421875 0.1078125
8 0.35625 0.0203125 0.075 0.040625
11 0.37578125 0.11015625 0.0796875 0.08671875
14 0.178125 0.0703125 0.209375 0.140625
14 0.346875 0.23984375 0.184375 0.4796875
4 0.0578125 0.0328125 0.06953125 0.0453125
16 0.79921875 0.303125 0.28359375 0.253125
10 0.9546875 0.45546875 0.071875 0.0484375
10 0.6765625 0.45703125 0.084375 0.0453125
9 0.7828125 0.11484375 0.11953125 0.0328125
7 0.78984375 0.1328125 0.121875 0.065625
12 0.78984375 0.06875 0.1609375 0.08125
14 0.8140625 0.2546875 0.371875 0.45
16 0.26875 0.8171875 0.340625 0.365625
12 0.31484375 0.5046875 0.2484375 0.05
14 0.2546875 0.73984375 0.36875 0.5203125
8 0.96796875 0.51953125 0.0640625 0.0796875
11 0.83359375 0.83671875 0.17578125 0.17578125
14 0.5953125 0.73984375 0.3125 0.5203125
14 0.896875 0.73984375 0.20625 0.5203125