5 0.2296875 0.21796875 0.428125 0.1421875
5 0.5203125 0.14453125 0.11875 0.2890625
2 0.90546875 0.14453125 0.1890625 0.2890625
2 0.65546875 0.14453125 0.1515625 0.2890625
16 0.36015625 0.41875 0.1390625 0.15
10 0.253125 0.5078125 0.03046875 0.0375
6 0.4234375 0.62734375 0.06640625 0.0765625
6 0.3015625 0.625 0.1109375 0.0625
12 0.321875 0.296875 0.10625 0.015625
14 0.35390625 0.48359375 0.2671875 0.3890625
16 0.92890625 0.48125 0.1421875 0.1875
10 0.846875 0.60546875 0.0609375 0.0453125
6 0.93828125 0.78515625 0.09453125 0.1234375
6 0.97578125 0.73046875 0.0484375 0.0921875
9 0.959375 0.3421875 0.08125 0.03125
7 0.959375 0.353125 0.08125 0.05625
12 0.94296875 0.31484375 0.1140625 0.0515625
14 0.89609375 0.57421875 0.2078125 0.5703125