8 0.35390625 0.58828125 0.2296875 0.1609375
16 0.59453125 0.09453125 0.2515625 0.1890625
10 0.69140625 0.23515625 0.096875 0.0703125
6 0.653125 0.4484375 0.1140625 0.15
6 0.52890625 0.41484375 0.1203125 0.1328125
14 0.63671875 0.26171875 0.3359375 0.5234375
2 0.46875 0.7545680140625001 0.41328125 0.75 0.4390625 0.72421875 0.42265625 0.709375 0.38984375 0.7265625 0.35234375 0.71875 0.340625 0.73828125 0.3578125 0.76328125 0.328125 0.86640625 0.3125 0.95078125 0.30929008125 1 0.46875 1 0.46875 0.9126953125 0.4546875 0.87578125 0.4109375 0.77890625 0.41328125 0.771875 0.434375 0.77109375 0.41328125 0.76875 0.41640625 0.7578125 0.43203125 0.7578125 0.43359375 0.765625 0.43984375 0.7578125 0.44609375 0.771875 0.45546875 0.771875 0.45546875 0.765625 0.46875 0.7709374999999999 0.46875 0.75859375 0.46875 0.7545680140625001
2 0 1 0.0930208328125 1 0.103125 0.92421875 0.0875 0.89296875 0.0828125 0.79609375 0.0703125 0.74921875 0.05234375 0.740625 0.04324114375 0.7536287234375 0.044601562500000004 0.7876421875 0 0.78699585 0 1
6 0.80625 0.8109375 0.1390625 0.134375
6 0.9625 0.8234375 0.075 0.15
14 0.80625 0.7875 0.3875 0.2375