8 0.6671875 0.2421875 0.1875 0.228125
14 0.75 0.225 0.5 0.45
12 0.66171875 0.06953125 0.2359375 0.1390625
9 0.63671875 0.18515625 0.12578125 0.1171875
3 0.7421875 0.178125 0.04375 0.11640625
8 0.075 0.66328125 0.13515625 0.30078125
8 0.3484375 0.68046875 0.1453125 0.28203125
14 0.09140625 0.725 0.1828125 0.55
14 0.33828125 0.725 0.3234375 0.55
16 0.3421875 0.89453125 0.315625 0.2109375
16 0.09609375 0.9109375 0.1921875 0.178125
12 0.3484375 0.540625 0.178125 0.18125
12 0.09296875 0.5546875 0.1859375 0.209375
9 0.09921875 0.64296875 0.1125 0.1234375
9 0.36015625 0.62734375 0.12265625 0.0890625
3 0.0140625 0.640625 0.028125 0.109375
3 0.2890625 0.65390625 0.02421875 0.09375
14 0.903125 0.7140625 0.19375 0.528125
16 0.9265625 0.59921875 0.146875 0.2984375
11 0.9765625 0.709375 0.046875 0.1
11 0.83984375 0.83125 0.06484375 0.10859375