1 0.73125 0.1546875 0.0578125 0.13125
2 0.0953125 0.8234375 0.190625 0.353125
2 0.2859375 0.684375 0.065625 0.25
3 0.11640625 0.5453125 0.01875 0.046875
12 0.365625 0.58828125 0.09375 0.1640625
13 0.609375 0.70859375 0.1390625 0.11875
8 0.3734375 0.72734375 0.109375 0.1640625
11 0.63671875 0.8953125 0.07109375 0.10703125
14 0.4109375 0.74375 0.184375 0.5125
11 0.5125 0.94609375 0.0890625 0.10546875
14 0.65859375 0.8125 0.3359375 0.375
11 0.6078125 0.9875 0.1125 0.025
16 0.396875 0.91484375 0.15625 0.1703125
9 0.38203125 0.68984375 0.05703125 0.059375