14 0.3375 0.2 0.196875 0.4
14 0.63359375 0.2015625 0.1859375 0.396875
16 0.33125 0.30390625 0.184375 0.1921875
16 0.63984375 0.33671875 0.1640625 0.1265625
12 0.36796875 0.05625 0.1640625 0.1125
12 0.6234375 0.09375 0.125 0.17109375
7 0.3875 0.15 0.08046875 0.15
7 0.5875 0.18125 0.0859375 0.17109375
10 0.4875 0.31015625 0.05859375 0.12890625
14 0.15625 0.7 0.165625 0.6
14 0.03828125 0.7 0.0765625 0.6
16 0.1515625 0.7375 0.175 0.50625
16 0.03203125 0.765625 0.0640625 0.46875
10 0.16796875 0.84375 0.1421875 0.1125
8 0.203125 0.47421875 0.071875 0.1328125
8 0.0421875 0.5296875 0.084375 0.15
9 0.1984375 0.440625 0.08125 0.05625
12 0.33046875 0.5359375 0.14921875 0.06328125
12 0.6265625 0.525 0.14375 0.06171875
16 0.65703125 0.7203125 0.26328125 0.2203125
14 0.3265625 0.753125 0.175 0.49375
14 0.6359375 0.74296875 0.2875 0.5140625