2 0.775 0.34765625 0.7578125 0.30703125 0.7234375 0.26015625 0.715625 0.21171875 0.721875 0.16015625 0.70859375 0.1546875 0.69765625 0.1546875 0.68046875 0.178125 0.65390625 0.18125 0.6375 0.19921875 0.64140625 0.2109375 0.66484375 0.2234375 0.66640625 0.23125 0.6734375 0.23046875 0.7046875 0.27265625 0.7046875 0.28359375 0.68125 0.32578125 0.6734375 0.36796875 0.6609375 0.37578125 0.659375 0.41015625 0.6625 0.41953125 0.6734375 0.42578125 0.71953125 0.4125 0.75859375 0.409375 0.78125 0.39453125 0.7890625 0.36796875 0.7875 0.35546875 0.775 0.34765625
5 0.9 0.234375 0.2 0.46875
12 0.23984375 0.71953125 0.221875 0.18125
8 0.2421875 0.8953125 0.1625 0.209375
14 0.26796875 0.80078125 0.4296875 0.3984375
4 0.22890625 0.853125 0.1375 0.08359375
3 0.32109375 0.88828125 0.0375 0.10859375
12 0.8234375 0.7078125 0.046875 0.1
12 0.96328125 0.79453125 0.0734375 0.0609375
14 0.84921875 0.84375 0.0984375 0.3125
14 0.95390625 0.884375 0.0921875 0.23125
16 0.959375 0.93515625 0.08125 0.1296875
4 0.953125 0.82578125 0.0328125 0.02578125
3 0.98515625 0.834375 0.0171875 0.03359375