9 0.19609375 0.2453125 0.3921875 0.3375
8 0.16640625 0.38984375 0.3328125 0.3796875
13 0.22421875 0.0421875 0.4484375 0.084375
14 0.26484375 0.28984375 0.5296875 0.5796875
3 0.46953125 0.171875 0.109375 0.2796875
16 0.65859375 0.078125 0.2578125 0.15625
10 0.7984375 0.1875 0.078125 0.06875
10 0.546875 0.18828125 0.034375 0.0703125
6 0.58046875 0.38359375 0.1015625 0.1390625
6 0.7359375 0.3859375 0.103125 0.15
14 0.6953125 0.23046875 0.33125 0.4609375
2 0.31340288125 0.5796875 0.2546875 0.70703125 0.23828125 0.7203125 0.10390625 0.6609375 0.01328125 0.6390625 0 0.63966619375 0 0.8431390984375 0.09609375 0.9125 0.1109375 0.95234375 0.12734375 0.95625 0.1328125 0.97109375 0.13546445000000001 1 0.24919051250000002 1 0.2453125 0.91953125 0.2609375 0.90546875 0.26015625 0.9 0.30390625 0.8953125 0.3078125 0.88984375 0.30078125 0.88125 0.29609375 0.8875 0.25703125 0.8890625 0.2484375 0.86796875 0.26328125 0.85 0.2890625 0.84609375 0.2796875 0.84296875 0.2921875 0.82734375 0.2828125 0.82265625 0.29140625 0.8140625 0.30625 0.81640625 0.30703125 0.8109375 0.2921875 0.80703125 0.3234375 0.78046875 0.315625 0.77265625 0.32734375 0.765625 0.328125 0.78203125 0.33515625 0.7859375 0.3390625 0.77890625 0.334375 0.77265625 0.340625 0.76484375 0.3328125 0.76015625 0.34296875 0.7546875 0.34375 0.78515625 0.35 0.79140625 0.33046875 0.79375 0.3296875 0.80390625 0.359375 0.80234375 0.35859375 0.8125 0.3421875 0.80546875 0.34375 0.86484375 0.33828125 0.8703125 0.3390625 0.85859375 0.33046875 0.85625 0.32578125 0.871875 0.31484375 0.8703125 0.3109375 0.88515625 0.31953125 0.8875 0.37109375 0.8640625 0.38125 0.86640625 0.37265625 0.8671875 0.36796875 0.8796875 0.37421875 0.8796875 0.37734375 0.871875 0.38828125 0.8734375 0.4078125 0.86328125 0.40546875 0.853125 0.39453125 0.8640625 0.3890625 0.85859375 0.40703125 0.8484375 0.415625 0.84921875 0.4109375 0.85390625 0.41484375 0.8578125 0.43671875 0.8546875 0.43984375 0.8328125 0.47890625 0.815625 0.48046875 0.8046875 0.49921875 0.8 0.503125 0.79453125 0.49375 0.78828125 0.51015625 0.7859375 0.5265625 0.76953125 0.528125 0.75546875 0.5296875 0.755078125 0.5296875 0.6961485749999999 0.48828125 0.696875 0.4953125 0.68671875 0.48515625 0.6859375 0.48515625 0.6796875 0.478125 0.68203125 0.47890625 0.66875 0.47109375 0.66875 0.46484375 0.6828125 0.45703125 0.6828125 0.465625 0.66953125 0.45546875 0.66875 0.4484375 0.66015625 0.44609375 0.6390625 0.41328125 0.66875 0.36328125 0.6953125 0.36015625 0.70625 0.3515625 0.70390625 0.3546875 0.67734375 0.384375 0.61640625 0.40625 0.59453125 0.41218750000000004 0.5796875 0.31340288125 0.5796875
16 0.8625 0.70078125 0.275 0.2421875
10 0.9875 0.853125 0.025 0.06875
10 0.7359375 0.85390625 0.0890625 0.0703125
14 0.82421875 0.78984375 0.3515625 0.4203125