13 0.0203125 0.17421875 0.040625 0.0578125
13 0.1890625 0.18828125 0.06953125 0.05546875
8 0.0140625 0.22109375 0.028125 0.0609375
8 0.16875 0.2375 0.03359375 0.0671875
9 0.1671875 0.225 0.0265625 0.02421875
14 0.2 0.28828125 0.2 0.2828125
9 0.75390625 0.29453125 0.375 0.22578125
8 0.71484375 0.33515625 0.2953125 0.1890625
13 0.76875 0.1234375 0.396875 0.246875
3 0.9375 0.24921875 0.08125 0.1859375
16 0.6890625 0.4875 0.275 0.115625
10 0.546875 0.54921875 0.053125 0.0671875
10 0.7234375 0.5875 0.1 0.06875
6 0.7125 0.80390625 0.14453125 0.1421875
6 0.61796875 0.75625 0.18359375 0.128125
14 0.68125 0.66015625 0.375 0.4609375