9 0.234375 0.06328125 0.215625 0.1265625
8 0.24765625 0.0953125 0.1609375 0.190625
14 0.24453125 0.3046875 0.4890625 0.609375
3 0.12734375 0.1171875 0.05546875 0.096875
16 0.65546875 0.240625 0.2328125 0.284375
10 0.790625 0.3984375 0.05859375 0.06875
10 0.55390625 0.43515625 0.0296875 0.0703125
6 0.72890625 0.5765625 0.1640625 0.065625
9 0.62109375 0.03203125 0.146875 0.04375
7 0.615625 0.0515625 0.153125 0.090625
14 0.69921875 0.3046875 0.3203125 0.609375
6 0.36875 0.825 0.103125 0.14375
6 0.503125 0.82890625 0.071875 0.1453125
14 0.3828125 0.75859375 0.3125 0.2984375
16 0.60703125 0.909375 0.1359375 0.18125
12 0.56640625 0.7109375 0.0546875 0.078125
14 0.64140625 0.8359375 0.2046875 0.328125