2 0.286059346875 0 0.3109375 0.06953125 0.4109375 0.19921875 0.47578125 0.2484375 0.5015625 0.25390625 0.52421875 0.2296875 0.54296875 0.228125 0.5578125 0.21171875 0.559375 0.18359375 0.5515625 0.17265625 0.5515625 0.15234375 0.5453125 0.15078125 0.5484375 0.17265625 0.5375 0.18046875 0.54375 0.19140625 0.49609375 0.23125 0.46171875 0.221875 0.3578125 0.10390625 0.29575737812499997 0 0.286059346875 0
16 0.72421875 0.32890625 0.2046875 0.1796875
12 0.70625 0.11796875 0.10546875 0.11015625
8 0.70234375 0.21875 0.06484375 0.10546875
14 0.728125 0.2390625 0.2125 0.359375
12 0.10859375 0.4625 0.1234375 0.0875
12 0.346875 0.45078125 0.134375 0.0640625
14 0.11640625 0.709375 0.2328125 0.58125
14 0.39609375 0.709375 0.3484375 0.58125
16 0.09921875 0.8015625 0.1984375 0.396875
16 0.3921875 0.8078125 0.2375 0.384375
1 0.37890625 0.64375 0.15859375 0.08984375
12 0.77265625 0.54921875 0.1953125 0.21796875
14 0.8171875 0.71015625 0.340625 0.5796875