8 0.16015625 0.0828125 0.2640625 0.165625
14 0.1796875 0.21484375 0.359375 0.4296875
9 0.62421875 0.36953125 0.11796875 0.05546875
8 0.928125 0.2078125 0.125 0.134375
8 0.76484375 0.2140625 0.08203125 0.084375
8 0.62421875 0.38046875 0.0984375 0.0984375
13 0.92734375 0.053125 0.13671875 0.09609375
13 0.76171875 0.1328125 0.13203125 0.12265625
13 0.6234375 0.30703125 0.15390625 0.09609375
14 0.89453125 0.21484375 0.2109375 0.4296875
14 0.77734375 0.24921875 0.2234375 0.3609375
14 0.62109375 0.34375 0.2421875 0.171875
10 0.27890625 0.83046875 0.06640625 0.0609375
14 0.290625 0.71484375 0.1375 0.5703125
16 0.5578125 0.58984375 0.396875 0.3203125
10 0.7875 0.75703125 0.0609375 0.0859375
6 0.50625 0.9765625 0.128125 0.046875
14 0.61640625 0.71484375 0.5140625 0.5703125