5 0.3671875 0.25078125 0.24375 0.2703125
5 0.26796875 0.45 0.3484375 0.259375
2 1 0.07311298125 0.9125 0.20234375 0.8859375 0.22890625 0.865625 0.27890625 0.8390625 0.31796875 0.83125 0.37421875 0.85625 0.38046875 0.8609375 0.42578125 0.878125 0.46953125 0.90859375 0.4890625 0.9171875 0.48828125 0.978125 0.44921875 1 0.4123046875 1 0.35772569375 0.996875 0.36015625 0.93515625 0.4484375 0.91328125 0.45 0.89375 0.40234375 0.8734375 0.29453125 0.88671875 0.2765625 0.9 0.26953125 0.9078125 0.25234375 0.9140625 0.25234375 0.91953125 0.2375 0.9328125 0.23828125 0.934375 0.21796875 1 0.14093070624999998 1 0.07311298125
2 0.640261628125 0 0.634375 0.02109375 0.6140625 0.05390625 0.5828125 0.18359375 0.5875 0.21796875 0.6015625 0.21953125 0.609375 0.21015625 0.6265625 0.14921875 0.63125 0.11015625 0.653125 0.03359375 0.6684984109375 0 0.640261628125 0
12 0.221875 0.63046875 0.21640625 0.07421875
8 0.2421875 0.70390625 0.14296875 0.11015625
11 0.13671875 0.71171875 0.12265625 0.06484375
11 0.35 0.7390625 0.09921875 0.06484375
14 0.24453125 0.8046875 0.4890625 0.390625
16 0.24453125 0.88671875 0.4890625 0.2265625
12 0.77578125 0.62421875 0.1359375 0.0890625
12 0.54765625 0.6390625 0.1140625 0.075
8 0.77109375 0.6859375 0.08515625 0.1015625
8 0.54375 0.7140625 0.0640625 0.09765625
14 0.8015625 0.78984375 0.234375 0.4203125
14 0.584375 0.7984375 0.190625 0.403125
16 0.58046875 0.8734375 0.1828125 0.253125
16 0.8 0.87578125 0.215625 0.2484375
9 0.54296875 0.684375 0.0625 0.0375
9 0.77265625 0.6671875 0.08203125 0.0421875