9 0.2515625 0.2953125 0.27890625 0.14453125
8 0.2828125 0.33984375 0.1828125 0.228125
13 0.275 0.1234375 0.24765625 0.17578125
14 0.24453125 0.32890625 0.4890625 0.6203125
14 0.77109375 0.2796875 0.4578125 0.559375
15 0.86796875 0.5 0.15859375 0.0890625
15 0.70546875 0.50390625 0.15859375 0.07421875
11 0.61171875 0.22421875 0.0796875 0.08203125
11 0.921875 0.23203125 0.07421875 0.0796875
14 0.2203125 0.73515625 0.303125 0.1921875
6 0.18984375 0.7640625 0.2 0.121875
6 0.2203125 0.7265625 0.178125 0.109375
9 0.72109375 0.70078125 0.4640625 0.1234375
8 0.66796875 0.7734375 0.3578125 0.26875
14 0.74453125 0.81953125 0.5109375 0.3609375
3 0.940625 0.78046875 0.11875 0.1765625