14 0.2296875 0.23828125 0.459375 0.4765625
10 0.04453125 0.15390625 0.0890625 0.0828125
10 0.43515625 0.12890625 0.0484375 0.0734375
15 0.37265625 0.41640625 0.1734375 0.0921875
15 0.1609375 0.43515625 0.15390625 0.10078125
10 0.49609375 0.36640625 0.053125 0.0453125
6 0.490625 0.51171875 0.0625 0.0953125
14 0.4984375 0.3234375 0.078125 0.496875
14 0.1 0.84765625 0.2 0.3046875
16 0.09453125 0.92578125 0.1890625 0.1484375
12 0.05390625 0.740625 0.1078125 0.08125
1 0.90390625 0.8453125 0.1921875 0.309375