9 0.32421875 0.140625 0.2703125 0.246875
8 0.34140625 0.21328125 0.2359375 0.3578125
9 0.69140625 0.175 0.21640625 0.1515625
8 0.7046875 0.20625 0.1609375 0.21640625
13 0.6828125 0.053125 0.18515625 0.10078125
14 0.70234375 0.3203125 0.4859375 0.6375
3 0.58359375 0.240625 0.05546875 0.096875
16 0.36875 0.82890625 0.18125 0.2609375
10 0.3125 0.98359375 0.090625 0.0328125
7 0.40703125 0.6609375 0.1046875 0.04375
14 0.33515625 0.81953125 0.2484375 0.3609375
10 0.78203125 0.6515625 0.0453125 0.025
10 0.4765625 0.6515625 0.034375 0.025
6 0.5421875 0.87578125 0.11953125 0.1296875
6 0.7140625 0.87265625 0.096875 0.1265625
14 0.66953125 0.79296875 0.4203125 0.3078125