9 0.35 0.26875 0.4 0.15
8 0.35703125 0.29140625 0.3859375 0.1765625
13 0.10234375 0.27421875 0.2046875 0.1203125
13 0.39453125 0.06953125 0.3109375 0.1296875
7 0.665625 0.34296875 0.0171875 0.03515625
7 0.77421875 0.36171875 0.0140625 0.0359375
8 0.60625 0.36171875 0.0125 0.0359375
7 0.7359375 0.36484375 0.0125 0.0296875
7 0.81640625 0.36953125 0.0140625 0.0203125
7 0.79375 0.36953125 0.0125 0.0203125
13 0.8890625 0.36953125 0.034375 0.0203125
16 0.40703125 0.5296875 0.2859375 0.3
6 0.4578125 0.9484375 0.184375 0.103125
6 0.509375 0.91328125 0.08125 0.1296875
14 0.4078125 0.68984375 0.284375 0.6203125
9 0.62890625 0.64453125 0.1578125 0.1640625
12 0.63671875 0.46953125 0.1734375 0.1796875
8 0.609375 0.72734375 0.11875 0.2265625
16 0.75546875 0.9328125 0.4109375 0.134375
14 0.76875 0.68984375 0.4375 0.6203125