12 0.61640625 0.2640625 0.18515625 0.11796875
12 0.35703125 0.2515625 0.1921875 0.15859375
14 0.3578125 0.5859375 0.36328125 0.828125
14 0.678125 0.59453125 0.334375 0.8109375
9 0.42421875 0.25234375 0.08671875 0.12734375
9 0.59140625 0.26171875 0.11796875 0.103125
10 0.67421875 0.5890625 0.08203125 0.12265625
10 0.5 0.52265625 0.103125 0.125
10 0.40859375 0.92421875 0.09375 0.125
8 0.41484375 0.3609375 0.0671875 0.11328125
8 0.59375 0.36875 0.06953125 0.1109375
4 0.6 0.3328125 0.08671875 0.04453125
4 0.4140625 0.321875 0.06640625 0.03984375