14 0.20546875 0.26953125 0.1265625 0.5390625
11 0.1828125 0.50390625 0.103125 0.0703125
14 0.61796875 0.26953125 0.3453125 0.5390625
16 0.62421875 0.2171875 0.271875 0.240625
10 0.4921875 0.3421875 0.0640625 0.059375
10 0.68828125 0.36953125 0.0890625 0.0671875
6 0.67890625 0.51796875 0.1171875 0.0421875
6 0.5640625 0.50625 0.153125 0.065625
9 0.571875 0.03828125 0.11640625 0.0359375
7 0.5796875 0.05546875 0.121875 0.0734375
12 0.60546875 0.01328125 0.1859375 0.0265625
5 0.134375 0.76953125 0.26875 0.4609375
1 0.88203125 0.65390625 0.2 0.18515625
1 0.396875 0.5953125 0.075 0.1125
4 0.46953125 0.559375 0.1265625 0.040625
4 0.63359375 0.5875 0.1640625 0.096875