2 0.22734375 0.3484375 0.1703125 0.375
14 0.79765625 0.034375 0.0796875 0.06875
14 0.69609375 0.078125 0.0703125 0.15625
7 0.5359375 0.09609375 0.0484375 0.0515625
14 0.5484375 0.1609375 0.11875 0.321875
10 0.571875 0.2640625 0.03828125 0.06796875
13 0.540625 0.025 0.05859375 0.040625
11 0.7765625 0.05703125 0.01640625 0.0265625
11 0.69765625 0.01796875 0.0140625 0.02109375
15 0.709375 0.1265625 0.025 0.05390625
15 0.6828125 0.1453125 0.03125 0.04140625
10 0.3109375 0.60078125 0.03671875 0.046875
14 0.36015625 0.7015625 0.1046875 0.303125
10 0.3171875 0.6671875 0.04140625 0.05546875
15 0.3265625 0.846875 0.04765625 0.053125