12 0.22265625 0.0609375 0.2984375 0.121875
14 0.234375 0.209375 0.46875 0.41875
14 0.96875 0.2890625 0.0625 0.259375
14 0.73046875 0.29140625 0.0828125 0.2546875
14 0.60703125 0.209375 0.2046875 0.41875
14 0.88828125 0.2890625 0.0984375 0.259375
13 0.58203125 0.0265625 0.0796875 0.053125
7 0.4828125 0.05703125 0.028125 0.0984375
7 0.58984375 0.08671875 0.0546875 0.10234375
13 0.89765625 0.16875 0.0453125 0.04453125
13 0.97109375 0.17109375 0.0375 0.03125
13 0.7328125 0.1890625 0.0296875 0.03984375
7 0.8953125 0.20859375 0.03515625 0.0625
7 0.9703125 0.21328125 0.03515625 0.0625
8 0.72890625 0.22421875 0.02734375 0.04921875
9 0.15859375 0.63984375 0.3171875 0.2640625
8 0.084375 0.78359375 0.16875 0.3359375
3 0.36015625 0.78203125 0.11875 0.17890625
2 0.75859375 0.728125 0.4828125 0.54375