2 0.0375 0.21640625 0.075 0.3046875
2 0.28125 0.234375 0.10625 0.2640625
7 0.63984375 0.015625 0.0296875 0.03125
14 0.64453125 0.0625 0.0796875 0.125
7 0.865625 0.0609375 0.02421875 0.04609375
14 0.85078125 0.13515625 0.1 0.25
13 0.865625 0.028125 0.02734375 0.01953125
11 0.62265625 0.009375 0.0109375 0.01875
11 0.8578125 0.13046875 0.015625 0.0234375
9 0.66171875 0.21015625 0.03046875 0.04296875
9 0.81015625 0.18828125 0.03359375 0.0375
9 0.84453125 0.23046875 0.028125 0.04296875
0 0.12265625 0.87734375 0.2453125 0.2453125