9 0.2265625 0.06328125 0.1828125 0.08203125
8 0.22265625 0.1296875 0.2171875 0.259375
14 0.21953125 0.334375 0.4390625 0.66875
11 0.80390625 0.03671875 0.0921875 0.0734375
9 0.8828125 0.334375 0.234375 0.66875
9 0.67109375 0.28828125 0.3265625 0.5765625
9 0.50625 0.23046875 0.134375 0.4609375
15 0.91640625 0.6375 0.1671875 0.0625
15 0.70703125 0.56953125 0.21171875 0.08203125
15 0.5953125 0.490625 0.15859375 0.0578125
15 0.50625 0.43203125 0.134375 0.0609375
13 0.240625 0.85234375 0.0375 0.03359375
13 0.01484375 0.86015625 0.0296875 0.0484375
13 0.08828125 0.8765625 0.0578125 0.075
7 0.2421875 0.896875 0.03515625 0.05625
7 0.01171875 0.90234375 0.0234375 0.0515625
8 0.07578125 0.9125 0.0328125 0.05625
14 0.09375 0.91015625 0.115625 0.1796875
14 0.23515625 0.915625 0.1421875 0.16875
11 0.67265625 0.7953125 0.165625 0.2015625
11 0.4984375 0.90625 0.11875 0.115625
14 0.75859375 0.834375 0.4703125 0.33125