9 0.453125 0.17734375 0.39375 0.1859375
8 0.6140625 0.2625 0.071875 0.321875
13 0.3984375 0.0921875 0.503125 0.184375
7 0.8515625 0.38828125 0.0171875 0.03515625
7 0.9609375 0.4078125 0.01484375 0.03515625
8 0.7921875 0.4078125 0.0125 0.03515625
7 0.921875 0.4109375 0.0125 0.0296875
7 0.99765625 0.4171875 0.0046875 0.025
7 0.9796875 0.4203125 0.0125 0.0296875
7 0.8953125 0.45546875 0.01015625 0.0203125
14 0.9234375 0.47734375 0.028125 0.2234375
14 0.9859375 0.484375 0.028125 0.209375
14 0.95625 0.48984375 0.0375 0.1984375
14 0.8546875 0.4796875 0.0625 0.21875
9 0.5 0.7796875 0.3 0.228125
8 0.53515625 0.8640625 0.2296875 0.271875
11 0.68046875 0.92109375 0.0609375 0.1578125
14 0.6859375 0.79453125 0.071875 0.4109375