2 0.66875 0.17833806875 0.60625 0.28203125 0.60703125 0.290625 0.63515625 0.290625 0.66875 0.3030016453125 0.66875 0.24474431874999997 0.6453125 0.23515625 0.66875 0.20869455625 0.66875 0.17833806875
13 0.2328125 0.66953125 0.0765625 0.04921875
13 0.08203125 0.7 0.0625 0.06796875
8 0.21328125 0.7421875 0.05859375 0.10234375
8 0.0921875 0.771875 0.0578125 0.0875
14 0.24140625 0.8265625 0.1609375 0.346875
14 0.08203125 0.8421875 0.1546875 0.315625
11 0.0765625 0.9375 0.046875 0.0703125
16 0.24453125 0.90078125 0.1234375 0.1984375
16 0.08828125 0.89921875 0.1421875 0.2015625
3 0.24453125 0.72265625 0.01640625 0.04375
3 0.059375 0.75703125 0.01484375 0.02890625
4 0.090625 0.74609375 0.04609375 0.02734375
4 0.20234375 0.7203125 0.03984375 0.028125
14 0.871875 0.71328125 0.25625 0.2484375
15 0.7515625 0.8171875 0.0984375 0.103125
15 0.95078125 0.80234375 0.0921875 0.08671875