1 0.27890625 0.175 0.3015625 0.35
8 0.82578125 0.0203125 0.0546875 0.040625
12 0.69140625 0.034375 0.06328125 0.05859375
12 0.44453125 0.05859375 0.0296875 0.0515625
8 0.6875 0.096875 0.046875 0.0875
8 0.4484375 0.10234375 0.0375 0.0515625
12 0.56328125 0.10390625 0.0515625 0.06015625
8 0.56328125 0.1453125 0.028125 0.05859375
16 0.86328125 0.18359375 0.15234375 0.31953125
16 0.4671875 0.2046875 0.075 0.178125
10 0.609375 0.20703125 0.0375 0.0671875
16 0.7078125 0.2453125 0.10546875 0.2609375
16 0.5875 0.26875 0.09453125 0.2125
10 0.66796875 0.28046875 0.05 0.05234375
14 0.4859375 0.28046875 0.1125 0.5015625
10 0.44375 0.290625 0.028125 0.0375
14 0.88203125 0.28984375 0.2359375 0.5796875
14 0.57421875 0.32734375 0.1515625 0.5046875
14 0.71015625 0.30078125 0.1796875 0.5578125
10 0.52578125 0.35 0.0296875 0.06875
10 0.63671875 0.3703125 0.021875 0.0484375
10 0.9765625 0.40625 0.046875 0.103125
9 0.6765625 0.0828125 0.0328125 0.03828125
15 0.515625 0.47265625 0.0484375 0.0484375
15 0.52890625 0.57421875 0.0671875 0.0109375
15 0.625 0.53984375 0.0515625 0.065625
15 0.77734375 0.56875 0.0515625 0.021875
1 0.390625 0.68203125 0.078125 0.2046875
4 0.41328125 0.63828125 0.0328125 0.0765625
14 0.56328125 0.6375 0.0578125 0.115625
14 0.6046875 0.62421875 0.046875 0.0890625
14 0.81875 0.6265625 0.0625 0.09375
10 0.93125 0.6359375 0.05 0.1125
15 0.81171875 0.62578125 0.02734375 0.03515625
15 0.5671875 0.68125 0.0375 0.02890625