1 0.265625 0.115625 0.325 0.23125
16 0.78203125 0.1953125 0.1046875 0.32109375
14 0.8140625 0.3046875 0.165625 0.609375
16 0.9578125 0.45546875 0.084375 0.1390625
14 0.94140625 0.4828125 0.1171875 0.253125
12 0.8671875 0.01875 0.0875 0.0375
14 0.08671875 0.63671875 0.1515625 0.0546875
11 0.1515625 0.66015625 0.05625 0.0453125
11 0.20546875 0.89375 0.06015625 0.03984375
12 0.28984375 0.9703125 0.0703125 0.059375
14 0.26953125 0.9375 0.1546875 0.125
8 0.88828125 0.73515625 0.08125 0.11328125
14 0.85234375 0.8046875 0.2953125 0.390625
16 0.86640625 0.884375 0.2671875 0.23125
12 0.88515625 0.65546875 0.1359375 0.0921875
9 0.89765625 0.7 0.07109375 0.0484375