12 0.89609375 0.0234375 0.2078125 0.046875
8 0.56796875 0.090625 0.115625 0.12265625
8 0.865625 0.11171875 0.1234375 0.190625
14 0.53046875 0.309375 0.3015625 0.61875
14 0.85859375 0.309375 0.2828125 0.61875
16 0.540625 0.3703125 0.24375 0.496875
16 0.88671875 0.40703125 0.2265625 0.4234375
11 0.6359375 0.52578125 0.14453125 0.15234375
11 0.81484375 0.5765625 0.1609375 0.084375
9 0.57421875 0.03984375 0.1265625 0.0796875
9 0.84765625 0.05546875 0.07890625 0.08671875
3 0.490625 0.0359375 0.0375 0.071875
3 0.9328125 0.08359375 0.03203125 0.0859375
1 0.15234375 0.7515625 0.3046875 0.265625
14 0.840625 0.809375 0.31875 0.38125
16 0.87109375 0.83125 0.2390625 0.3375
8 0.753125 0.64609375 0.0875 0.0546875