14 0.68828125 0.28046875 0.1390625 0.5609375
14 0.91640625 0.28828125 0.0953125 0.5765625
11 0.89375 0.30234375 0.02578125 0.06953125
11 0.68203125 0.2328125 0.0328125 0.046875
11 0.7375 0.1296875 0.0203125 0.0484375
15 0.7125 0.4375 0.06484375 0.0734375
15 0.734375 0.39765625 0.0640625 0.08359375
15 0.9078125 0.49609375 0.06796875 0.05859375
15 0.9125 0.45390625 0.07265625 0.05703125
2 0.0875 0.87265625 0.0953125 0.84765625 0.08828125 0.834375 0.0875 0.87265625
2 0.103125 0.75234375 0.09609375 0.7515625 0.1 0.80703125 0.1125 0.81953125 0.146875 0.89296875 0.1484375 0.86953125 0.11875 0.80078125 0.1359375 0.75546875 0.12578125 0.7515625 0.11015625 0.7703125 0.103125 0.75234375