1 0.40390625 0.3765625 0.2515625 0.384375
16 0.67734375 0.2484375 0.25 0.228125
10 0.54375 0.35625 0.028125 0.05
10 0.8078125 0.36015625 0.04453125 0.0515625
6 0.734375 0.5296875 0.075 0.078125
6 0.64765625 0.5453125 0.0921875 0.046875
12 0.65703125 0.0515625 0.1609375 0.065625
14 0.6953125 0.2921875 0.33125 0.553125
14 0.384375 0.784375 0.290625 0.43125
16 0.403125 0.6546875 0.25 0.171875
6 0.4859375 0.95390625 0.0875 0.0921875
6 0.36875 0.94296875 0.13125 0.1140625
12 0.742239040625 0.56875 0.7410156234375 0.61279296875 0.75078125 0.61279296875 0.8455078125 0.5849609359375 0.85234375 0.57177734375 0.850984534375 0.56875 0.742239040625 0.56875
12 0.625338121875 0.56875 0.61796875 0.58056640625 0.6121093765625 0.64501953125 0.6238281234375 0.65087890625 0.621875 0.63623046875 0.6326171875 0.623046875 0.6853515625 0.611328125 0.7126953125 0.6171875 0.7058593765625 0.57177734375 0.7040785859375001 0.56875 0.625338121875 0.56875
9 0.8484375 0.60986328125 0.8279296875 0.6025390640625 0.7537109375 0.6201171859375 0.75859375 0.65966796875 0.7761718765625 0.66552734375 0.7908203125 0.6611328140625 0.8005859375 0.6318359359375 0.8123046875 0.65234375 0.8396484375 0.6494140640625 0.8464843765625 0.63916015625 0.8484375 0.60986328125
9 0.6931640625 0.6875 0.6970703125 0.681640625 0.7048828125 0.6787109359375 0.7078125 0.67431640625 0.7078125 0.64501953125 0.6833984375 0.6435546859375 0.6814453125 0.640625 0.6794921875 0.6435546859375 0.6716796875 0.6435546859375 0.6697265625 0.640625 0.6306640625 0.640625 0.6277343765625 0.64501953125 0.6277343765625 0.66259765625 0.6296875 0.66552734375 0.6296875 0.67431640625 0.6345703125 0.681640625 0.6501953125 0.6845703140625 0.6541015625 0.6904296859375 0.6589843765625 0.68896484375 0.6619140625 0.6875 0.6697265625 0.6728515640625 0.6716796875 0.6728515640625 0.6746093765625 0.68017578125 0.6814453125 0.6875 0.6931640625 0.6875
11 0.7644531234375 0.92626953125 0.7537109375 0.904296875 0.7234375 0.93212890625 0.7175781234375 0.97900390625 0.7234375 0.99658203125 0.7644531234375 0.92626953125
11 0.71953125 0.99658203125 0.7253906234375 0.99951171875 0.76640625 0.92919921875 0.7595703125 0.916015625 0.7419921875 0.9130859359375 0.7253906234375 0.92626953125 0.71953125 0.97021484375 0.71953125 0.99658203125
11 0.8542968765625 1 0.8542968765625 0.99951171875 0.8337890625 0.9599609359375 0.7986328125 0.9658203140625 0.7791015625 0.9833984359375 0.7724609375 1 0.8542968765625 1
3 0.85078125 0.6390625 0.01640625 0.05546875
3 0.7578125 0.6546875 0.02109375 0.046875
8 0.5296875 0.56875 0.5296875 0.63907408125 0.5599594703124999 0.6400761890625 0.5754463624999999 0.56875 0.5296875 0.56875
8 0.64171734375 0.6868552765625 0.6611114390624999 0.7419542531250001 0.6828353609375 0.7368603499999999 0.698449421875 0.7129189859375 0.700486059375 0.6864307109375 0.64171734375 0.6868552765625
8 0.770300146875 0.6683953703125 0.8026563484375 0.7256537421875 0.8220042015625 0.716994121875 0.840673190625 0.6731865546875 0.8416915093749999 0.64975465 0.770300146875 0.6683953703125
8 1 0.56875 0.9301728890625001 0.56875 0.9253093046875 0.5748742453125 0.9470331999999999 0.6268320515625 0.9904810421875 0.6237757187499999 1 0.6019323062499999 1 0.56875