0 0.07421875 0.3734375 0.1484375 0.08125
12 0.9734375 0.13359375 0.053125 0.0703125
8 0.9875 0.18203125 0.025 0.0546875
12 0.85390625 0.190625 0.159375 0.18203125
14 0.96328125 0.30390625 0.0734375 0.4078125
8 0.83984375 0.31015625 0.09296875 0.16171875
16 0.97109375 0.32109375 0.0578125 0.2453125
14 0.79609375 0.3453125 0.2734375 0.509375
16 0.77265625 0.471875 0.2140625 0.25625
11 0.94453125 0.578125 0.1046875 0.04375
4 0.85859375 0.284375 0.07421875 0.08671875
3 0.78671875 0.24375 0.03203125 0.08203125
12 0.21015625 0.61484375 0.0734375 0.0296875
12 0.034375 0.621875 0.065625 0.04375
8 0.203125 0.66015625 0.05390625 0.06484375
8 0.05078125 0.66328125 0.0421875 0.0921875
10 0.128125 0.84140625 0.03984375 0.075
16 0.0640625 0.8421875 0.128125 0.315625
16 0.2171875 0.83359375 0.140625 0.3328125
14 0.25234375 0.8 0.2484375 0.4
14 0.08828125 0.8 0.1765625 0.4
9 0.05078125 0.64921875 0.04375 0.034375
12 0.709375 0.74765625 0.13046875 0.1
12 0.9484375 0.746875 0.103125 0.078125
8 0.73828125 0.82109375 0.05234375 0.08515625
8 0.94921875 0.8390625 0.0609375 0.09140625
14 0.67890625 0.8515625 0.1984375 0.296875
14 0.9390625 0.85546875 0.121875 0.2890625
11 0.8609375 0.971875 0.09375 0.05625
16 0.6921875 0.91796875 0.1625 0.1640625