5 0.134375 0.421875 0.26875 0.234375
5 0.33359375 0.42578125 0.1921875 0.2265625
7 0.53046875 0.03828125 0.0671875 0.0765625
7 0.9625 0.08125 0.07421875 0.09609375
7 0.64140625 0.084375 0.0625 0.0765625
7 0.80859375 0.08515625 0.06953125 0.09375
14 0.51953125 0.18984375 0.1328125 0.3796875
14 0.63671875 0.20625 0.1421875 0.4125
10 0.5125 0.22578125 0.05078125 0.053125
14 0.81484375 0.23125 0.1734375 0.4625
14 0.45859375 0.26953125 0.0578125 0.5390625
10 0.7625 0.23671875 0.040625 0.040625
10 0.66171875 0.24609375 0.06015625 0.05078125
14 0.94453125 0.26953125 0.1109375 0.5390625
10 0.465625 0.3328125 0.053125 0.084375
9 0.79140625 0.07578125 0.06484375 0.03828125
2 0.21015625 0.815625 0.2125 0.72265625 0.2078125 0.69609375 0.19765625 0.6890625 0.1921875 0.70703125 0.20625 0.82578125 0.21796875 0.8421875 0.26796875 0.8359375 0.275 0.86953125 0.2875 0.87578125 0.2671875 0.70703125 0.26171875 0.7046875 0.2546875 0.71171875 0.2578125 0.80078125 0.24296875 0.8125 0.21015625 0.815625
2 0.30225694375 1 0.284375 0.91953125 0.27734375 0.9109375 0.26796875 0.9109375 0.2609375 0.91953125 0.2625 0.93515625 0.2703125 0.94140625 0.2828125 0.97890625 0.2787946421875 1 0.30225694375 1
2 0.17560763906250001 1 0.1734375 0.99609375 0.184375 0.96484375 0.19375 0.88671875 0.19375 0.87890625 0.18203125 0.8671875 0.1734375 0.94765625 0.1578125 0.99765625 0.158649553125 1 0.17560763906250001 1
7 0.78125 0.63359375 0.12265625 0.1828125
8 0.96171875 0.68046875 0.0765625 0.1703125
10 0.603125 0.7875 0.084375 0.1109375
14 0.71796875 0.76953125 0.4109375 0.4609375
10 0.62734375 0.903125 0.12265625 0.115625
12 0.82578125 0.5859375 0.1609375 0.09375
12 0.9546875 0.58125 0.090625 0.084375