0 0.1046875 0.1765625 0.209375 0.353125
7 0.9171875 0.065625 0.01953125 0.04296875
7 0.95625 0.07734375 0.02734375 0.08359375
14 0.696875 0.13359375 0.1125 0.2671875
14 0.90234375 0.1421875 0.1015625 0.23046875
14 0.96015625 0.225 0.0796875 0.45
10 0.928125 0.34921875 0.03671875 0.06640625
13 0.96953125 0.01484375 0.0609375 0.0296875
13 0.91875 0.0359375 0.02578125 0.01796875
13 0.70625 0.01796875 0.0234375 0.0265625
11 0.9171875 0.13515625 0.02421875 0.021875
8 0.7046875 0.0484375 0.02109375 0.03203125
2 0.277283653125 0.45 0.2890625 0.48828125 0.2921875 0.59765625 0.2640625 0.66328125 0.2609375 0.69140625 0.25078125 0.7125 0.20859375 0.7078125 0.18671875 0.6796875 0.09453125 0.621875 0.09296875 0.5953125 0.0640625 0.60546875 0.059375 0.65546875 0.021875 0.73359375 0.0046875 0.78984375 0 0.796875 0 0.8224158656250001 0.00234375 0.8265625 0.00859375 0.8296875 0.02421875 0.8234375 0.03125 0.82890625 0.0359375 0.76640625 0.04921875 0.7640625 0.06171875 0.75 0.07421875 0.7484375 0.09921875 0.7640625 0.12734375 0.771875 0.15859375 0.771875 0.19296875 0.7578125 0.2359375 0.76640625 0.2203125 0.80546875 0.209375 0.81484375 0.19375 0.86640625 0.1796875 0.86953125 0.18359375 0.875 0.1671875 0.87265625 0.17734375 0.86875 0.16484375 0.86875 0.16328125 0.8734375 0.1546875 0.87265625 0.16171875 0.86875 0.11015625 0.86875 0.121875 0.87421875 0.0953125 0.87734375 0.0859375 0.93203125 0.1140625 0.93984375 0.32890625 0.925 0.3359375 0.91484375 0.3328125 0.90078125 0.33984375 0.88125 0.34375 0.89921875 0.35 0.90078125 0.34453125 0.9171875 0.39609375 0.9171875 0.39609375 0.909375 0.38125 0.90859375 0.39765625 0.90625 0.4046875 0.89609375 0.4 0.89296875 0.4046875 0.86484375 0.39765625 0.859375 0.33984375 0.8625 0.33125 0.85390625 0.3359375 0.76171875 0.36328125 0.753125 0.38359375 0.7640625 0.4078125 0.73203125 0.409375 0.71953125 0.409375 0.6766741078124999 0.403125 0.66953125 0.396875 0.64296875 0.3828125 0.63984375 0.378125 0.66640625 0.35859375 0.7015625 0.33359375 0.709375 0.3296875 0.69609375 0.340625 0.65390625 0.3375 0.52109375 0.34375 0.49765625 0.3671875 0.46015625 0.3657366078125 0.45 0.277283653125 0.45
0 0.72734375 0.70546875 0.5453125 0.5109375