2 0.2513469828125 0.5890625 0.265625 0.54765625 0.2640625 0.53359375 0.2703125 0.52734375 0.265625 0.51796875 0.275 0.47734375 0.2703125 0.44140625 0.278125 0.41171875 0.3015625 0.36953125 0.3484375 0.32421875 0.3484375 0.31328125 0.3265625 0.28203125 0.328125 0.26953125 0.3078125 0.25859375 0.3265625 0.25234375 0.3296875 0.23046875 0.31640625 0.2140625 0.28828125 0.2046875 0.2765625 0.21171875 0.271875 0.23203125 0.2484375 0.27421875 0.2625 0.31953125 0.23359375 0.425 0.1828125 0.39609375 0.203125 0.34140625 0.18984375 0.3296875 0.18125 0.33203125 0.16328125 0.3875 0.12734375 0.3703125 0.078125 0.36015625 0.0875 0.35546875 0.090625 0.33671875 0.1015625 0.32578125 0.1 0.31328125 0.1125 0.29296875 0.11484375 0.2765625 0.05625 0.32421875 0.03125 0.36796875 0.0234375 0.37109375 0.028125 0.37578125 0.021875 0.38203125 0.0265625 0.38359375 0.0171875 0.38515625 0.01796875 0.390625 0.0421875 0.39609375 0.04921875 0.421875 0.06171875 0.40625 0.065625 0.41171875 0.075 0.39453125 0.07734375 0.3640625 0.084375 0.38046875 0.08046875 0.396875 0.1484375 0.42734375 0.1265625 0.48203125 0.11171875 0.553125 0.13125 0.55234375 0.17421875 0.434375 0.21796875 0.45625 0.2203125 0.47578125 0.2046875 0.49140625 0.184375 0.56484375 0.21328125 0.584375 0.233309659375 0.5890625 0.2513469828125 0.5890625
8 0.96484375 0.04453125 0.0703125 0.0890625
8 0.703125 0.05078125 0.06875 0.1015625
14 0.96171875 0.29453125 0.0765625 0.5890625
14 0.7140625 0.29453125 0.090625 0.5890625
16 0.9453125 0.3703125 0.109375 0.4375
11 0.70546875 0.56875 0.0734375 0.040625
12 0.15234375 0.6484375 0.2828125 0.11875
11 0.60546875 0.696875 0.0859375 0.215625
14 0.4609375 0.79453125 0.228125 0.4109375
8 0.28359375 0.7796875 0.1515625 0.3375
14 0.18046875 0.79453125 0.3609375 0.4109375
16 0.421875 0.8328125 0.140625 0.334375
9 0.2796875 0.71328125 0.08515625 0.16640625
12 0.8546875 0.878125 0.20546875 0.2265625
8 0.85234375 0.9828125 0.1265625 0.034375
14 0.89296875 0.88828125 0.2140625 0.2234375
9 0.8296875 0.96875 0.121875 0.0625
3 0.92265625 0.94921875 0.03515625 0.0984375