7 0.734375 0.25078125 0.02421875 0.04453125
7 0.93828125 0.2609375 0.021875 0.03359375
14 0.74375 0.3203125 0.078125 0.23046875
14 0.953125 0.33515625 0.07734375 0.2265625
14 0.71796875 0.56484375 0.2171875 0.3078125
13 0.70625 0.4421875 0.09140625 0.078125
13 0.73125 0.21875 0.02109375 0.01953125
13 0.934375 0.22890625 0.02578125 0.025
11 0.728125 0.3109375 0.015625 0.01796875
15 0.7578125 0.39140625 0.0234375 0.04140625
14 0.546875 0.78515625 0.071875 0.1328125
15 0.53046875 0.796875 0.0265625 0.05546875
15 0.56484375 0.7953125 0.0296875 0.05703125