9 0.265625 0.07265625 0.465625 0.1453125
8 0.265625 0.16875 0.36328125 0.3171875
3 0.02578125 0.1296875 0.0515625 0.159375
3 0.47890625 0.2 0.0859375 0.19765625
9 0.74140625 0.0328125 0.1703125 0.065625
8 0.7453125 0.08203125 0.121875 0.1640625
14 0.75546875 0.33984375 0.4140625 0.6796875
3 0.66953125 0.0609375 0.04296875 0.096875
14 0.23671875 0.83984375 0.4734375 0.3203125
8 0.95703125 0.71640625 0.0671875 0.0734375
7 0.7515625 0.73828125 0.128125 0.1171875
14 0.76953125 0.83984375 0.3578125 0.3203125