5 0.5140625 0.4 0.33125 0.21875
9 0.234375 0.7109375 0.16796875 0.0890625
9 0.53515625 0.6 0.115625 0.13203125
13 0.228125 0.5703125 0.178125 0.121875
13 0.58828125 0.54453125 0.1734375 0.0703125
11 0.42109375 0.884375 0.146875 0.15625
11 0.0578125 0.67734375 0.115625 0.1609375
8 0.2421875 0.746875 0.12734375 0.18046875
8 0.5390625 0.65234375 0.12265625 0.19453125
11 0.33046875 0.5671875 0.1109375 0.115625
14 0.509375 0.7546875 0.340625 0.490625
14 0.221875 0.7546875 0.44375 0.490625
9 0.784375 0.66875 0.209375 0.15
8 0.77421875 0.74375 0.1890625 0.25
14 0.83984375 0.7546875 0.3203125 0.490625