2 0.14609375 0.2359375 0.2921875 0.471875
5 0.74296875 0.2890625 0.3265625 0.434375
5 0.78984375 0.21171875 0.4203125 0.4234375
14 0.084375 0.64765625 0.125 0.2171875
10 0.13203125 0.55390625 0.0328125 0.0296875
13 0.4453125 0.5609375 0.084375 0.04375
10 0.05078125 0.578125 0.0328125 0.078125
7 0.4015625 0.63359375 0.05234375 0.10546875
11 0.3390625 0.8140625 0.04296875 0.05546875
14 0.35546875 0.76953125 0.2828125 0.4609375
7 0.74296875 0.56171875 0.0234375 0.0453125
14 0.75546875 0.76953125 0.1265625 0.4609375
10 0.70078125 0.859375 0.028125 0.059375