5 0.1296875 0.2671875 0.259375 0.221875
5 0.19765625 0.34296875 0.3828125 0.2140625
14 0.63984375 0.07734375 0.0453125 0.1546875
14 0.571875 0.12109375 0.09375 0.2421875
14 0.50625 0.3484375 0.234375 0.203125
13 0.47890625 0.2765625 0.0703125 0.04609375
11 0.5875 0.0515625 0.02421875 0.0234375
11 0.55859375 0.05546875 0.0265625 0.01953125
15 0.5578125 0.19375 0.03125 0.06640625
15 0.59765625 0.18359375 0.02890625 0.0640625
2 0.36484375 0.534375 0.0484375 0.16875
2 0.27578125 0.5109375 0.1453125 0.121875