7 0.8921875 0.0546875 0.02734375 0.0375
14 0.49375 0.11328125 0.10625 0.2265625
7 0.7265625 0.11796875 0.04140625 0.0609375
14 0.8796875 0.1375 0.10625 0.25703125
14 0.72578125 0.20703125 0.1125 0.390625
10 0.69453125 0.3296875 0.0203125 0.0734375
10 0.7484375 0.33515625 0.0390625 0.084375
13 0.725 0.05078125 0.04609375 0.05546875
13 0.8984375 0.015625 0.03125 0.0265625
11 0.478125 0.08125 0.0171875 0.03359375
11 0.8828125 0.11171875 0.01953125 0.03203125
15 0.7125 0.5 0.025 0.0609375
15 0.734375 0.4953125 0.0296875 0.059375
1 0.7359375 0.6328125 0.359375 0.1875