2 0.43203125 0.196875 0.4203125 0.21796875 0.415625 0.36328125 0.4265625 0.36171875 0.4265625 0.28828125 0.43541093750000004 0.21941093750000001 0.4526296875 0.22678906250000003 0.440625 0.37578125 0.4625 0.38046875 0.45508906250000003 0.3583859375 0.45385937500000006 0.320259375 0.471875 0.26171875 0.45625 0.21171875 0.44609375 0.2 0.43203125 0.196875
7 0.6640625 0.06953125 0.0265625 0.06953125
14 0.6546875 0.12265625 0.09453125 0.2234375
10 0.659375 0.18125 0.0296875 0.05703125
10 0.68125 0.20625 0.01875 0.08203125
13 0.6640625 0.0265625 0.028125 0.025
15 0.5875 0.32578125 0.025 0.05
15 0.6234375 0.3328125 0.03359375 0.053125
14 0.65234375 0.803125 0.0921875 0.10625
15 0.6359375 0.81796875 0.02421875 0.04296875
15 0.6609375 0.8203125 0.02265625 0.04609375