2 0.24625538749999998 0 0.22734375 0.0140625 0.06328125 0.1578125 0.02421875 0.184375 0 0.195502534375 0 0.204296875 0.05546875 0.1765625 0.23046875 0.0265625 0.2724095390625 0 0.24625538749999998 0
14 0.78125 0.16953125 0.25625 0.3390625
13 0.81875 0.02578125 0.0875 0.0515625
15 0.66796875 0.015625 0.0296875 0.03125
15 0.69140625 0.0140625 0.0234375 0.028125
3 0.1546875 0.93359375 0.05859375 0.0671875
4 0.17421875 0.83671875 0.03984375 0.05625
14 0.83671875 0.46171875 0.0765625 0.2453125
7 0.859375 0.4078125 0.03046875 0.0625
9 0.81328125 0.5484375 0.0234375 0.04609375
9 0.834375 0.553125 0.01640625 0.0515625