14 0.784375 0.184375 0.43125 0.36875
8 0.4765625 0.58046875 0.0828125 0.17734375
8 0.37109375 0.4796875 0.08359375 0.18046875
8 0.31015625 0.609375 0.07265625 0.16640625
8 0.1578125 0.56796875 0.08515625 0.16953125
8 0.03359375 0.496875 0.0671875 0.165625
4 0.02890625 0.49921875 0.0546875 0.03359375
4 0.16015625 0.559375 0.05703125 0.04375
4 0.30625 0.59609375 0.05546875 0.0390625
4 0.36484375 0.4796875 0.05234375 0.03828125
4 0.46640625 0.58515625 0.05078125 0.02890625
3 0.1265625 0.57109375 0.015625 0.04375
3 0.3390625 0.61796875 0.01875 0.03984375
2 0.7828125 0.62109375 0.77421875 0.6078125 0.76015625 0.6078125 0.75234375 0.596875 0.74375 0.61171875 0.740625 0.66484375 0.7640625 0.72578125 0.7640625 0.70546875 0.7546875 0.68046875 0.7546875 0.64140625 0.76328125 0.625 0.77890625 0.6265625 0.7828125 0.62109375