9 0.48671875 0.2109375 0.1046875 0.1
8 0.3015625 0.23828125 0.2125 0.1671875
8 0.49375 0.240625 0.090625 0.1375
12 0.4671875 0.12890625 0.14375 0.1390625
12 0.27734375 0.0890625 0.3546875 0.1375
16 0.29609375 0.428125 0.4859375 0.203125
14 0.265625 0.271875 0.48125 0.515625
14 0.4609375 0.27421875 0.15625 0.5109375
9 0.94609375 0.165625 0.1078125 0.146875
9 0.69921875 0.21875 0.3203125 0.153125
8 0.67421875 0.29140625 0.2703125 0.2984375
13 0.67890625 0.03359375 0.2796875 0.0671875
13 0.36875 0.91015625 0.0375 0.03359375
13 0.140625 0.91796875 0.03515625 0.0484375
13 0.21640625 0.934375 0.0578125 0.075
7 0.3703125 0.9546875 0.03515625 0.05625
7 0.1390625 0.9609375 0.02734375 0.05234375
8 0.20390625 0.9703125 0.0328125 0.05625
14 0.221875 0.9390625 0.115625 0.121875
14 0.68359375 0.76484375 0.2890625 0.4703125