2 0.4671875 0.17578125 0.165625 0.3515625
13 0.16796875 0.67109375 0.0203125 0.0046875
13 0.39375 0.6890625 0.02578125 0.0265625
7 0.171875 0.696875 0.0203125 0.0359375
7 0.3921875 0.72109375 0.01796875 0.03203125
14 0.17578125 0.78515625 0.0828125 0.2328125
11 0.3875 0.79140625 0.02265625 0.015625
14 0.38125 0.80390625 0.08359375 0.24609375
9 0.1875 0.8796875 0.03046875 0.046875
9 0.3359375 0.853125 0.0296875 0.028125
9 0.36953125 0.903125 0.03203125 0.040625
14 0.88046875 0.834375 0.2203125 0.33125