2 0.21328125 0.13203125 0.2515625 0.2640625
12 0.97578125 0.21015625 0.0328125 0.0390625
12 0.8265625 0.215625 0.0390625 0.0421875
8 0.97734375 0.24375 0.01875 0.04453125
12 0.896875 0.2484375 0.03359375 0.0375
8 0.82890625 0.2515625 0.0234375 0.05390625
14 0.83671875 0.26796875 0.0578125 0.1453125
14 0.96875 0.278125 0.0625 0.1625
8 0.9015625 0.2796875 0.01953125 0.04453125
12 0.79296875 0.28671875 0.04140625 0.0421875
12 0.96171875 0.290625 0.0390625 0.040625
12 0.68203125 0.2921875 0.04921875 0.04609375
16 0.8375 0.30390625 0.0578125 0.07734375
16 0.98359375 0.3046875 0.0328125 0.0875
8 0.9625 0.32578125 0.0296875 0.04765625
8 0.7953125 0.33359375 0.0265625 0.04765625
14 0.90078125 0.340625 0.0671875 0.21015625
12 0.85546875 0.3453125 0.04375 0.04375
14 0.80078125 0.346875 0.06953125 0.1453125
8 0.68828125 0.3515625 0.03828125 0.0578125
16 0.903125 0.35390625 0.0671875 0.1265625
12 0.7609375 0.37265625 0.053125 0.046875
8 0.85859375 0.38671875 0.0375 0.05078125
8 0.7640625 0.41328125 0.0375 0.04765625
16 0.9640625 0.42890625 0.071875 0.1734375
14 0.9640625 0.4703125 0.071875 0.396875
16 0.87109375 0.5015625 0.115625 0.19296875
14 0.6796875 0.471875 0.1 0.39375
16 0.7625 0.52890625 0.11796875 0.19296875
14 0.87109375 0.49921875 0.1046875 0.3390625
11 0.67421875 0.578125 0.02421875 0.0609375
14 0.765625 0.5140625 0.121875 0.309375
15 0.9640625 0.65 0.046875 0.0375
9 0.96484375 0.31953125 0.02421875 0.01796875
9 0.76171875 0.396875 0.0328125 0.01796875
9 0.8296875 0.2375 0.02421875 0.015625
14 0.48359375 0.8375 0.2109375 0.325
14 0.14921875 0.83515625 0.2984375 0.3296875
12 0.48359375 0.771875 0.2109375 0.16875
12 0.11328125 0.78984375 0.2265625 0.2046875
8 0.1421875 0.93046875 0.1 0.1390625
8 0.4859375 0.93515625 0.153125 0.1296875
3 0.56171875 0.88515625 0.05078125 0.10390625
4 0.45390625 0.890625 0.078125 0.084375
8 0.62734375 0.76328125 0.0765625 0.1890625
14 0.7046875 0.834375 0.23125 0.33125
9 0.6234375 0.6953125 0.06875 0.053125