2 0.346875 0.22890625 0.425 0.4578125
16 0.82734375 0.2734375 0.1953125 0.175
10 0.94296875 0.37734375 0.053125 0.0453125
10 0.746875 0.38828125 0.034375 0.0421875
6 0.92421875 0.5171875 0.0890625 0.084375
6 0.8078125 0.51953125 0.071875 0.0796875
9 0.7890625 0.14609375 0.09140625 0.0265625
7 0.79140625 0.1578125 0.09453125 0.0484375
12 0.7875 0.115625 0.115625 0.05
14 0.85703125 0.32265625 0.2546875 0.4734375
14 0.49140625 0.75546875 0.2015625 0.3921875
10 0.44296875 0.690625 0.03125 0.071875
10 0.82421875 0.66875 0.0984375 0.10078125
14 0.89453125 0.73203125 0.2109375 0.3453125