2 0.11796875 0.07578125 0.2359375 0.1515625
12 0.75703125 0.1828125 0.0953125 0.10625
16 0.75234375 0.0921875 0.1640625 0.184375
14 0.74453125 0.21484375 0.2703125 0.4296875
7 0.3671875 0.61796875 0.03828125 0.06640625
14 0.075 0.63046875 0.10625 0.36953125
14 0.3234375 0.75078125 0.13125 0.4984375
10 0.34375 0.93359375 0.03203125 0.07890625
7 0.0671875 0.484375 0.02578125 0.0359375
13 0.34375 0.54453125 0.06015625 0.04296875
13 0.06328125 0.43671875 0.0328125 0.0140625
11 0.0515625 0.6265625 0.03203125 0.04296875
5 0.69453125 0.7421875 0.6109375 0.515625
5 0.70078125 0.5171875 0.5984375 0.175