2 0.4296875 0.28505859375 0.4125 0.32265625 0.4078125 0.35078125 0.36818125 0.3491484375 0.36818125 0.30653437499999997 0.3454546875 0.3079546875 0.34119375 0.36193125 0.3426140625 0.41875 0.35681875 0.41875 0.359659375 0.3761359375 0.4 0.36953125 0.3953125 0.37578125 0.4171875 0.39453125 0.41875 0.48515625 0.42890625 0.4984375 0.4296875 0.498727678125 0.4296875 0.28505859375
7 0.6765625 0.1109375 0.0515625 0.109375
7 0.825 0.1265625 0.0578125 0.10859375
14 0.66015625 0.31953125 0.1359375 0.5796875
14 0.84453125 0.31328125 0.2109375 0.5921875
13 0.83671875 0.04140625 0.06875 0.05390625
13 0.6578125 0.0375 0.05625 0.034375
11 0.7578125 0.22890625 0.03671875 0.0375
11 0.7546875 0.1125 0.0234375 0.04140625
11 0.78671875 0.10625 0.03125 0.0515625
15 0.69765625 0.59296875 0.0421875 0.0328125