13 0.728125 0.28828125 0.16875 0.2890625
9 0.70390625 0.29453125 0.1109375 0.1109375
13 0.58046875 0.37734375 0.1390625 0.2421875
9 0.565625 0.38515625 0.13125 0.0734375
14 0.80546875 0.42578125 0.3671875 0.5609375
14 0.51484375 0.4953125 0.3484375 0.4875
13 0.728125 0.28828125 0.16875 0.2890625
9 0.70390625 0.29453125 0.1109375 0.1109375
13 0.58046875 0.37734375 0.1390625 0.2421875
9 0.565625 0.38515625 0.13125 0.0734375
14 0.80546875 0.42578125 0.3671875 0.5609375
14 0.51484375 0.4953125 0.3484375 0.4875
1 0.56875 0.51875 0.13984375 0.11875
1 0.77109375 0.43671875 0.159375 0.1109375