12 0.46640625 0.01953125 0.0609375 0.0390625
12 0.3484375 0.01875 0.065625 0.0375
16 0.08125 0.11171875 0.13125 0.2203125
14 0.2453125 0.26953125 0.1875 0.5390625
14 0.09296875 0.26953125 0.1859375 0.5390625
14 0.48046875 0.26953125 0.1390625 0.5390625
14 0.365625 0.26953125 0.125 0.5390625
12 0.46640625 0.01953125 0.0609375 0.0390625
12 0.3484375 0.01875 0.065625 0.0375
16 0.08125 0.11171875 0.13125 0.2203125
14 0.2453125 0.26953125 0.1875 0.5390625
14 0.09296875 0.26953125 0.1859375 0.5390625
14 0.48046875 0.26953125 0.1390625 0.5390625
14 0.365625 0.26953125 0.125 0.5390625
1 0.35078125 0.05078125 0.06953125 0.0609375
1 0.46640625 0.046875 0.046875 0.06328125
14 0.915625 0.26953125 0.16875 0.5390625
13 0.93359375 0.01328125 0.1015625 0.0265625
0 0.16953125 0.76953125 0.3390625 0.4609375
0 0.6828125 0.990625 0.046875 0.01875
0 0.796875 0.99375 0.05 0.0125