14 0.13671875 0.409375 0.2734375 0.81875
16 0.12265625 0.57578125 0.2453125 0.4859375
12 0.11015625 0.08828125 0.2203125 0.1765625
9 0.103125 0.17734375 0.15 0.1109375
14 0.13671875 0.409375 0.2734375 0.81875
16 0.12265625 0.57578125 0.2453125 0.4859375
12 0.11015625 0.08828125 0.2203125 0.1765625
9 0.103125 0.17734375 0.15 0.1109375
1 0.10859375 0.3921875 0.2171875 0.20625
14 0.8453125 0.19765625 0.07421875 0.2109375
14 0.76171875 0.51015625 0.1859375 0.6171875
13 0.75625 0.30078125 0.08203125 0.08359375
13 0.84140625 0.096875 0.021875 0.02109375
8 0.840625 0.12421875 0.01953125 0.03359375