9 0.39375 0.09765625 0.125 0.0671875
12 0.3953125 0.03125 0.1625 0.0625
10 0.19453125 0.47890625 0.0796875 0.0609375
8 0.38046875 0.1265625 0.10078125 0.1078125
14 0.3546875 0.2546875 0.425 0.509375
16 0.87265625 0.1171875 0.2546875 0.234375
6 0.9421875 0.45 0.115625 0.11875
6 0.734375 0.428125 0.16875 0.121875
14 0.825 0.2546875 0.35 0.509375
14 0.18828125 0.7546875 0.1921875 0.490625
7 0.18828125 0.534375 0.0578125 0.05
11 0.11015625 0.95859375 0.0421875 0.0828125
11 0.265625 0.91875 0.04765625 0.09296875
11 0.60390625 0.98984375 0.0453125 0.0203125
9 0.7328125 0.58671875 0.165625 0.1546875
11 0.8890625 0.7 0.221875 0.38125
8 0.72734375 0.69921875 0.1546875 0.3796875