9 0.48359375 0.20859375 0.0921875 0.1453125
11 0.42578125 0.290625 0.0734375 0.31875
8 0.49375 0.28515625 0.071875 0.2421875
13 0.49296875 0.04609375 0.0734375 0.0921875
14 0.42109375 0.225 0.2171875 0.45
5 0.62265625 0.2125 0.1859375 0.425
5 0.82578125 0.25234375 0.3484375 0.3953125
16 0.10390625 0.46171875 0.0578125 0.0234375
16 0.4015625 0.675 0.0625 0.084375
12 0.4125 0.6078125 0.028125 0.028125
6 0.35703125 0.8390625 0.0328125 0.034375
6 0.13515625 0.54375 0.0234375 0.0375
6 0.11640625 0.5390625 0.0234375 0.034375
14 0.38515625 0.740625 0.1484375 0.3484375
14 0.09921875 0.51328125 0.1265625 0.1265625
9 0.84921875 0.8875 0.3015625 0.196875
13 0.8328125 0.5921875 0.334375 0.284375
8 0.8984375 0.89375 0.203125 0.2125
3 0.69453125 0.92109375 0.0875 0.1578125