9 0.41015625 0.12734375 0.1296875 0.06484375
8 0.428125 0.16796875 0.084375 0.12265625
13 0.378125 0.04140625 0.15625 0.0828125
14 0.403125 0.25 0.453125 0.5
9 0.721875 0.01953125 0.184375 0.0390625
8 0.68203125 0.084375 0.1046875 0.16875
14 0.81484375 0.25 0.3703125 0.5
3 0.80625 0.04609375 0.0875 0.0921875
5 0.2765625 0.75 0.553125 0.5
5 0.33671875 0.54375 0.4015625 0.0875
9 0.8796875 0.67578125 0.240625 0.1296875
13 0.90234375 0.5578125 0.1953125 0.115625
8 0.90859375 0.70703125 0.1828125 0.1984375
14 0.81484375 0.75 0.3703125 0.5
3 0.7453125 0.67578125 0.075 0.10234375