9 0.69296875 0.1375 0.2484375 0.228125
8 0.63515625 0.2671875 0.1328125 0.409375
11 0.86328125 0.1421875 0.2734375 0.284375
9 0.25 0.61015625 0.16328125 0.1421875
9 0.121875 0.79296875 0.1734375 0.09140625
11 0.26640625 0.9359375 0.0921875 0.128125
11 0.33046875 0.8015625 0.0890625 0.103125
13 0.1109375 0.671875 0.17578125 0.1390625
13 0.22265625 0.5234375 0.1984375 0.046875
8 0.1359375 0.8359375 0.10078125 0.146875
8 0.246875 0.65625 0.1421875 0.1703125
14 0.7765625 0.75 0.209375 0.5
11 0.8421875 0.75625 0.05234375 0.0859375
11 0.68359375 0.8984375 0.03984375 0.096875