8 0.24375 0.078125 0.23125 0.15625
14 0.1796875 0.159375 0.359375 0.31875
3 0.040625 0.03671875 0.08125 0.0734375
11 0.6140625 0.2484375 0.384375 0.140625
8 0.6015625 0.09140625 0.334375 0.1828125
9 0.29140625 0.3390625 0.1359375 0.040625
8 0.28046875 0.3859375 0.1140625 0.134375
14 0.25625 0.659375 0.20625 0.68125
12 0.5679140296874999 0.31875 0.56484375 0.34102166562499997 0.5736328125 0.3577655171875 0.60390625 0.356477528125 0.6107421875 0.35518954062499997 0.621484375 0.34102166562499997 0.6234375 0.3358697109375 0.621484375 0.333293734375 0.621484375 0.325565803125 0.61803918125 0.31875 0.5679140296874999 0.31875
10 0.5716796875 0.4659565609375 0.5619140625 0.47626047031249996 0.5521484375 0.481412425 0.5462890625 0.48914035624999996 0.5345703125 0.49686828906249997 0.527734375 0.5084601859375 0.5306640625 0.514900128125 0.5423828125 0.5071721968749999 0.5462890625 0.5071721968749999 0.54921875 0.5239160484375001 0.555078125 0.5239160484375001 0.558984375 0.5110361625 0.5677734375 0.49944426562499994 0.5794921875 0.49429231093750003 0.582421875 0.48785236874999993 0.582421875 0.477548459375 0.5716796875 0.4659565609375
10 0.617578125 0.47239650468749994 0.6107421875 0.471108515625 0.598046875 0.4827004140625 0.59609375 0.4955803 0.586328125 0.5110361625 0.5892578125 0.514900128125 0.617578125 0.513612140625 0.6224609375 0.509748175 0.6302734375 0.509748175 0.633203125 0.5033082312499999 0.6234375 0.4930043234375 0.617578125 0.4801244359375 0.617578125 0.47239650468749994
10 0.4740234375 0.4788364484375 0.4701171875 0.4788364484375 0.4642578125 0.4865643796875 0.4564453125 0.481412425 0.4486328125 0.481412425 0.441796875 0.4955803 0.44765625 0.513612140625 0.4505859375 0.51747610625 0.4642578125 0.514900128125 0.4671875 0.51876409375 0.4662109375 0.5226280609374999 0.475 0.521340071875 0.480859375 0.5161881171875 0.476953125 0.5084601859375 0.476953125 0.4981562765625 0.4837890625 0.49429231093750003 0.484765625 0.4904283453125 0.4740234375 0.4788364484375
10 0.637109375 0.63210709375 0.6400390625 0.635971059375 0.648828125 0.6346830703125 0.656640625 0.6269551390625001 0.65859375 0.5986193890625 0.6517578125 0.5921794453125 0.6380859375 0.5921794453125 0.633203125 0.6063473203124999 0.637109375 0.63210709375
9 0.413858840625 0.31875 0.418359375 0.322989825 0.41640625 0.325565803125 0.4173828125 0.32942976874999996 0.43203125 0.3358697109375 0.4369140625 0.3320057453125 0.4427734375 0.3320057453125 0.44765625 0.325565803125 0.44765625 0.3204138484375 0.4463947078125 0.31875 0.441390271875 0.31875 0.4330078125 0.3242778140625 0.424625353125 0.31875 0.413858840625 0.31875
9 0.6126953125 0.3680694265625 0.6146484375 0.3680694265625 0.615625 0.3667814375 0.613671875 0.3642054609375 0.613671875 0.35905350625 0.6107421875 0.35518954062499997 0.6068359375 0.35518954062499997 0.6048828125 0.3577655171875 0.5755859375 0.3577655171875 0.574609375 0.35905350625 0.5765625 0.3616294828125 0.5765625 0.369357415625 0.5794921875 0.37322138125 0.5814453125 0.370645403125 0.5833984375 0.370645403125 0.5853515625 0.37322138125 0.5912109375 0.37322138125 0.5931640625 0.370645403125 0.5951171875 0.370645403125 0.5970703125 0.37322138125 0.5990234375 0.37322138125 0.6 0.3719333921875 0.6009765625 0.370645403125 0.6029296875 0.370645403125 0.6107421875 0.36034149531250004 0.61171875 0.3616294828125 0.61171875 0.3667814375 0.6126953125 0.3680694265625
3 0.3853952484375 0.31875 0.38488074375000003 0.321675025 0.38985114374999996 0.33434308125 0.39664402656250003 0.33434308125 0.3981351421875 0.3218934484375 0.3976185046875 0.31875 0.3853952484375 0.31875
8 0.3984665046875 0.3360904046875 0.3974724265625 0.34460857031250003 0.411720903125 0.359023946875 0.4208333015625 0.366886875 0.42862026875000003 0.3684157796875 0.43209954687499996 0.358368696875 0.4355788234375 0.348321621875 0.4413776234375 0.337182478125 0.43690426875000005 0.3332510078125 0.4324309015625 0.3369640546875 0.4249753015625 0.3363088125 0.4153658703125 0.327353815625 0.40774458124999996 0.3295379625 0.3984665046875 0.3360904046875
8 0.587525659375 0.393315053125 0.59183335 0.3965912734375 0.6002830265625001 0.3965912734375 0.60641318125 0.39113090625 0.6088983812500001 0.3841416421875 0.6102238265625 0.3756234640625 0.6113835812499999 0.3688526109375 0.607407259375 0.3701630953125 0.60061438125 0.373657728125 0.5929931046875 0.374094559375 0.5898636546875 0.37267242968750003 0.5832179828124999 0.37453139062499996 0.5777505515625 0.37453139062499996 0.578744628125 0.3813022515625 0.58305230625 0.3880731046875 0.587525659375 0.393315053125