9 0.31171875 0.08984375 0.1734375 0.1078125
11 0.5078125 0.203125 0.103125 0.3125
8 0.3109375 0.13828125 0.1390625 0.165625
12 0.30859375 0.0203125 0.2203125 0.040625
14 0.31171875 0.31953125 0.4953125 0.6390625
14 0.92265625 0.31953125 0.1546875 0.6390625
14 0.7203125 0.31953125 0.184375 0.6390625
14 0.96796875 0.31953125 0.0640625 0.6390625
13 0.9890625 0.021875 0.021875 0.04375
7 0.99375 0.065625 0.0125 0.084375
11 0.63984375 0.26796875 0.0625 0.08828125
11 0.58125 0.1046875 0.04375 0.059375
11 0.83984375 0.25703125 0.0421875 0.0703125
11 0.95390625 0.359375 0.05234375 0.08515625
15 0.8890625 0.609375 0.0625 0.059375
15 0.9453125 0.61328125 0.040625 0.0515625
15 0.746875 0.625 0.0625 0.028125
9 0.43125 0.6890625 0.25625 0.1
8 0.43359375 0.778125 0.2515625 0.278125
14 0.30859375 0.81953125 0.5015625 0.3609375
14 0.9171875 0.81953125 0.165625 0.3609375