9 0.32890625 0.13515625 0.24296875 0.1515625
8 0.3828125 0.1578125 0.15 0.1625
13 0.28671875 0.0296875 0.2203125 0.059375
14 0.33671875 0.11953125 0.5859375 0.2390625
3 0.23203125 0.2109375 0.0671875 0.05625
1 0.81484375 0.1265625 0.3703125 0.225
9 0.35859375 0.4125 0.5421875 0.346875
11 0.11875 0.41953125 0.2375 0.3609375
11 0.58125 0.440625 0.096875 0.403125
8 0.3578125 0.57109375 0.34140625 0.47109375
14 0.9296875 0.6421875 0.140625 0.715625
14 0.734375 0.64921875 0.184375 0.7015625
14 0.975 0.709375 0.05 0.58125
13 0.68125 0.275 0.05234375 0.03515625
13 0.9578125 0.303125 0.06484375 0.04921875
7 0.675 0.3265625 0.03984375 0.08125
13 0.78046875 0.328125 0.0796875 0.0421875
7 0.95 0.35625 0.05 0.0921875
7 0.77421875 0.3828125 0.0578125 0.0953125
7 0.89140625 0.39375 0.0375 0.053125
15 0.73671875 0.97265625 0.0453125 0.0546875
11 0.9640625 0.79453125 0.0375 0.0671875
11 0.85546875 0.6953125 0.0421875 0.06328125
11 0.65390625 0.70078125 0.0375 0.0703125