16 0.3234375 0.246875 0.4125 0.425
8 0.25859375 0.0234375 0.1453125 0.046875
14 0.29296875 0.2296875 0.4734375 0.459375
9 0.7015625 0.1859375 0.34375 0.278125
13 0.72890625 0.021875 0.3859375 0.04375
8 0.68359375 0.27734375 0.3078125 0.3546875
9 0.19296875 0.596875 0.2453125 0.14453125
8 0.1953125 0.66328125 0.178125 0.2359375
11 0.1390625 0.8875 0.196875 0.225
14 0.24375 0.7296875 0.4875 0.540625
3 0.07109375 0.6125 0.05703125 0.11875
11 0.91171875 0.96484375 0.1546875 0.0703125
14 0.87734375 0.7296875 0.2453125 0.540625