8 0.11015625 0.0546875 0.1359375 0.109375
11 0.2078125 0.53515625 0.15625 0.0671875
16 0.109375 0.33046875 0.21875 0.4765625
14 0.13359375 0.284375 0.2671875 0.56875
12 0.58515625 0.05390625 0.0828125 0.1078125
16 0.80625 0.08359375 0.271875 0.1671875
14 0.76484375 0.09453125 0.4703125 0.1890625
9 0.4421875 0.69921875 0.175 0.1390625
11 0.290625 0.74140625 0.2328125 0.30078125
8 0.4640625 0.775 0.13125 0.25625
14 0.321875 0.784375 0.415625 0.43125
9 0.96875 0.71875 0.0625 0.146875
13 0.946875 0.5953125 0.10625 0.053125
8 0.9734375 0.75859375 0.053125 0.2046875
14 0.9375 0.784375 0.125 0.43125