9 0.21640625 0.128125 0.4328125 0.25625
8 0.19140625 0.253125 0.33203125 0.34140625
14 0.325 0.31953125 0.65 0.6390625
3 0.42890625 0.2484375 0.10078125 0.21953125
1 0.75546875 0.2390625 0.0765625 0.109375
1 0.98046875 0.20078125 0.0390625 0.0765625
9 0.96171875 0.05390625 0.0765625 0.1078125
9 0.79921875 0.09921875 0.10546875 0.09296875
14 0.759375 0.31953125 0.21875 0.6390625
14 0.94609375 0.31953125 0.1078125 0.6390625
13 0.640625 0.678125 0.01875 0.046875
13 0.08125 0.7140625 0.0953125 0.08125
8 0.6390625 0.7671875 0.021875 0.1375
7 0.45703125 0.77734375 0.12734375 0.20703125
7 0.08828125 0.8546875 0.1296875 0.2140625
14 0.47265625 0.81953125 0.3546875 0.3609375
14 0.12421875 0.840625 0.2484375 0.31875
13 0.44375 0.67421875 0.15 0.0703125
3 0.83984375 0.6859375 0.0859375 0.09375