9 0.23125 0.27421875 0.415625 0.3265625
8 0.275 0.4390625 0.328125 0.51875
9 0.2578125 0.265625 0.3625 0.215625
14 0.528125 0.3796875 0.178125 0.759375
14 0.9609375 0.3796875 0.078125 0.759375
9 0.16328125 0.8953125 0.3265625 0.153125
8 0.13828125 0.909375 0.2765625 0.18125
14 0.81171875 0.8796875 0.1609375 0.240625
14 0.60625 0.8796875 0.184375 0.240625
13 0.82890625 0.76796875 0.0640625 0.0171875
7 0.54609375 0.78828125 0.0390625 0.0578125
13 0.65234375 0.77890625 0.0796875 0.0390625
7 0.821875 0.80625 0.05 0.0921875
7 0.64609375 0.8328125 0.0578125 0.0953125
7 0.76328125 0.84375 0.0375 0.053125
13 0.9 0.89609375 0.0703125 0.06015625
7 0.90078125 0.94765625 0.05234375 0.08515625
11 0.46328125 0.98046875 0.0421875 0.0390625