9 0.165625 0.14453125 0.328125 0.0796875
11 0.17578125 0.31796875 0.16328125 0.15390625
8 0.17578125 0.18046875 0.196875 0.15390625
13 0.16640625 0.03359375 0.2765625 0.0671875
14 0.16484375 0.234375 0.3296875 0.46875
9 0.5328125 0.04921875 0.40625 0.0984375
11 0.81953125 0.06640625 0.3609375 0.1328125
8 0.48359375 0.1671875 0.3078125 0.334375
9 0.26015625 0.525 0.1390625 0.1125
8 0.26640625 0.575 0.1265625 0.2
14 0.16953125 0.734375 0.3203125 0.53125
8 0.85 0.49609375 0.20625 0.0546875
11 0.90703125 0.55703125 0.1859375 0.1703125
11 0.39765625 0.5578125 0.1359375 0.178125
3 0.71171875 0.5046875 0.1109375 0.071875