9 0.21640625 0.1046875 0.103125 0.1109375
14 0.34609375 0.28984375 0.4703125 0.5796875
8 0.21875 0.14921875 0.10078125 0.15390625
13 0.21171875 0.0390625 0.1734375 0.078125
9 0.03046875 0.79609375 0.0609375 0.1640625
9 0.59375 0.76875 0.03125 0.125
10 0.20625 0.7203125 0.225 0.28125
10 0.50390625 0.81484375 0.0484375 0.05546875
13 0.48828125 0.6109375 0.0765625 0.0625
13 0.57890625 0.71171875 0.0609375 0.0890625
8 0.4859375 0.66953125 0.0484375 0.06484375
8 0.596875 0.79453125 0.025 0.1078125
14 0.56796875 0.83125 0.0828125 0.3375
1 0.78828125 0.809375 0.3578125 0.38125