9 0.3125 0.20703125 0.21171875 0.1203125
8 0.2640625 0.2625 0.11328125 0.196875
13 0.31171875 0.05546875 0.2140625 0.1109375
14 0.27734375 0.259375 0.2828125 0.51875
3 0.4 0.26328125 0.0375 0.1265625
9 0.7015625 0.3265625 0.47578125 0.18515625
8 0.74375 0.39140625 0.36875 0.2546875
13 0.66328125 0.1078125 0.4890625 0.215625
3 0.4421875 0.35234375 0.046875 0.1984375
14 0.30703125 0.759375 0.2234375 0.48125
3 0.39765625 0.60703125 0.0421875 0.0984375
9 0.8140625 0.75859375 0.29296875 0.25703125
11 0.6109375 0.78125 0.12265625 0.209375
8 0.97890625 0.74296875 0.0421875 0.2765625
8 0.8171875 0.80859375 0.26171875 0.3171875
13 0.7515625 0.56484375 0.30625 0.0921875