9 0.11328125 0.034375 0.2265625 0.06875
8 0.1453125 0.07265625 0.146875 0.1453125
14 0.2046875 0.2046875 0.409375 0.409375
13 0.69140625 0.3421875 0.2171875 0.134375
14 0.69140625 0.3484375 0.5421875 0.121875
13 0.43359375 0.37734375 0.0484375 0.0640625
14 0.16796875 0.7046875 0.2640625 0.590625
9 0.6828125 0.66015625 0.48828125 0.2859375
13 0.68046875 0.4921875 0.3984375 0.165625
8 0.68125 0.79453125 0.3078125 0.3265625
3 0.45234375 0.79453125 0.0859375 0.1859375
3 0.9296875 0.79296875 0.078125 0.20703125