8 0.35546875 0.16484375 0.1890625 0.3296875
9 0.83125 0.40546875 0.2859375 0.1703125
11 0.61484375 0.36796875 0.1875 0.2671875
11 0.97109375 0.35234375 0.0578125 0.2859375
13 0.81875 0.1421875 0.2859375 0.19453125
8 0.83203125 0.44140625 0.2328125 0.1953125
14 0.725 0.2953125 0.55 0.4875
9 0.140625 0.79609375 0.28125 0.1640625
8 0.121875 0.86953125 0.24375 0.2609375
13 0.13125 0.63671875 0.2625 0.1953125
2 0.78046875 0.68125 0.790625 0.67421875 0.7921875 0.65859375 0.7609375 0.59921875 0.73046875 0.571875 0.70625 0.57578125 0.71640625 0.5875 0.68203125 0.58125 0.65234375 0.5859375 0.64140625 0.571875 0.62109375 0.5671875 0.61875 0.59609375 0.6265625 0.65546875 0.6171875 0.66796875 0.62421875 0.6875 0.6421875 0.68828125 0.65 0.67890625 0.6546875 0.61015625 0.68671875 0.6015625 0.73828125 0.60625 0.7578125 0.63046875 0.78046875 0.68125