9 0.4109375 0.096875 0.15625 0.19375
8 0.43203125 0.20546875 0.1140625 0.3296875
14 0.2609375 0.259375 0.45625 0.51875
5 0.74453125 0.29765625 0.5109375 0.4421875
5 0.72421875 0.11796875 0.4703125 0.2359375
14 0.24453125 0.759375 0.4890625 0.48125
9 0.78515625 0.6828125 0.20703125 0.14453125
11 0.6703125 0.79453125 0.07421875 0.3796875
11 0.90859375 0.78125 0.08203125 0.3921875
8 0.78359375 0.759375 0.16328125 0.24296875
13 0.80078125 0.5421875 0.2015625 0.046875
14 0.778125 0.759375 0.44375 0.48125