5 0.16953125 0.24453125 0.3390625 0.4890625
5 0.78203125 0.253125 0.4359375 0.278125
14 0.09609375 0.74296875 0.1921875 0.5078125
16 0.0640625 0.61328125 0.128125 0.2203125
10 0.1453125 0.71875 0.05546875 0.0625
6 0.021875 0.93046875 0.04375 0.1265625
6 0.09765625 0.89765625 0.178125 0.1109375
9 0.81875 0.68203125 0.06328125 0.0125
11 0.7625 0.853125 0.0515625 0.03359375
11 0.85234375 0.834375 0.03515625 0.0296875
15 0.74765625 0.9734375 0.0765625 0.053125
15 0.82109375 0.95625 0.0921875 0.04140625
7 0.81640625 0.6890625 0.059375 0.040625
13 0.80078125 0.6578125 0.08046875 0.0296875
14 0.79765625 0.81953125 0.2 0.35859375