5 0.11796875 0.0984375 0.2359375 0.196875
1 0.70078125 0.14609375 0.2609375 0.2921875
4 0.7171875 0.10859375 0.10234375 0.12265625
16 0.20234375 0.759375 0.2 0.18125
10 0.08828125 0.88203125 0.06640625 0.0453125
10 0.33984375 0.86953125 0.0359375 0.0546875
6 0.2203125 0.9828125 0.053125 0.034375
9 0.21328125 0.6203125 0.103125 0.028125
7 0.21328125 0.6359375 0.09453125 0.0578125
12 0.20625 0.5875 0.121875 0.05625
14 0.2046875 0.775 0.353125 0.45
14 0.85625 0.71484375 0.2875 0.5703125
16 0.87890625 0.578125 0.2421875 0.271875
6 0.90390625 0.95703125 0.1921875 0.0859375
6 0.86328125 0.92421875 0.2 0.1421875