5 0.1296875 0.2578125 0.259375 0.309375
5 0.175 0.49765625 0.35 0.4046875
0 0.534375 0.26796875 0.2375 0.5359375
0 0.703125 0.24453125 0.275 0.4890625
7 0.8140625 0.825 0.02578125 0.04140625
14 0.803125 0.8703125 0.1 0.18046875
14 0.68203125 0.79609375 0.04375 0.15703125
13 0.8234375 0.7921875 0.03671875 0.0265625
13 0.6828125 0.734375 0.01953125 0.01953125
11 0.8328125 0.83359375 0.01875 0.03203125
11 0.684375 0.84921875 0.01640625 0.015625
11 0.684375 0.775 0.01015625 0.01953125
8 0.68125 0.7625 0.0140625 0.0265625