1 0.42109375 0.4078125 0.0765625 0.14375
8 0.98046875 0.140625 0.0390625 0.115625
13 0.66328125 0.1640625 0.10546875 0.06484375
8 0.6765625 0.221875 0.05546875 0.1078125
11 0.87734375 0.425 0.053125 0.09140625
11 0.796875 0.4265625 0.06015625 0.07421875
14 0.9359375 0.2453125 0.128125 0.46875
14 0.67890625 0.3 0.2859375 0.359375
13 0.96328125 0.05390625 0.0734375 0.0984375
14 0.21640625 0.60078125 0.2828125 0.2421875
10 0.21953125 0.5234375 0.0953125 0.0875
10 0.340625 0.53203125 0.06875 0.1046875
11 0.0171875 0.7296875 0.034375 0.09375
1 0.81328125 0.73984375 0.3734375 0.5203125