16 0.1671875 0.04453125 0.140625 0.0890625
6 0.15703125 0.43359375 0.0515625 0.0703125
6 0.20625 0.42890625 0.05 0.0796875
14 0.1640625 0.23984375 0.325 0.4796875
14 0.66875 0.2640625 0.4625 0.45
12 0.67421875 0.09296875 0.1875 0.0890625
11 0.50703125 0.47109375 0.0796875 0.0359375
11 0.81640625 0.47578125 0.0734375 0.0265625
7 0.6734375 0.16875 0.12734375 0.08671875
8 0.28984375 0.54375 0.1234375 0.109375
14 0.0484375 0.74453125 0.096875 0.5109375
14 0.25078125 0.74453125 0.3171875 0.5109375
0 0.8187925500000001 1 0.8446957828125001 0.8582725984374999 0.8415713484375 0.7005515609375 0.81969995625 0.6474573171875 0.7042968390625 0.6562500015625 0.5884882984375001 0.85983416875 0.57702350625 1 0.8187925500000001 1
0 0.409375 1 0.5489161390625 1 0.5697414593750001 0.8114247578124999 0.5806770953125 0.52096814375 0.4660155890625 0.5429687515625 0.409375 0.6016298453125 0.409375 1