1 0.53046875 0.02734375 0.0984375 0.0546875
14 0.48359375 0.284375 0.1921875 0.56875
12 0.73359375 0.05078125 0.07265625 0.06640625
12 0.85234375 0.0640625 0.01875 0.01953125
8 0.734375 0.10546875 0.046875 0.06171875
16 0.85390625 0.10546875 0.0203125 0.0390625
14 0.85390625 0.11328125 0.04453125 0.13125
16 0.71015625 0.2109375 0.075 0.2109375
14 0.73203125 0.29296875 0.1234375 0.5515625
12 0.88359375 0.4859375 0.05859375 0.046875
12 0.97734375 0.55546875 0.0328125 0.0265625
16 0.93828125 0.55234375 0.0765625 0.0328125
14 0.91953125 0.5171875 0.1328125 0.103125
6 0.7515625 0.50703125 0.09375 0.1234375
1 0.1421875 0.690625 0.21484375 0.12421875
4 0.33515625 0.66796875 0.12421875 0.0625
1 0.915625 0.96953125 0.16875 0.0609375