1 0.24375 0.08359375 0.09375 0.1671875
9 0.315625 0.11015625 0.0546875 0.10390625
14 0.1984375 0.3046875 0.396875 0.609375
14 0.5453125 0.4265625 0.246875 0.365625
14 0.253125 0.8046875 0.4 0.390625
16 0.2625 0.66328125 0.26875 0.1078125
10 0.40078125 0.7296875 0.06640625 0.059375
10 0.1046875 0.72734375 0.05 0.0640625
6 0.334375 0.94375 0.096875 0.1125
6 0.171875 0.94609375 0.109375 0.1078125
14 0.834375 0.8046875 0.33125 0.390625
16 0.81015625 0.64921875 0.2828125 0.0796875
15 0.94921875 0.98203125 0.1015625 0.0359375
15 0.75390625 0.98046875 0.1484375 0.0390625
11 0.684375 0.71640625 0.03125 0.0765625
11 0.9609375 0.70625 0.0765625 0.08203125