16 0.24609375 0.1421875 0.1234375 0.24375
14 0.23515625 0.21953125 0.2828125 0.4390625
16 0.6546875 0.246875 0.31953125 0.284375
10 0.571875 0.428125 0.1 0.021875
12 0.71796875 0.01875 0.2171875 0.0375
14 0.671875 0.21953125 0.4 0.4390625
7 0.77265625 0.06171875 0.10546875 0.075
14 0.315625 0.78359375 0.246875 0.4328125
16 0.346875 0.7828125 0.184375 0.19375
10 0.259375 0.9140625 0.078125 0.05
9 0.36875 0.63203125 0.1140625 0.03125
7 0.36328125 0.64453125 0.10546875 0.059375
12 0.35625 0.59765625 0.1359375 0.0609375
10 0.8921875 0.59453125 0.05 0.0640625
6 0.97890625 0.80859375 0.0421875 0.1328125
14 0.92421875 0.6609375 0.1515625 0.44375