1 0.19921875 0.21484375 0.2890625 0.4296875
1 0.45859375 0.16171875 0.2015625 0.3234375
5 0.7796875 0.165625 0.440625 0.33125
5 0.89140625 0.265625 0.2171875 0.209375
16 0.26640625 0.5578125 0.3078125 0.25625
10 0.37265625 0.69453125 0.046875 0.0546875
10 0.05234375 0.6875 0.071875 0.065625
6 0.16875 0.9390625 0.128125 0.121875
6 0.27734375 0.91015625 0.09453125 0.1296875
12 0.23203125 0.71484375 0.4578125 0.5703125
16 0.959375 0.60390625 0.08125 0.2734375
14 0.93046875 0.71484375 0.1390625 0.5703125