16 0.19765625 0.08203125 0.1859375 0.1640625
6 0.19921875 0.45625 0.0546875 0.10625
6 0.2515625 0.46171875 0.06875 0.0953125
14 0.21171875 0.2546875 0.3078125 0.509375
2 1 0.119921875 0.98984375 0.125 0.96484375 0.1546875 0.95234375 0.15625 0.94375 0.15234375 0.92578125 0.125 0.90703125 0.125 0.890625 0.13671875 0.9015625 0.14765625 0.9234375 0.21328125 0.9140625 0.25546875 0.8859375 0.31796875 0.8796875 0.35390625 0.86953125 0.36875 0.86484375 0.3625 0.8625 0.37109375 0.853125 0.37421875 0.85625 0.40234375 0.871875 0.42734375 0.86875 0.43359375 0.88828125 0.4390625 0.909375 0.43203125 0.89140625 0.425 0.9566765625 0.24758593750000002 1 0.33651405 1 0.24991319375 0.9921875 0.22734375 0.99375 0.20078125 1 0.19203125000000001 1 0.119921875
16 0.69375 0.7734375 0.19453125 0.175
10 0.79921875 0.8703125 0.05 0.046875
10 0.5890625 0.87734375 0.01875 0.0515625
6 0.65 0.9875 0.075 0.025
12 0.68125 0.6234375 0.09453125 0.0375
14 0.71015625 0.80078125 0.2609375 0.3984375