16 0.20078125 0.1015625 0.1640625 0.203125
6 0.19453125 0.546875 0.0578125 0.025
6 0.25390625 0.546875 0.0578125 0.025
14 0.225 0.2796875 0.45 0.559375
14 0.734375 0.2796875 0.35625 0.559375
16 0.72109375 0.165625 0.25 0.225
10 0.6015625 0.29765625 0.06640625 0.0546875
10 0.8328125 0.31484375 0.09453125 0.0703125
6 0.81484375 0.50234375 0.1109375 0.1140625
6 0.68671875 0.4828125 0.13046875 0.11875
7 0.6828125 0.01875 0.11875 0.0375
14 0.32890625 0.7796875 0.2421875 0.440625
16 0.34375 0.7828125 0.2125 0.275
10 0.38125 0.9640625 0.109375 0.071875
7 0.334375 0.5984375 0.13359375 0.0765625
9 0.321875 0.5765625 0.125 0.034375
1 0.53203125 0.73828125 0.1640625 0.3578125
1 0.74609375 0.70625 0.2828125 0.29375