16 0.09296875 0.3328125 0.1359375 0.228125
12 0.06640625 0.1078125 0.0890625 0.06875
14 0.11171875 0.2875 0.2234375 0.484375
14 0.72890625 0.096875 0.0671875 0.19375
14 0.61796875 0.21953125 0.1453125 0.4390625
10 0.6765625 0.33984375 0.03359375 0.06640625
10 0.575 0.3484375 0.02421875 0.08359375
13 0.60234375 0.0203125 0.0484375 0.040625
11 0.7234375 0.0546875 0.0140625 0.0140625
15 0.7515625 0.14140625 0.02265625 0.04296875
15 0.734375 0.16171875 0.0203125 0.05390625
0 0 1 0.0810094515625 1 0.0916498953125 0.9347463640625 0.1135212890625 0.8160651937499999 0.0371093390625 0.7906250015625 0 0.9019209765625 0 1
0 0.21229959687500002 1 0.2369383203125 0.7223695125 0.121332490625 0.5755795890625001 0.0507812140625 0.6011718765625 0.0619673 0.8769673499999999 0.07075899687500001 1 0.21229959687500002 1
0 0.3796875 1 0.3796875 0.5296875 0.2632126734375 0.5296875 0.261934146875 0.6895759890625 0.35498779062499997 1 0.3796875 1
0 0.20427382187499998 0.5296875 0.16663749375 0.6895759890625 0.21008265937499998 1 0.323750003125 1 0.3119257984375 0.8535434296875 0.30567693125 0.6989455921875 0.223044734375 0.5296875 0.20427382187499998 0.5296875
2 0.52890625 0.946875 0.2265625 0.10625