14 0.63359375 0.15 0.2890625 0.3
11 0.54140625 0.02421875 0.1046875 0.0484375
16 0.60859375 0.15 0.2390625 0.3
4 0.4890625 0.41329372031249995 0.3582638640625 0.3972916671875 0.359781046875 0.48153330624999996 0.4890625 0.506070109375 0.4890625 0.41329372031249995
3 0.3364516046875 0.49319314687500004 0.364224771875 0.49485881406250004 0.3631138625 0.3932517671875 0.334652753125 0.38687499999999997 0.3364516046875 0.49319314687500004
8 0.4890625 0.5272070328125 0.4873046859375 0.5224609359375 0.4482421859375 0.5253906265625 0.4404296859375 0.5136718734375 0.4345703140625 0.5224609359375 0.4335937515625 0.50927734375 0.443359375 0.50634765625 0.4169921859375 0.4990234359375 0.4189453140625 0.4873046859375 0.3798828140625 0.4785156265625 0.3681640625 0.4902343734375 0.3583984375 0.4755859359375 0.357421875 0.56494140625 0.375 0.61181640625 0.373046875 0.6557617203125 0.4091796859375 0.70703125 0.455078125 0.70849609375 0.4890625 0.68854874375 0.4890625 0.5272070328125
12 0.73046875 0.41171875 0.2140625 0.2234375
8 0.5046875 0.47578125 0.03125 0.2046875
8 0.71015625 0.5859375 0.09921875 0.1640625
14 0.7953125 0.65859375 0.409375 0.6828125
11 0.8734375 0.81953125 0.1046875 0.12109375
16 0.77265625 0.825 0.3703125 0.35
4 0.50234375 0.425 0.0265625 0.071875
4 0.7015625 0.5421875 0.09921875 0.05