6 0.81953125 0.06953125 0.05625 0.0734375
6 0.8734375 0.0640625 0.059375 0.0625
14 0.83125 0.0578125 0.20625 0.115625
16 0.29375 0.65234375 0.24140625 0.2140625
10 0.4125 0.78046875 0.034375 0.0546875
10 0.18984375 0.7890625 0.06640625 0.053125
6 0.3953125 0.95078125 0.06875 0.0984375
6 0.2671875 0.9484375 0.078125 0.103125
9 0.27734375 0.49921875 0.103125 0.0390625
7 0.27734375 0.51484375 0.1109375 0.0625
12 0.2703125 0.48359375 0.146875 0.0296875
14 0.2765625 0.734375 0.30625 0.53125
14 0.78671875 0.734375 0.4265625 0.53125
11 0.96875 0.828125 0.0625 0.115625
11 0.6953125 0.76015625 0.13203125 0.0734375