5 0.36171875 0.23046875 0.2828125 0.3765625
14 0.85546875 0.209375 0.2390625 0.41875
16 0.8421875 0.16328125 0.228125 0.3265625
14 0.696875 0.209375 0.184375 0.41875
11 0.803125 0.17734375 0.05 0.09140625
11 0.7765625 0.31328125 0.09140625 0.12890625
11 0.95859375 0.36484375 0.0828125 0.1078125
12 0.0578125 0.52265625 0.08671875 0.053125
12 0.41171875 0.52734375 0.06171875 0.053125
12 0.20234375 0.5515625 0.06171875 0.053125
12 0.2890625 0.55390625 0.06171875 0.053125
8 0.4140625 0.5734375 0.0546875 0.0625
8 0.05390625 0.575 0.075 0.09140625
8 0.28515625 0.59921875 0.0453125 0.05546875
8 0.196875 0.60234375 0.0453125 0.0796875
16 0.434375 0.71953125 0.11328125 0.2203125
16 0.29921875 0.7328125 0.11328125 0.2203125
16 0.1796875 0.74609375 0.11328125 0.2203125
16 0.5859375 0.7578125 0.028125 0.2625
16 0.0515625 0.77421875 0.103125 0.2765625
14 0.44453125 0.74765625 0.1546875 0.5046875
14 0.3078125 0.75546875 0.128125 0.4890625
14 0.18359375 0.7609375 0.1046875 0.478125
10 0.4953125 0.85703125 0.03203125 0.078125
14 0.05078125 0.746875 0.1015625 0.50625
10 0.365625 0.86796875 0.03515625 0.0640625
14 0.56953125 0.75 0.0609375 0.5
10 0.559375 0.90078125 0.03671875 0.084375
10 0.11015625 0.9390625 0.0515625 0.08203125
2 0.73125 0.709375 0.2625 0.58125