16 0.09765625 0.2515625 0.1640625 0.31875
12 0.09765625 0.44765625 0.1078125 0.1109375
14 0.121875 0.284375 0.24375 0.56875
16 0.81328125 0.2484375 0.3109375 0.28125
10 0.6328125 0.4453125 0.1109375 0.08125
9 0.84921875 0.03125 0.1390625 0.0421875
7 0.83828125 0.05625 0.146875 0.0890625
12 0.82421875 0.01015625 0.2109375 0.0203125
14 0.77421875 0.284375 0.4515625 0.56875
16 0.39453125 0.709375 0.1484375 0.246875
10 0.27265625 0.86328125 0.06953125 0.0671875
14 0.346875 0.784375 0.24375 0.43125
16 0.7765625 0.83125 0.26640625 0.25
10 0.61953125 0.98046875 0.0890625 0.0390625
10 0.990625 0.95859375 0.01875 0.0765625
12 0.7796875 0.60390625 0.178125 0.0703125
9 0.8109375 0.64765625 0.128125 0.0390625
7 0.80234375 0.66484375 0.11953125 0.0671875
14 0.78046875 0.784375 0.4390625 0.43125