1 0.1265625 0.21171875 0.0484375 0.09765625
9 0.18671875 0.19453125 0.0796875 0.075
12 0.175 0.1 0.13828125 0.1609375
14 0.45390625 0.2296875 0.3109375 0.459375
14 0.17890625 0.234375 0.2484375 0.45
8 0.85625 0.09453125 0.1390625 0.165625
10 0.77890625 0.2421875 0.178125 0.22109375
10 0.95078125 0.3015625 0.0984375 0.15
14 0.8046875 0.2296875 0.390625 0.459375
13 0.8609375 0.01875 0.25 0.0375
4 0.85234375 0.0671875 0.1328125 0.0671875
10 0.1328125 0.684375 0.0671875 0.0671875
10 0.34453125 0.6890625 0.10078125 0.0671875
14 0.24765625 0.7296875 0.3546875 0.540625
6 0.115625 0.97578125 0.103125 0.0484375
14 0.7359375 0.68515625 0.21875 0.4515625
11 0.62421875 0.55703125 0.0296875 0.0359375
14 0.96015625 0.7296875 0.0796875 0.540625
10 0.96640625 0.590625 0.0671875 0.075
15 0.9515625 0.9609375 0.096875 0.075
15 0.75234375 0.8703125 0.1296875 0.0765625
15 0.696875 0.83671875 0.12734375 0.0625
15 0.9546875 0.84765625 0.07421875 0.0625