12 0.03125 0.153125 0.0625 0.109375
12 0.228125 0.29609375 0.0984375 0.0875
1 0.009375 0.33984375 0.01875 0.0578125
1 0.04375 0.34296875 0.028125 0.0515625
14 0.06171875 0.23359375 0.1234375 0.2703125
14 0.70859375 0.184375 0.4703125 0.36875
14 0.5078125 0.184375 0.15625 0.36875
9 0.3828125 0.38671875 0.09375 0.0359375
8 0.40390625 0.4921875 0.0515625 0.134375
8 0.13125 0.49453125 0.15625 0.12265625
13 0.11796875 0.39140625 0.2046875 0.0453125
14 0.15234375 0.684375 0.3046875 0.63125
14 0.35625 0.684375 0.146875 0.63125
4 0.12890625 0.4578125 0.1578125 0.0546875
4 0.403125 0.45625 0.053125 0.065625
2 0.63135 0.5675921875000001 0.6209765625 0.5681671875000001 0.60703125 0.6140625 0.59375 0.57734375 0.5828125 0.58203125 0.5984375 0.63984375 0.5892796875 0.6788203125 0.5644984375 0.7341468750000001 0.5708375 0.7566234375 0.60390625 0.69375 0.6255875 0.6938046874999999 0.6786078124999999 0.7612328125 0.679184375 0.7341468750000001 0.6399953125 0.681125 0.625 0.65390625 0.6171875 0.64140625 0.63135 0.5675921875000001