6 0.2390625 0.32890625 0.0625 0.1015625
6 0.3546875 0.3265625 0.065625 0.096875
14 0.225 0.20625 0.45 0.4125
1 0.55703125 0.0265625 0.0546875 0.053125
1 0.61015625 0.0265625 0.0515625 0.053125
14 0.61953125 0.21484375 0.3390625 0.4296875
9 0.18515625 0.46796875 0.3703125 0.0765625
8 0.2125 0.50625 0.28125 0.153125
14 0.225 0.71484375 0.45 0.5703125
16 0.89375 0.475 0.2125 0.090625
10 0.81015625 0.553125 0.071875 0.065625
6 0.86875 0.7609375 0.2 0.121875
6 0.97578125 0.72734375 0.0484375 0.1078125
14 0.86953125 0.6328125 0.2609375 0.40625