1 0.0640625 0.45234375 0.128125 0.2734375
1 0.2640625 0.44140625 0.190625 0.2953125
14 0.425 0.18203125 0.07421875 0.2109375
14 0.6375 0.221875 0.06640625 0.24296875
13 0.42109375 0.08125 0.021875 0.02109375
13 0.6390625 0.1125 0.0265625 0.025
11 0.6390625 0.2109375 0.01875 0.02109375
11 0.6234375 0.2015625 0.01640625 0.021875
8 0.4203125 0.10859375 0.01953125 0.03359375
15 0.6171875 0.2984375 0.0265625 0.05
12 0.184375 0.79453125 0.36875 0.4109375
2 0.55546875 0.95859375 0.0765625 0.0828125
2 0.68671875 0.96328125 0.0828125 0.0734375
2 0.84140625 0.97421875 0.0765625 0.0515625