14 0.0765625 0.23984375 0.153125 0.4796875
10 0.59296875 0.040625 0.046875 0.0375
10 0.78046875 0.04140625 0.0390625 0.0359375
6 0.625 0.1421875 0.05 0.06875
6 0.71640625 0.1640625 0.06640625 0.078125
16 0.26484375 0.85703125 0.2421875 0.2859375
7 0.31875 0.66171875 0.14140625 0.0890625
9 0.33671875 0.63984375 0.1 0.0421875
12 0.26640625 0.590625 0.2859375 0.08125
14 0.2140625 0.775 0.390625 0.45
16 0.54765625 0.659375 0.2765625 0.21875
10 0.71171875 0.77109375 0.0609375 0.0796875
6 0.4515625 0.96796875 0.084375 0.0640625
14 0.59453125 0.775 0.3703125 0.45