9 0.44140625 0.41484375 0.2171875 0.1890625
12 0.42734375 0.2046875 0.2453125 0.409375
14 0.34375 0.2546875 0.4125 0.509375
7 0.6171875 0.28046875 0.03671875 0.0765625
14 0.87265625 0.28515625 0.1390625 0.4484375
14 0.634375 0.3375 0.16875 0.34375
13 0.8453125 0.09453125 0.059375 0.04609375
13 0.596875 0.2015625 0.0640625 0.046875
11 0.8421875 0.49140625 0.03125 0.0359375
14 0.69453125 0.753125 0.1421875 0.4875
11 0.6375 0.53984375 0.03125 0.053125
11 0.65078125 0.52109375 0.0328125 0.0234375
15 0.70078125 0.94296875 0.0609375 0.0734375