1 0.43359375 0.21953125 0.1515625 0.4390625
1 0.1765625 0.21953125 0.353125 0.4390625
14 0.5875 0.21953125 0.15625 0.4390625
14 0.5875 0.21953125 0.15625 0.4390625
12 0.4625 0.5046875 0.09375 0.13125
9 0.4765625 0.58203125 0.065625 0.0765625
14 0.39765625 0.71953125 0.2234375 0.5609375
16 0.43515625 0.859375 0.1484375 0.28125
12 0.4625 0.5046875 0.09375 0.13125
9 0.4765625 0.58203125 0.065625 0.0765625
14 0.39765625 0.71953125 0.2234375 0.5609375
16 0.43515625 0.859375 0.1484375 0.28125
1 0.46875 0.7578125 0.08125 0.1375
0 0.64609375 0.71953125 0.2734375 0.5609375