5 0.221875 0.48359375 0.19375 0.2515625
14 0.71484375 0.32265625 0.3640625 0.5734375
11 0.871875 0.41875 0.08203125 0.09140625
11 0.57265625 0.4125 0.06953125 0.11015625
3 0.66171875 0.10078125 0.02578125 0.040625
8 0.61640625 0.1375 0.065625 0.04296875
4 0.609375 0.09921875 0.0578125 0.04140625
14 0.13046875 0.7953125 0.1140625 0.371875
10 0.0796875 0.77265625 0.03046875 0.071875
15 0.10546875 0.946875 0.05234375 0.05390625
10 0.98828125 0.8546875 0.0234375 0.078125
14 0.92265625 0.8046875 0.1546875 0.390625