15 0.4078125 0.259375 0.0796875 0.028125
15 0.53046875 0.28203125 0.05625 0.0453125
15 0.60078125 0.2765625 0.0484375 0.0390625
15 0.790625 0.06796875 0.0359375 0.021875
15 0.83046875 0.07265625 0.0359375 0.0234375
14 0.7015625 0.171875 0.1625 0.34375
14 0.5484375 0.1609375 0.178125 0.321875
14 0.40625 0.146875 0.1125 0.29375
14 0.81328125 0.046875 0.0859375 0.09375
14 0.27109375 0.45625 0.1015625 0.2125
10 0.3078125 0.40625 0.02265625 0.0609375
10 0.25703125 0.440625 0.0375 0.0734375
16 0.646875 0.65859375 0.1703125 0.3359375
12 0.65078125 0.38046875 0.0984375 0.0609375