5 0.29453125 0.41796875 0.5890625 0.3015625
14 0.934375 0.284375 0.13125 0.56875
14 0.715625 0.284375 0.253125 0.56875
16 0.696875 0.35703125 0.215625 0.4234375
16 0.934375 0.4140625 0.13125 0.309375
10 0.6171875 0.5046875 0.05625 0.1125
10 0.7015625 0.53828125 0.140625 0.0609375
12 0.67890625 0.040625 0.1796875 0.08125
12 0.97421875 0.05625 0.0515625 0.1125
8 0.63515625 0.13515625 0.0921875 0.1328125
8 0.984375 0.18984375 0.03125 0.1578125
9 0.62734375 0.1015625 0.0765625 0.05625
9 0.98203125 0.15 0.0359375 0.05625
12 0.35625 0.70546875 0.0390625 0.04140625
12 0.30390625 0.7765625 0.03125 0.03671875
12 0.4921875 0.715625 0.040625 0.05
12 0.3828125 0.76953125 0.0234375 0.021875
12 0.4640625 0.73359375 0.0203125 0.0296875
12 0.559375 0.809375 0.02421875 0.028125
14 0.3578125 0.8421875 0.090625 0.315625
14 0.4953125 0.84765625 0.0875 0.3046875
14 0.5546875 0.89765625 0.046875 0.2046875
14 0.2953125 0.8796875 0.0625 0.240625
14 0.42421875 0.90078125 0.0359375 0.1984375
16 0.2875 0.903125 0.065625 0.15390625
16 0.34921875 0.8609375 0.09453125 0.18515625
16 0.4921875 0.8734375 0.0953125 0.2015625
16 0.578125 0.89453125 0.021875 0.1453125