12 0.18046875 0.1234375 0.0921875 0.09375
16 0.1640625 0.2859375 0.15625 0.128125
14 0.18828125 0.20546875 0.2890625 0.2890625
16 0.55078125 0.071875 0.1421875 0.14375
14 0.6 0.175 0.240625 0.35
5 0.14140625 0.78125 0.2828125 0.4375
5 0.23984375 0.75703125 0.4796875 0.4859375
14 0.76796875 0.41015625 0.0671875 0.1203125
14 0.65703125 0.5328125 0.1453125 0.365625
10 0.715625 0.61640625 0.03359375 0.06640625
10 0.6140625 0.625 0.02421875 0.08359375
15 0.790625 0.41796875 0.02265625 0.04296875
15 0.7734375 0.43828125 0.0203125 0.05390625