1 0.14921875 0.18984375 0.2984375 0.3796875
14 0.8953125 0.18984375 0.209375 0.3796875
14 0.62890625 0.18984375 0.2578125 0.3796875
11 0.6125 0.20390625 0.05234375 0.084375
11 0.67890625 0.20625 0.06015625 0.0890625
11 0.77265625 0.35234375 0.0359375 0.0546875
13 0.2734375 0.821875 0.253125 0.125
8 0.30546875 0.9390625 0.1890625 0.121875
14 0.2 0.8734375 0.4 0.253125
3 0.14453125 0.96171875 0.0828125 0.0765625
4 0.3109375 0.92890625 0.178125 0.0953125
1 0.809375 0.55234375 0.38125 0.3453125
4 0.75546875 0.46015625 0.2890625 0.096875