5 0.26875 0.2984375 0.178125 0.321875
1 0.2671875 0.54609375 0.365625 0.1734375
12 0.95390625 0.7609375 0.0265625 0.03203125
12 0.98515625 0.76328125 0.02734375 0.02734375
12 0.9109375 0.77421875 0.0328125 0.0390625
12 0.8671875 0.784375 0.03203125 0.0390625
8 0.9578125 0.784375 0.01953125 0.0296875
12 0.825 0.78515625 0.0359375 0.046875
12 0.775 0.7890625 0.05546875 0.05390625
8 0.91875 0.79921875 0.01953125 0.04375
8 0.8703125 0.8046875 0.021875 0.046875
12 0.68828125 0.8125 0.0578125 0.06640625
8 0.83515625 0.8125 0.02109375 0.046875
8 0.79140625 0.81484375 0.0265625 0.046875
12 0.61015625 0.83203125 0.0421875 0.0828125
16 0.98515625 0.8359375 0.02734375 0.0734375
14 0.98203125 0.83828125 0.0359375 0.1890625
11 0.6296875 0.84453125 0.03203125 0.05625
16 0.953125 0.84765625 0.0234375 0.0734375
14 0.95859375 0.84921875 0.03984375 0.203125
11 0.59296875 0.8609375 0.0078125 0.05625
14 0.87109375 0.8734375 0.0375 0.2328125
14 0.91484375 0.87734375 0.0453125 0.2453125
16 0.91171875 0.884375 0.0453125 0.1375
16 0.86328125 0.89296875 0.0265625 0.11484375
16 0.8265625 0.89453125 0.0328125 0.12734375
14 0.7796875 0.8796875 0.06875 0.240625
11 0.97890625 0.91171875 0.0234375 0.0390625
16 0.77265625 0.9296875 0.0546875 0.140625
14 0.83203125 0.884375 0.0359375 0.23125
11 0.93125 0.9375 0.01640625 0.03671875
16 0.7 0.93828125 0.078125 0.1234375
16 0.61953125 0.946875 0.0609375 0.10625
14 0.63359375 0.903125 0.0890625 0.19375
11 0.8453125 0.975 0.01796875 0.034375
11 0.8109375 0.98671875 0.03125 0.0265625
14 0.7078125 0.9015625 0.1125 0.196875