1 0.06953125 0.315625 0.0421875 0.071875
12 0.07890625 0.2359375 0.13046875 0.10859375
14 0.115625 0.35234375 0.23125 0.2734375
2 0.584375 0.371875 0.05 0.234375
2 0.15 0.81640625 0.190625 0.3671875
14 0.903125 0.74453125 0.19375 0.5109375
11 0.7609375 0.846875 0.06484375 0.08984375
14 0.803125 0.77734375 0.125 0.4453125
14 0.8953125 0.74453125 0.209375 0.5109375
13 0.96015625 0.5484375 0.0796875 0.11875
13 0.821875 0.5796875 0.0578125 0.05703125
13 0.66953125 0.61796875 0.0828125 0.06015625
8 0.83671875 0.6234375 0.0421875 0.06328125
7 0.67578125 0.68671875 0.075 0.103125