2 0.39765625 0.33359375 0.0953125 0.3109375
2 0.69765625 0.25703125 0.24140625 0.3734375
10 0.315625 0.80859375 0.03515625 0.07890625
14 0.25703125 0.74921875 0.1828125 0.5015625
13 0.24609375 0.54140625 0.0609375 0.05390625
7 0.88203125 0.5046875 0.0296875 0.03125
14 0.80546875 0.590625 0.0609375 0.203125
14 0.8890625 0.58984375 0.08125 0.2015625
14 0.93046875 0.7765625 0.1390625 0.446875
13 0.9640625 0.58828125 0.071875 0.0734375
11 0.909375 0.59296875 0.01328125 0.0265625
11 0.8109375 0.51875 0.01328125 0.025
8 0.80703125 0.49609375 0.0140625 0.0140625