1 0.359375 0.25625 0.640625 0.4125
14 0.721875 0.10078125 0.084375 0.2015625
13 0.9859375 0.05546875 0.028125 0.0703125
14 0.9578125 0.234375 0.084375 0.46875
10 0.96328125 0.4296875 0.0328125 0.078125
15 0.7 0.16328125 0.03984375 0.078125
14 0.0640625 0.5125 0.1 0.0875
14 0.14296875 0.53359375 0.0703125 0.1296875
14 0.25078125 0.7296875 0.1359375 0.521875
15 0.0953125 0.55234375 0.03203125 0.04453125
15 0.06875 0.5671875 0.02578125 0.04296875
0 0.6796875 1 0.79566629375 1 0.767352434375 0.519747375 0.6796875 0.469866503125 0.6796875 1