1 0.0515625 0.1203125 0.0875 0.240625
1 0.3859375 0.115625 0.090625 0.23125
13 0.58046875 0.06484375 0.0828125 0.0796875
13 0.48671875 0.06796875 0.0734375 0.0890625
8 0.9875 0.11484375 0.025 0.1640625
7 0.57890625 0.1515625 0.06015625 0.1109375
7 0.503125 0.15390625 0.0578125 0.10703125
11 0.60390625 0.278125 0.0421875 0.09765625
13 0.35390625 0.9703125 0.1453125 0.059375
7 0.0578125 0.93828125 0.115625 0.1234375
14 0.11328125 0.84296875 0.2265625 0.3140625
13 0.04921875 0.790625 0.0984375 0.15625
14 0.8921875 0.825 0.215625 0.35
14 0.59453125 0.825 0.2546875 0.35
14 0.92890625 0.825 0.1421875 0.35
13 0.96875 0.67265625 0.0625 0.0453125
8 0.55078125 0.70234375 0.0578125 0.1046875
7 0.95703125 0.759375 0.0859375 0.14375
9 0.96328125 0.72890625 0.0734375 0.0640625
11 0.5953125 0.96640625 0.0625 0.0671875