16 0.3359375 0.07421875 0.18125 0.1484375
6 0.33515625 0.45625 0.0546875 0.103125
6 0.39140625 0.46796875 0.0578125 0.1015625
14 0.33515625 0.259375 0.2859375 0.51875
16 0.94453125 0.03046875 0.1109375 0.0609375
10 0.97109375 0.08515625 0.05 0.0421875
6 0.89296875 0.184375 0.121875 0.06875
6 0.96953125 0.196875 0.0609375 0.0625
14 0.91328125 0.11640625 0.1734375 0.2328125
14 0.46328125 0.77578125 0.3921875 0.4484375
8 0.47421875 0.6609375 0.096875 0.05078125
3 0.53203125 0.628125 0.0328125 0.0515625
4 0.46015625 0.61640625 0.09765625 0.04296875
16 0.859375 0.71328125 0.2109375 0.1828125
10 0.75078125 0.80859375 0.04453125 0.0484375
10 0.9875 0.821875 0.025 0.05
6 0.89140625 0.96796875 0.0828125 0.0640625
6 0.8171875 0.94921875 0.06640625 0.0796875
12 0.87890625 0.55546875 0.128125 0.059375
14 0.86015625 0.76171875 0.2796875 0.4765625