9 0.29921875 0.05625 0.2546875 0.1125
1 0.46875 0.1515625 0.1125 0.303125
1 0.1734375 0.1359375 0.053125 0.271875
10 0.853125 0.053125 0.11875 0.10625
10 0.05 0.59375 0.1 0.24375
14 0.80703125 0.75078125 0.1609375 0.4984375
14 0.67265625 0.75234375 0.1140625 0.4953125
14 0.5859375 0.75078125 0.071875 0.4984375
12 0.67578125 0.54453125 0.084375 0.07890625
12 0.5890625 0.5453125 0.078125 0.084375
12 0.77265625 0.546875 0.0890625 0.084375
8 0.6765625 0.60078125 0.05234375 0.075
8 0.5875 0.6125 0.059375 0.071875
16 0.80078125 0.76875 0.13984375 0.271875
16 0.66328125 0.7859375 0.13671875 0.271875
16 0.584375 0.790625 0.06875 0.309375
11 0.8765625 0.909375 0.05625 0.0890625
9 0.5875 0.59921875 0.0609375 0.034375
9 0.67578125 0.5859375 0.06171875 0.0375
9 0.77109375 0.58984375 0.05625 0.034375
8 0.771875 0.59921875 0.04375 0.065625