12 0.325 0.2296875 0.4 0.459375
1 0.025 0.246875 0.05 0.3125
10 0.371875 0.39296875 0.396875 0.2328125
13 0.79921875 0.02109375 0.4015625 0.0421875
8 0.83359375 0.20234375 0.32890625 0.3171875
14 0.78984375 0.2546875 0.4203125 0.509375
4 0.8203125 0.10234375 0.334375 0.1171875
3 0.65078125 0.1859375 0.1 0.134375
14 0.29375 0.7546875 0.2375 0.490625
14 0.4796875 0.83828125 0.2 0.3234375
13 0.33671875 0.52890625 0.0828125 0.0390625
13 0.0296875 0.5875 0.059375 0.128125
7 0.33828125 0.64453125 0.0796875 0.1921875
7 0.0234375 0.73515625 0.046875 0.1671875
13 0.471875 0.7453125 0.09765625 0.08828125
14 0.06484375 0.76640625 0.1296875 0.4671875
7 0.478125 0.87109375 0.0796875 0.18203125
9 0.02421875 0.7078125 0.0484375 0.05
5 0.78984375 0.7546875 0.4203125 0.490625