13 0.78828125 0.01796875 0.1328125 0.0359375
14 0.9171875 0.2265625 0.165625 0.146875
8 0.76484375 0.109375 0.11015625 0.17578125
14 0.74921875 0.15 0.2609375 0.3
13 0.921875 0.2484375 0.125 0.103125
9 0.7625 0.07734375 0.1 0.071875
5 0.309375 0.61953125 0.61875 0.6390625
14 0.753125 0.61875 0.26875 0.6375
13 0.97890625 0.63671875 0.0421875 0.1078125
7 0.98359375 0.77109375 0.0328125 0.1765625
14 0.68203125 0.6859375 0.1265625 0.628125
14 0.93359375 0.78125 0.1328125 0.4375
13 0.7046875 0.33203125 0.125 0.0640625
8 0.7015625 0.40625 0.0921875 0.096875
9 0.9875 0.728125 0.025 0.065625