2 0.2640625 0.409375 0.409375 0.440625
16 0.96796875 0.15703125 0.0640625 0.2296875
14 0.946875 0.26328125 0.10625 0.5265625
16 0.625 0.19296875 0.040625 0.096875
12 0.96328125 0.00703125 0.0609375 0.0140625
12 0.4890625 0.04609375 0.01875 0.0921875
14 0.6171875 0.25625 0.05859375 0.27421875
6 0.98828125 0.46640625 0.0234375 0.1046875
12 0.23984375 0.7234375 0.0609375 0.028125
16 0.23125 0.8171875 0.078125 0.109375
6 0.27109375 0.9953125 0.0578125 0.009375
14 0.24921875 0.853125 0.1828125 0.29375
0 1 0.6296875 0.4796875 0.6296875 0.4796875 1 0.8240662000000001 1 0.924378825 0.862735565625 1 0.72679575625 1 0.6296875