1 0.0921875 0.48125 0.184375 0.196875
1 0.290625 0.47421875 0.178125 0.2109375
1 0.11328125 0.32734375 0.15078125 0.2625
8 0.87109375 0.0546875 0.2578125 0.109375
14 0.70546875 0.28984375 0.5890625 0.5796875
14 0.025 0.7515625 0.05 0.34375
11 0.003125 0.6671875 0.00625 0.028125
11 0.00625 0.72109375 0.0125 0.0359375
15 0.03046875 0.84609375 0.03046875 0.05703125
15 0.0078125 0.87265625 0.015625 0.0640625
2 0.6086511953125 0.5796875 0.5984375 0.67890625 0.596875 0.80859375 0.5796875 0.86640625 0.5859375 0.88046875 0.6046875 0.89296875 0.615625 0.96328125 0.6375 0.97734375 0.64375 0.97421875 0.646875 0.96015625 0.646875 0.92421875 0.6453125 0.95078125 0.63203125 0.9609375 0.6140625 0.92109375 0.6125 0.87734375 0.6046875 0.86640625 0.6109375 0.86328125 0.59921875 0.8640625 0.5953125 0.85078125 0.61015625 0.809375 0.64609375 0.828125 0.66015625 0.828125 0.6828125 0.81484375 0.66328125 0.8140625 0.66328125 0.8078125 0.61640625 0.80625 0.6109375 0.80078125 0.615625 0.74765625 0.63046875 0.7078125 0.66328125 0.7078125 0.675 0.71484375 0.6765625 0.76171875 0.6890625 0.78828125 0.690625 0.80703125 0.684375 0.81171875 0.6921875 0.81640625 0.690625 0.87421875 0.6765625 0.90390625 0.6578125 0.91015625 0.6578125 0.93203125 0.66484375 0.940625 0.690625 0.92890625 0.6984375 0.90546875 0.696875 0.87734375 0.7125 0.86640625 0.715625 0.82890625 0.7109375 0.72421875 0.6953125 0.65234375 0.6925180281250001 0.5796875 0.675 0.5796875 0.675 0.67109375 0.66015625 0.6828125 0.64140625 0.6828125 0.6203125 0.67578125 0.6265625 0.58828125 0.6265625 0.5796875 0.6086511953125 0.5796875