1 0.1359375 0.07578125 0.271875 0.1515625
5 0.73984375 0.2046875 0.5203125 0.409375
12 0.2359375 0.6109375 0.115625 0.10078125
12 0.384375 0.66875 0.11875 0.0875
8 0.23046875 0.6953125 0.1 0.140625
8 0.390625 0.7609375 0.1015625 0.12265625
14 0.2078125 0.77890625 0.1625 0.4421875
14 0.3953125 0.8125 0.16875 0.375
16 0.2046875 0.88359375 0.1375 0.2328125
16 0.3921875 0.93125 0.175 0.1375
9 0.25859375 0.66875 0.0546875 0.0640625
9 0.3921875 0.7296875 0.08515625 0.0515625
3 0.346875 0.76328125 0.0265625 0.05078125
3 0.1921875 0.68046875 0.03046875 0.053125
1 0.73125 0.81953125 0.3 0.2953125