8 0.85859375 0.065625 0.1171875 0.13125
8 0.71640625 0.08203125 0.0671875 0.1390625
8 0.50390625 0.146875 0.07421875 0.1921875
10 0.66796875 0.23984375 0.0421875 0.1203125
14 0.85078125 0.15 0.2984375 0.3
10 0.9640625 0.26015625 0.071875 0.0796875
14 0.52890625 0.15 0.2390625 0.3
13 0.48125 0.0296875 0.14375 0.059375
0 0.2046875 0.65 0.409375 0.7
0 0.32890625 0.65 0.1609375 0.7
8 0.75703125 0.4109375 0.06484375 0.103125
14 0.7078125 0.61328125 0.375 0.6265625
11 0.64609375 0.5921875 0.06015625 0.0765625
11 0.84921875 0.71640625 0.04296875 0.084375
13 0.7859375 0.340625 0.09375 0.08125