5 0.365625 0.39296875 0.103125 0.0734375
8 0.9328125 0.18046875 0.0890625 0.15859375
8 0.8546875 0.1828125 0.0765625 0.1390625
8 0.728125 0.28984375 0.06953125 0.084375
10 0.55390625 0.32578125 0.03828125 0.03125
10 0.5265625 0.33203125 0.021875 0.04296875
10 0.63125 0.35703125 0.053125 0.06953125
10 0.57578125 0.35859375 0.04296875 0.0578125
10 0.53515625 0.3703125 0.04296875 0.02890625
10 0.6140625 0.38515625 0.04296875 0.071875
14 0.8703125 0.21484375 0.259375 0.4296875
10 0.8015625 0.3796875 0.134375 0.1
14 0.6578125 0.30625 0.30625 0.246875
13 0.85703125 0.0734375 0.10546875 0.1078125
13 0.9453125 0.053125 0.109375 0.10625
13 0.7546875 0.225 0.12265625 0.08671875
3 0.98984375 0.12421875 0.0203125 0.0703125
3 0.7609375 0.27421875 0.02890625 0.04609375
7 0.36328125 0.56015625 0.07421875 0.084375
10 0.1375 0.64453125 0.19921875 0.18984375
14 0.10859375 0.71484375 0.2171875 0.5703125
14 0.36796875 0.68203125 0.1828125 0.4984375
8 0.42265625 0.84140625 0.0734375 0.0796875
11 0.95704055 1 0.958984375 0.99814453125 0.95703125 0.95712890625 0.9267578125 0.9527343765625 0.9189453125 0.9263671875 0.8974609375 0.9380859375 0.89453125 0.95126953125 0.904296875 0.97763671875 0.90616048125 1 0.95704055 1
10 0.7265625 0.97177734375 0.7314453125 0.98203125 0.748046875 0.98935546875 0.7578125 0.97763671875 0.763671875 0.95419921875 0.7373046875 0.9322265625 0.7236328125 0.9322265625 0.720703125 0.94833984375 0.7265625 0.97177734375
10 0.7646484375 0.93515625 0.759765625 0.94248046875 0.763671875 0.97763671875 0.7724609375 0.9908203125 0.806640625 0.99814453125 0.814453125 0.98349609375 0.814453125 0.96591796875 0.7998046875 0.946875 0.7919921875 0.9410156234375 0.7705078125 0.9439453125 0.7646484375 0.93515625
10 0.6487196187500001 1 0.6298828125 0.9878906234375 0.6162109375 0.9878906234375 0.6106219953125 1 0.6487196187500001 1
10 0.681462296875 1 0.6806640625 0.9908203125 0.6689453125 0.9849609375 0.650390625 0.99814453125 0.650390625 1 0.681462296875 1
9 0.953125 0.69052734375 0.9384765625 0.6919921875 0.9072265625 0.7125 0.908203125 0.72861328125 0.919921875 0.73447265625 0.953125 0.69052734375
9 0.8310546875 0.7447265625 0.83984375 0.73154296875 0.83984375 0.72861328125 0.841796875 0.72568359375 0.841796875 0.71982421875 0.845703125 0.71103515625 0.8388671875 0.7095703125 0.8349609375 0.7154296875 0.8310546875 0.7154296875 0.8291015625 0.7183593765625 0.8232421875 0.7183593765625 0.8212890625 0.7212890625 0.8017578125 0.7212890625 0.7998046875 0.72421875 0.7880859375 0.72421875 0.78515625 0.72861328125 0.78515625 0.73740234375 0.787109375 0.74033203125 0.787109375 0.74326171875 0.7919921875 0.7505859375 0.7939453125 0.7505859375 0.7958984375 0.7535156234375 0.798828125 0.75205078125 0.8056640625 0.7417968765625 0.8076171875 0.7417968765625 0.8134765625 0.74765625 0.8271484375 0.74765625 0.8291015625 0.7447265625 0.8310546875 0.7447265625
9 0.6787109375 0.7681640625 0.6689453125 0.759375 0.6611328125 0.759375 0.6591796875 0.7564453125 0.6552734375 0.7564453125 0.6533203125 0.7535156234375 0.6474609375 0.7535156234375 0.6416015625 0.74765625 0.638671875 0.74912109375 0.638671875 0.75205078125 0.6416015625 0.7564453125 0.6474609375 0.7564453125 0.6494140625 0.759375 0.6533203125 0.759375 0.65625 0.76376953125 0.658203125 0.77255859375 0.6669921875 0.7857421875 0.6708984375 0.7857421875 0.6728515625 0.7828125 0.6748046875 0.7828125 0.6806640625 0.7916015625 0.68359375 0.79013671875 0.6875 0.78427734375 0.6875 0.78134765625 0.689453125 0.77841796875 0.689453125 0.77255859375 0.6865234375 0.7681640625 0.6787109375 0.7681640625
9 0.5205078125 0.6861328125 0.521484375 0.68173828125 0.5205078125 0.6802734375 0.5126953125 0.6802734375 0.5107421875 0.6832031234375 0.5087890625 0.6832031234375 0.50390625 0.69052734375 0.50390625 0.69345703125 0.5048828125 0.6949218765625 0.505859375 0.69345703125 0.5068359375 0.6919921875 0.5107421875 0.6919921875 0.5126953125 0.6890625 0.5166015625 0.6890625 0.5185546875 0.6861328125 0.5205078125 0.6861328125
9 0.5537109375 0.6890625 0.5517578125 0.6890625 0.5458984375 0.6832031234375 0.5361328125 0.6832031234375 0.5341796875 0.6802734375 0.5302734375 0.6802734375 0.529296875 0.68173828125 0.53125 0.68466796875 0.53125 0.68759765625 0.5341796875 0.6919921875 0.548828125 0.69931640625 0.548828125 0.71103515625 0.55078125 0.71396484375 0.55078125 0.72861328125 0.5537109375 0.7330078125 0.5546875 0.73154296875 0.5546875 0.72861328125 0.55859375 0.72275390625 0.55859375 0.71982421875 0.560546875 0.71689453125 0.560546875 0.69931640625 0.5537109375 0.6890625
13 0.6376953125 0.7505859375 0.6533203125 0.74765625 0.6650390625 0.7330078125 0.6728515625 0.7330078125 0.6884765625 0.7447265625 0.689453125 0.73154296875 0.6787109375 0.7125 0.6572265625 0.70078125 0.6552734375 0.7037109375 0.6416015625 0.7066406234375 0.634765625 0.71689453125 0.623046875 0.75205078125 0.625 0.75791015625 0.625 0.77255859375 0.623046875 0.77548828125 0.62109375 0.81064453125 0.625 0.81064453125 0.6328125 0.78427734375 0.6328125 0.77548828125 0.62890625 0.76669921875 0.62890625 0.75205078125 0.6337890625 0.74765625 0.6376953125 0.7505859375
13 0.8369140625 0.6597656234375 0.8349609375 0.6597656234375 0.8310546875 0.65390625 0.8251953125 0.65390625 0.8232421875 0.6509765625 0.8193359375 0.6509765625 0.8173828125 0.65390625 0.8115234375 0.65390625 0.8095703125 0.6568359375 0.8037109375 0.6597656234375 0.79296875 0.67587890625 0.7939453125 0.6861328125 0.8037109375 0.6832031234375 0.8095703125 0.6890625 0.8134765625 0.6832031234375 0.8173828125 0.6832031234375 0.8193359375 0.6861328125 0.8212890625 0.6832031234375 0.8291015625 0.6919921875 0.8310546875 0.6919921875 0.8388671875 0.7066406234375 0.8486328125 0.7066406234375 0.849609375 0.70517578125 0.849609375 0.69638671875 0.84765625 0.69345703125 0.84765625 0.68173828125 0.845703125 0.67880859375 0.845703125 0.67294921875 0.8369140625 0.6597656234375
13 0.9462890625 0.6246093765625 0.9423828125 0.6275390625 0.9287109375 0.6275390625 0.9169921875 0.6392578125 0.9111328125 0.6392578125 0.896484375 0.66123046875 0.896484375 0.66708984375 0.892578125 0.67587890625 0.892578125 0.68173828125 0.9033203125 0.6919921875 0.9111328125 0.6832031234375 0.9189453125 0.6832031234375 0.9306640625 0.6919921875 0.9541015625 0.6919921875 0.9638671875 0.6832031234375 0.96875 0.68759765625 0.9755859375 0.7066406234375 0.9814453125 0.7125 0.984375 0.71103515625 0.98046875 0.67294921875 0.974609375 0.65537109375 0.970703125 0.64658203125 0.9560546875 0.6275390625 0.9482421875 0.6275390625 0.9462890625 0.6246093765625
3 0.634375 0.7625 0.01171875 0.03125
3 0.52421875 0.70390625 0.0109375 0.04765625
3 0.85078125 0.7234375 0.01171875 0.03203125
3 0.9640625 0.70390625 0.01328125 0.040625
13 0.459375 0.74572265625 0.46875 0.75791015625 0.4951171875 0.7447265625 0.505859375 0.72861328125 0.515625 0.70224609375 0.5146484375 0.6832031234375 0.5419921875 0.6832031234375 0.552734375 0.67001953125 0.546875 0.64658203125 0.5107421875 0.60703125 0.4775390625 0.6041015625 0.4619140625 0.6128906234375 0.459375 0.6174363640625 0.459375 0.74572265625
8 0.845703125 0.76669921875 0.8515625 0.76376953125 0.8515625 0.76083984375 0.84765625 0.75205078125 0.84765625 0.74326171875 0.849609375 0.74033203125 0.849609375 0.73447265625 0.845703125 0.72861328125 0.8447265625 0.72421875 0.8427734375 0.72421875 0.83984375 0.72861328125 0.83984375 0.73154296875 0.8310546875 0.7447265625 0.8291015625 0.7447265625 0.8271484375 0.74765625 0.8154296875 0.74765625 0.8095703125 0.7417968765625 0.8056640625 0.7417968765625 0.796875 0.75498046875 0.802734375 0.77548828125 0.8095703125 0.7857421875 0.8193359375 0.7857421875 0.8212890625 0.7886718765625 0.828125 0.78720703125 0.8330078125 0.7828125 0.8408203125 0.7828125 0.84375 0.77841796875 0.84375 0.77255859375 0.845703125 0.76962890625 0.845703125 0.76669921875
8 0.673828125 0.80185546875 0.677734375 0.79306640625 0.677734375 0.78427734375 0.6728515625 0.7828125 0.6708984375 0.7857421875 0.6689453125 0.7857421875 0.6669921875 0.7828125 0.6650390625 0.7828125 0.658203125 0.77255859375 0.65625 0.76376953125 0.6533203125 0.759375 0.6435546875 0.759375 0.640625 0.76376953125 0.640625 0.77255859375 0.638671875 0.77548828125 0.638671875 0.78134765625 0.640625 0.78427734375 0.640625 0.78720703125 0.638671875 0.79013671875 0.638671875 0.79599609375 0.63671875 0.79892578125 0.63671875 0.81650390625 0.6396484375 0.8208984375 0.6455078125 0.8208984375 0.6513671875 0.8296875 0.65234375 0.82822265625 0.6572265625 0.8238281234375 0.6650390625 0.8238281234375 0.671875 0.81357421875 0.671875 0.81064453125 0.673828125 0.80771484375 0.673828125 0.80185546875
8 0.96875 0.71689453125 0.962890625 0.71103515625 0.962890625 0.70224609375 0.95703125 0.69638671875 0.958984375 0.69345703125 0.9580078125 0.6919921875 0.9404296875 0.6978515625 0.9375 0.70224609375 0.935546875 0.71103515625 0.9208984375 0.7330078125 0.9111328125 0.7330078125 0.908203125 0.74326171875 0.9130859375 0.7535156234375 0.9169921875 0.7535156234375 0.921875 0.76083984375 0.923828125 0.76962890625 0.927734375 0.77548828125 0.9287109375 0.7828125 0.9404296875 0.7857421875 0.9423828125 0.7886718765625 0.943359375 0.78720703125 0.9541015625 0.7857421875 0.9580078125 0.7828125 0.96484375 0.76962890625 0.962890625 0.76376953125 0.966796875 0.75791015625 0.96875 0.71689453125