1 0.14140625 0.2734375 0.2828125 0.090625
13 0.1265625 0.171875 0.253125 0.10625
14 0.21484375 0.26640625 0.4296875 0.3453125
2 0.7212884796875001 0 0.7198859375 0.011221875000000001 0.712784375 0.0850859375 0.73125 0.09786875 0.746875 0.09786875 0.7227265624999999 0.0538359375 0.7355109375 0.012642187499999999 0.7355109375 0 0.7212884796875001 0
12 0.08125 0.64765625 0.02109375 0.01875
12 0.28359375 0.69296875 0.03125 0.028125
16 0.078125 0.6953125 0.02578125 0.0578125
10 0.10234375 0.73515625 0.0203125 0.02890625
14 0.07421875 0.7359375 0.0375 0.2109375
10 0.08203125 0.73828125 0.01953125 0.034375
11 0.27734375 0.746875 0.01171875 0.02890625
16 0.3078125 0.76640625 0.03828125 0.08984375
14 0.321875 0.80234375 0.1078125 0.24609375
6 0.27265625 0.87734375 0.0328125 0.05703125
6 0.36015625 0.89921875 0.04765625 0.06796875
12 1 0.4862457453125 0.9697265625 0.5152655312500001 0.9433593765625 0.56169718125 0.9355468765625 0.600639859375 0.9550781234375 0.66654285 0.94921875 0.7024899359375001 0.95703125 0.7054855250000001 0.9707031234375 0.6875119812499999 0.97265625 0.6605516687499999 1 0.6240247906249999 1 0.4862457453125
4 0.9980468765625 0.6605516687499999 0.9980468765625 0.6545604875000001 0.9931640625 0.6470715125 0.9853515625 0.6470715125 0.9814453125 0.6500671015625 0.97265625 0.66654285 0.97265625 0.6875119812499999 0.9794921875 0.695000959375 0.9902343765625 0.6935031625000001 0.9921875 0.6905075734375 0.9921875 0.6845163921874999 0.9980468765625 0.6755296203125 0.9980468765625 0.66654285 1 0.6635472578125 0.9980468765625 0.6605516687499999