1 0.19453125 0.24921875 0.3890625 0.4515625
12 0.4244140625 0.150954340625 0.4078125 0.2050453765625 0.4136718765625 0.27229369531250003 0.4615234375 0.3117655328125 0.4791015625 0.3468516109375 0.48984375 0.3453896890625 0.5015625 0.31030361093750003 0.5113281234375 0.22843609531250003 0.50546875 0.13779706249999998 0.4927734375 0.1187921015625 0.4576171875 0.124639784375 0.4244140625 0.150954340625
12 0.692588471875 0 0.68515625 0.009148110937499999 0.6714843765625 0.0442341890625 0.66171875 0.0968633046875 0.665625 0.158263940625 0.6519531234375 0.1904261796875 0.6529296875 0.20943113750000003 0.6714843765625 0.2138168984375 0.6890625 0.1524162609375 0.7291015625 0.110020584375 0.8384765625 0.0369245875 0.8541015625 0.0369245875 0.8716796875 0.063239146875 0.88828125 0.0208434703125 0.8716796875 0.01353386875 0.8631413203125 0 0.692588471875 0
3 0.8160156234375 0.20212153906250002 0.821875 0.1933500171875 0.821875 0.1875023390625 0.8150390625 0.1801927390625 0.7896484375 0.1392589828125 0.7818359375 0.133411303125 0.7701171875 0.133411303125 0.759375 0.14656858125 0.759375 0.16118778125 0.7613281234375 0.16411162031249998 0.7613281234375 0.1787308203125 0.759375 0.181654659375 0.759375 0.1875023390625 0.7691406234375 0.2050453765625 0.77109375 0.21674073593749998 0.7740234375 0.22112649687500002 0.7857421875 0.22405033593749998 0.7935546875 0.23282185625000001 0.8003906234375 0.2313599375 0.80625 0.22258841562499998 0.80234375 0.219664578125 0.81015625 0.21674073593749998 0.81015625 0.21089305625 0.8160156234375 0.2050453765625 0.8160156234375 0.20212153906250002
3 0.5484375 0.24597913437500002 0.5494140625 0.23574569531249998 0.5513671875 0.23574569531249998 0.5533203125 0.24159337656250002 0.55625 0.24013145468750002 0.5542968765625 0.2255122578125 0.54453125 0.199197696875 0.54453125 0.1933500171875 0.5416015625 0.18896425781249998 0.5376953125 0.18896425781249998 0.5328125 0.196273859375 0.5328125 0.199197696875 0.5298828125 0.2006596171875 0.5171875 0.219664578125 0.5152343765625 0.2372076171875 0.51328125 0.24013145468750002 0.51328125 0.2489029765625 0.5113281234375 0.2518268140625 0.5171875 0.2518268140625 0.5220703125 0.2503648953125 0.5240234375 0.24744105312500003 0.5298828125 0.24744105312500003 0.5318359375 0.2503648953125 0.5455078125 0.2503648953125 0.5484375 0.24597913437500002
14 0.47890625 0.72578125 0.1796875 0.2921875
14 0.66875 0.71796875 0.15625 0.2765625
11 0.603125 0.61171875 0.0296875 0.05625
15 0.4140625 0.8484375 0.05 0.0625
15 0.540625 0.840625 0.07265625 0.06171875
15 0.76953125 0.80625 0.05859375 0.09921875