5 0.53515625 0.03828125 0.090625 0.0609375
5 0.49140625 0.09375 0.06953125 0.0953125
0 0.884375 0.209375 0.23125 0.41875
12 0.02421875 0.49453125 0.0484375 0.1140625
12 0.3015625 0.54296875 0.23125 0.2484375
16 0.0890625 0.796875 0.178125 0.40625
16 0.484375 0.825 0.309375 0.35
14 0.3984375 0.709375 0.48125 0.58125
14 0.10859375 0.71171875 0.2171875 0.5765625
9 0.29765625 0.61015625 0.1890625 0.190625
1 0.42265625 0.5578125 0.08515625 0.1453125
1 0.0328125 0.625 0.065625 0.0875
0 0.78515625 0.709375 0.2921875 0.58125