5 0.228125 0.09140625 0.10546875 0.06796875
5 0.32421875 0.153125 0.13828125 0.0890625
16 0.90546875 0.096875 0.1890625 0.19375
6 0.884375 0.38125 0.096875 0.05625
14 0.875 0.2046875 0.25 0.409375
12 0.1875 0.48828125 0.034375 0.0578125
16 0.28203125 0.50234375 0.1171875 0.0859375
6 0.46328125 0.4609375 0.0296875 0.059375
6 0.4703125 0.528125 0.028125 0.071875
14 0.32578125 0.4953125 0.3375 0.153125
14 0.78515625 0.62421875 0.3921875 0.4296875
16 0.759375 0.48203125 0.246875 0.1453125
10 0.72734375 0.59453125 0.0890625 0.0578125
10 0.89140625 0.559375 0.05546875 0.0625
6 0.7359375 0.76640625 0.1609375 0.1265625
6 0.8484375 0.7328125 0.153125 0.109375