6 0.903125 0.059375 0.05859375 0.10546875
11 0.41953125 0.3921875 0.0609375 0.10625
11 0.07890625 0.4671875 0.06484375 0.115625
11 0.2109375 0.53359375 0.05546875 0.0890625
13 0.16640625 0.5984375 0.08203125 0.0796875
13 0.46171875 0.60078125 0.0546875 0.1203125
14 0.12109375 0.6359375 0.2421875 0.434375
8 0.17578125 0.67265625 0.0671875 0.084375
13 0.325 0.684375 0.10546875 0.06484375
8 0.45625 0.69375 0.065625 0.13125
14 0.44296875 0.746875 0.0921875 0.415625
8 0.334375 0.7546875 0.0578125 0.0984375
14 0.071875 0.759375 0.14375 0.340625
11 0.24921875 0.8203125 0.0890625 0.08671875
14 0.30859375 0.82578125 0.3046875 0.3484375
11 0.05234375 0.8984375 0.06015625 0.05546875
9 0.18359375 0.6453125 0.06484375 0.040625
14 0.74453125 0.66953125 0.5109375 0.6609375
16 0.74453125 0.825 0.5109375 0.35