1 0.14375 0.0515625 0.275 0.103125
1 0.7484375 0.15625 0.34765625 0.25546875
14 0.19453125 0.7609375 0.1625 0.37734375
16 0.4140625 0.790625 0.1046875 0.15546875
14 0.3875 0.8 0.115625 0.4
11 0.23203125 0.9234375 0.053125 0.09609375
11 0.3390625 0.95859375 0.03984375 0.05859375
11 0.40859375 0.990625 0.0484375 0.01875
8 0.32734375 0.46328125 0.0453125 0.0265625
14 0.32109375 0.61484375 0.0953125 0.3296875
11 0.37265625 0.58828125 0.02890625 0.05390625
12 0.196875 0.61640625 0.07109375 0.1078125
11 0.28828125 0.625 0.03203125 0.053125
12 0.40234375 0.64765625 0.06484375 0.096875
8 0.19375 0.690625 0.0484375 0.071875
8 0.3953125 0.71171875 0.04921875 0.05859375
9 0.1921875 0.68125 0.05234375 0.0296875
14 0.85 0.8390625 0.3 0.321875
3 0.9859375 0.75234375 0.028125 0.0578125
8 0.934375 0.75859375 0.0640625 0.0421875
11 0.8375 0.7203125 0.06953125 0.05859375