1 0.08203125 0.44609375 0.1640625 0.2890625
16 0.7859375 0.07734375 0.20625 0.1546875
10 0.89765625 0.175 0.05546875 0.053125
10 0.6921875 0.1796875 0.05546875 0.04375
6 0.7515625 0.32265625 0.06953125 0.0984375
6 0.86953125 0.32109375 0.0890625 0.0984375
14 0.78125 0.1875 0.303125 0.375
16 0.76015625 0.81953125 0.1890625 0.1765625
10 0.66328125 0.93359375 0.05546875 0.0421875
10 0.86875 0.9296875 0.05546875 0.053125
9 0.74921875 0.69296875 0.1 0.028125
7 0.74765625 0.703125 0.09453125 0.0453125
12 0.74375 0.6625 0.1140625 0.05
14 0.75703125 0.81640625 0.3140625 0.3671875