1 0.24921875 0.18828125 0.4203125 0.2859375
11 0.9328125 0.00859375 0.021875 0.0171875
11 0.553125 0.015625 0.025 0.03125
11 0.734375 0.0328125 0.01953125 0.03359375
14 0.8078125 0.14609375 0.09375 0.2921875
14 0.92421875 0.1515625 0.1078125 0.303125
11 0.6234375 0.04921875 0.02421875 0.03828125
11 0.72421875 0.0515625 0.01953125 0.02890625
14 0.7046875 0.1640625 0.1 0.328125
14 0.59609375 0.1734375 0.0890625 0.346875
14 0.51484375 0.21328125 0.1109375 0.4265625
11 0.471875 0.16015625 0.025 0.0609375
15 0.67890625 0.2953125 0.05078125 0.06484375
15 0.7234375 0.27890625 0.0625 0.053125
15 0.77109375 0.265625 0.03125 0.071875
15 0.821875 0.2546875 0.05546875 0.06015625
15 0.8703125 0.2546875 0.040625 0.05546875
15 0.9328125 0.2671875 0.05078125 0.06015625
15 0.6078125 0.29921875 0.05546875 0.05078125
15 0.57890625 0.32421875 0.05078125 0.05546875
15 0.5109375 0.38671875 0.06484375 0.06015625
15 0.52890625 0.35234375 0.07421875 0.053125
15 0.99453125 0.2953125 0.0109375 0.053125
3 0.2734375 0.87734375 0.078125 0.14921875
5 0.7296875 0.71953125 0.540625 0.5609375