10 0.571875 0.08671875 0.0578125 0.0890625
10 0.909375 0.090625 0.05078125 0.0765625
14 0.77734375 0.21953125 0.2953125 0.4390625
14 0.40859375 0.21953125 0.0984375 0.4390625
14 0.66171875 0.21953125 0.1515625 0.4390625
14 0.9546875 0.21953125 0.090625 0.4390625
14 0.48671875 0.21953125 0.1109375 0.4390625
10 0.7578125 0.23828125 0.06015625 0.13203125
15 0.4890625 0.428125 0.075 0.021875
1 0.14453125 0.696875 0.2890625 0.503125
13 0.50625 0.46640625 0.05078125 0.0265625
13 0.575 0.46640625 0.03359375 0.040625
13 0.67734375 0.47578125 0.03125 0.0265625
13 0.7625 0.48515625 0.04296875 0.0453125
8 0.503125 0.4953125 0.04296875 0.05546875
13 0.646875 0.49765625 0.03359375 0.0359375
13 0.8609375 0.4984375 0.03359375 0.02421875
13 0.9625 0.503125 0.0578125 0.03359375
13 0.74453125 0.5109375 0.040625 0.03828125
13 0.85546875 0.5296875 0.06953125 0.03828125
14 0.4984375 0.690625 0.09609375 0.47109375
14 0.5796875 0.7171875 0.0671875 0.509375
11 0.5328125 0.721875 0.01171875 0.02421875
11 0.521875 0.73515625 0.01953125 0.0453125
11 0.58828125 0.74140625 0.021875 0.03828125
14 0.66328125 0.7390625 0.0859375 0.521875
11 0.621875 0.7578125 0.0171875 0.03359375
14 0.9578125 0.7359375 0.084375 0.528125
14 0.75 0.74765625 0.096875 0.5046875
11 0.684375 0.78125 0.021875 0.040625
11 0.99296875 0.79609375 0.0140625 0.0390625
11 0.76875 0.8109375 0.0265625 0.04296875
14 0.85703125 0.759375 0.1171875 0.48125
11 0.8046875 0.8171875 0.01171875 0.0265625
11 0.89609375 0.846875 0.021875 0.02890625
15 0.66484375 0.98046875 0.0421875 0.0390625
15 0.51484375 0.9046875 0.053125 0.05546875
15 0.58828125 0.94296875 0.0484375 0.05546875
15 0.559375 0.9296875 0.06015625 0.0453125