1 0.2046875 0.275 0.409375 0.55
8 0.98125 0.18203125 0.0375 0.1828125
8 0.71875 0.19921875 0.10390625 0.175
8 0.4296875 0.23203125 0.040625 0.2171875
14 0.68984375 0.29140625 0.2046875 0.5171875
12 0.71640625 0.08359375 0.13203125 0.11640625
9 0.73828125 0.15859375 0.0828125 0.06015625
3 0.66328125 0.1828125 0.03203125 0.07734375
4 0.97734375 0.15390625 0.0453125 0.0609375
4 0.42578125 0.19140625 0.0328125 0.0828125
5 0.2046875 0.8390625 0.409375 0.271875
5 0.64140625 0.63046875 0.4546875 0.1609375