1 0.26875 0.384375 0.140625 0.76875
1 0.09296875 0.384375 0.1859375 0.76875
14 0.44296875 0.14296875 0.1296875 0.2859375
14 0.98203125 0.3984375 0.0359375 0.5375
10 0.9734375 0.40234375 0.053125 0.0484375
10 0.97578125 0.44765625 0.0484375 0.0453125
7 0.43515625 0.01640625 0.0328125 0.0328125
11 0.440625 0.1015625 0.01796875 0.02109375
11 0.4609375 0.09453125 0.0125 0.02890625
15 0.48359375 0.215625 0.03203125 0.05703125
15 0.4515625 0.24765625 0.028125 0.065625
10 0.28359375 0.98671875 0.0546875 0.0265625
14 0.30703125 0.8890625 0.0640625 0.221875
11 0.3390625 0.8961588546874999 0.3439453125 0.904296875 0.3517578125 0.91015625 0.3693359375 0.91796875 0.378125 0.9169921875 0.3859375 0.9130859375 0.387890625 0.9052734375 0.383984375 0.8955078125 0.3751953125 0.88671875 0.3693359375 0.8828125 0.3634765625 0.8828125 0.3615234375 0.880859375 0.3458984375 0.880859375 0.3439453125 0.87890625 0.3400390625 0.87890625 0.3390625 0.8794921875 0.3390625 0.8961588546874999
11 0.493359375 0.9248046875 0.493359375 0.9208984375 0.49140625 0.9189453125 0.489453125 0.8994140625 0.4845703125 0.89453125 0.4708984375 0.888671875 0.4591796875 0.880859375 0.4240234375 0.880859375 0.42109375 0.8857421875 0.409375 0.8955078125 0.407421875 0.9052734375 0.425 0.9228515625 0.4298828125 0.931640625 0.4376953125 0.935546875 0.450390625 0.9345703125 0.4611328125 0.93359375 0.4669921875 0.9296875 0.4728515625 0.9296875 0.4748046875 0.927734375 0.4904296875 0.927734375 0.493359375 0.9248046875