1 0.4296875 0.29573389375 0.3914289640625 0.27228929375 0.3707384890625 0.26247968125 0.34242505 0.26247968125 0.3043108953125 0.226511228125 0.2694637015625 0.1496696375 0.233527465625 0.08590734375 0.2226377078125 0.0711929875 0.20811545156250003 0.0497855421875 0.1769007546875 0.013970465625000001 0.162744034375 0.03685946875 0.16601099531250002 0.0908121171875 0.226993628125 0.1725585765625 0.26510778125 0.23632083750000002 0.29777705781249997 0.2853687125 0.2607518609375 0.3197022015625 0.245506265625 0.401448659375 0.2596629015625 0.4913697640625 0.27599754062500004 0.52243344375 0.3119337765625 0.5306080875 0.37291640625 0.5747511890625 0.39360696562499997 0.6090848015625 0.4137249578125 0.61875 0.42319284843749994 0.61875 0.4296875 0.6093604140625 0.4296875 0.29573389375
1 0.38027459218750004 0.61875 0.367471528125 0.56657654375 0.2868872984375 0.51262383125 0.2433282640625 0.5158937015625 0.20848107031250002 0.47338556875000004 0.1921464328125 0.304987878125 0.18343459374999999 0.11860592656249999 0.17363379375000002 0.107161409375 0.15773418749999998 0.0722528609375 0.13660868125 0.12024086249999999 0.12462988125 0.20689212812500002 0.1039394046875 0.2706543265625 0.1061173234375 0.339321365625 0.14096451875 0.528973121875 0.1072062828125 0.57148131875 0.11166159687499999 0.61875 0.38027459218750004 0.61875
1 0.10824721718750001 0.61875 0.095227565625 0.5796559625000001 0.0756259671875 0.4717506 0.0603803703125 0.3229720734375 0.0843378078125 0.25267012968749997 0.11482916406250002 0.1741935765625 0.11700708281250001 0.1414949921875 0.1019063 0.12535743593749998 0.0102874171875 0.2706543265625 0 0.34684951875 0 0.4824278859375 0.00048669999999999996 0.4897348609375 0.0157322953125 0.6009101546875 0.013385121875 0.61875 0.10824721718750001 0.61875
7 0.4859375 0.24609375 0.03203125 0.053125
14 0.4796875 0.3734375 0.09453125 0.4125
10 0.44765625 0.41171875 0.021875 0.05546875
10 0.51875 0.421875 0.02265625 0.0625
13 0.471875 0.1890625 0.03984375 0.03046875
15 0.459375 0.5671875 0.0296875 0.0625
15 0.51171875 0.5578125 0.0390625 0.06953125
7 0.1 0.896875 0.03046875 0.075
7 0.3953125 0.90234375 0.04296875 0.06953125
10 0.36953125 0.975 0.0359375 0.05
14 0.11640625 0.8671875 0.2328125 0.265625
13 0.0671875 0.821875 0.08203125 0.06953125
13 0.40703125 0.809375 0.0453125 0.053125
1 0.50859375 0.84609375 0.1578125 0.3078125
12 0.66328125 0.6421875 0.4671875 0.046875
9 0.7265625 0.7578125 0.33515625 0.26328125