1 0.26953125 0.1734375 0.5390625 0.271875
11 0.73046875 0.090625 0.0734375 0.12578125
8 0.07265625 0.6328125 0.07109375 0.17890625
14 0.07265625 0.6546875 0.1453125 0.690625
14 0.34609375 0.65625 0.3859375 0.6875
16 0.0421875 0.834375 0.084375 0.33125
16 0.34140625 0.871875 0.3234375 0.25625
12 0.07421875 0.459375 0.1484375 0.275
12 0.32109375 0.48359375 0.1640625 0.21953125
3 0.03046875 0.58359375 0.0265625 0.09375
3 0.2828125 0.66484375 0.0296875 0.1046875
8 0.9625 0.56328125 0.075 0.1453125
16 0.86484375 0.6421875 0.2453125 0.27890625
14 0.86640625 0.659375 0.2671875 0.68125
12 0.94609375 0.4203125 0.1078125 0.21875
3 0.9140625 0.50234375 0.02890625 0.08046875