1 0.1703125 0.225 0.340625 0.45
14 0.72265625 0.225 0.3453125 0.45
16 0.66015625 0.125 0.1859375 0.25
10 0.8390625 0.278125 0.0640625 0.06875
6 0.7578125 0.43359375 0.19375 0.0328125
6 0.67734375 0.4203125 0.1359375 0.059375
16 0.08671875 0.77265625 0.1734375 0.2765625
10 0.2125 0.928125 0.05 0.078125
12 0.059375 0.5359375 0.11875 0.078125
14 0.12734375 0.74375 0.2546875 0.5125
14 0.52578125 0.75 0.3328125 0.5
16 0.46640625 0.790625 0.2140625 0.26875
10 0.56640625 0.96796875 0.08359375 0.0640625
12 0.44140625 0.54609375 0.1640625 0.0765625