1 0.4296875 0.2390625 0.4296875 0 0.304118690625 0 0.2795018609375 0.0228272015625 0.264256265625 0.104573659375 0.2784129015625 0.1944947640625 0.294747540625 0.22555844375 0.33068377656250003 0.23373308750000002 0.33804623125 0.2390625 0.4296875 0.2390625
1 0.1235210484375 0 0.1248673234375 0.042446365624999996 0.15971451875 0.232098121875 0.15418369999999998 0.2390625 0.3404587921875 0.2390625 0.3056372984375 0.21574883125 0.2620782640625 0.21901870156249997 0.2272310703125 0.17651056874999999 0.21089643281249998 0.008112878125 0.210517221875 0 0.1235210484375 0
1 0.025497259374999998 0 0.012702778125 0.0947641109375 0.019236700000000002 0.19285986093750002 0.025572520312500003 0.2390625 0.10603586875 0.2390625 0.09437596718749999 0.1748756 0.0791303703125 0.0260970734375 0.08802370937500001 0 0.025497259374999998 0
0 0.15546875 0.61640625 0.3109375 0.6296875
0 0.29765625 0.44296875 0.2640625 0.4078125
14 0.7609375 0.38828125 0.06328125 0.1265625
14 0.871875 0.51171875 0.10390625 0.33359375
14 0.6703125 0.57109375 0.11484375 0.49453125
13 0.68671875 0.3515625 0.046875 0.046875
13 0.76171875 0.3484375 0.028125 0.02890625
13 0.9046875 0.365625 0.028125 0.028125
11 0.76875 0.39609375 0.015625 0.03046875
11 0.8578125 0.525 0.01328125 0.034375
8 0.90078125 0.3953125 0.0203125 0.0234375