14 0.39609375 0.0375 0.3078125 0.075
14 0.721875 0.175 0.34375 0.35
11 0.84921875 0.20703125 0.125 0.115625
12 0.33359375 0.6234375 0.4328125 0.2125
1 0.14765625 0.7984375 0.07421875 0.16015625
4 0.2203125 0.75703125 0.1265625 0.0984375
4 0.384375 0.78984375 0.16484375 0.1453125
12 0.9240234375 0.4145833328125 0.9337890625 0.41111111093749997 0.9318359375 0.40416666718750005 0.9103515625 0.41805555625 0.8771484375 0.41111111093749997 0.8458984375 0.44236111093749997 0.821484375 0.503125 0.81953125 0.55868055625 0.82734375 0.6072916671874999 0.8673828125 0.6854166671874999 0.887890625 0.694097221875 0.8888671875 0.6854166671874999 0.8751953125 0.68194444375 0.864453125 0.655902778125 0.860546875 0.58993055625 0.883984375 0.48923611093749997 0.9240234375 0.4145833328125
11 0.9943359375 0.41111111093749997 0.9904296875 0.41111111093749997 0.9806640625 0.40069444374999996 0.9650390625 0.397222221875 0.9630859375 0.39375 0.9455078125 0.39375 0.9435546875 0.4076388890625 0.9279296875 0.41111111093749997 0.919140625 0.4302083328125 0.919140625 0.4545138890625 0.9240234375 0.46319444374999996 0.9376953125 0.46666666718750005 0.9396484375 0.4701388890625 0.9474609375 0.4701388890625 0.9494140625 0.47361111093749997 0.9572265625 0.47361111093749997 0.9650390625 0.48055555625 0.985546875 0.47881944374999996 0.9953125 0.471875 0.993359375 0.4545138890625 0.9953125 0.45104166718750005 0.9953125 0.4302083328125 0.99921875 0.41979166718750005 0.9943359375 0.41111111093749997
3 0.9092956390625 0.6597739499999999 0.91917164375 0.6310570078125 0.8873206734375 0.5854869421875 0.8712880296875 0.6151031781249999 0.9092956390625 0.6597739499999999
4 0.9254563640625 0.55926469375 0.970047984375 0.5151256890625 0.9535879921875001 0.4725820828125 0.9090215390624999 0.5163102359375 0.9254563640625 0.55926469375
8 0.9903985296875 0.6406293359375 0.9847123453125001 0.6018083 0.9775297999999999 0.5576693140625 0.9754349000000001 0.534270321875 0.9572872578125 0.53094376875 0.9416170875000001 0.55926469375 0.9281498218750001 0.589045253125 0.9311425468750001 0.6406293359375 0.9532887234375 0.6592421640625 0.9811210609375 0.6624329281250001 0.9903985296875 0.6406293359375