16 0.10859375 0.2171875 0.2171875 0.184375
6 0.50703125 0.29921875 0.0640625 0.1203125
6 0.51015625 0.146875 0.0578125 0.0625
14 0.26953125 0.2 0.5390625 0.31875
9 0.68515625 0.1125 0.2921875 0.225
8 0.68515625 0.1796875 0.2921875 0.359375
14 0.76953125 0.1796875 0.4609375 0.359375
9 0.20703125 0.6859375 0.4140625 0.228125
8 0.14921875 0.80546875 0.2984375 0.3890625
11 0.43125 0.6421875 0.215625 0.38125
13 0.23203125 0.4296875 0.4640625 0.140625
9 0.93515625 0.403125 0.1296875 0.0875
8 0.9578125 0.46171875 0.084375 0.2046875
14 0.83515625 0.6796875 0.3296875 0.640625
3 0.878125 0.4484375 0.053125 0.09921875