12 0.03046875 0.27109375 0.0453125 0.0921875
16 0.16875 0.271875 0.178125 0.121875
6 0.44375 0.2625 0.0625 0.103125
14 0.2546875 0.26328125 0.509375 0.2265625
0 0.8625 0.11875 0.275 0.2375
0 0.73984375 0.3609375 0.4609375 0.30625
0 0.8609375 0.45703125 0.278125 0.4234375
14 0.3265625 0.75625 0.1375 0.175
14 0.4671875 0.834375 0.084375 0.33125
15 0.32109375 0.8078125 0.04375 0.08046875
15 0.3625 0.771875 0.0375 0.06640625
15 0.4515625 0.96171875 0.0625 0.0765625
15 0.48515625 0.93515625 0.0484375 0.1203125
12 0.73828125 0.81640625 0.0671875 0.1140625
16 0.9125 0.81875 0.175 0.19375
14 0.84921875 0.81796875 0.3015625 0.2984375