12 0.3359375 0.03515625 0.034375 0.0578125
16 0.415625 0.04921875 0.0875 0.0859375
14 0.38203125 0.059375 0.1546875 0.11875
14 0.80234375 0.209375 0.3953125 0.41875
15 0.8078125 0.40234375 0.103125 0.0328125
11 0.97734375 0.19921875 0.0453125 0.0484375
11 0.64609375 0.21015625 0.071875 0.0453125
14 0.39296875 0.67109375 0.1328125 0.5046875
16 0.41171875 0.50390625 0.0953125 0.1703125
10 0.36328125 0.59609375 0.05859375 0.0578125
6 0.4125 0.79921875 0.09375 0.1203125
14 0.63828125 0.709375 0.3578125 0.58125
16 0.6296875 0.6625 0.278125 0.28125
10 0.4703125 0.82578125 0.021875 0.0640625
6 0.68984375 0.98828125 0.1390625 0.0234375
12 0.59453125 0.4375 0.2046875 0.0375