12 0.209375 0.21171875 0.034375 0.0578125
16 0.30390625 0.22578125 0.1171875 0.0859375
6 0.48515625 0.184375 0.0296875 0.059375
6 0.4921875 0.2515625 0.028125 0.071875
14 0.34765625 0.21875 0.3375 0.153125
14 0.946875 0.18984375 0.10625 0.3796875
16 0.32890625 0.575 0.275 0.265625
6 0.25234375 0.9328125 0.1109375 0.134375
6 0.4125 0.93515625 0.096875 0.1296875
14 0.3234375 0.68984375 0.4125 0.6203125
16 0.76171875 0.52578125 0.2234375 0.2921875
10 0.8984375 0.671875 0.0359375 0.08125
10 0.67421875 0.72109375 0.0484375 0.0703125
6 0.7046875 0.9296875 0.109375 0.140625
6 0.8234375 0.89609375 0.1859375 0.1359375
14 0.7984375 0.68984375 0.296875 0.6203125