2 0.4125 0.05234375 0.40625 0.11015625 0.39921875 0.1203125 0.39609375 0.1140625 0.36796875 0.1140625 0.359375 0.10234375 0.365625 0.05703125 0.36171875 0.040625 0.3359375 0.06015625 0.3390625 0.06953125 0.3265625 0.16640625 0.33671875 0.1859375 0.3453125 0.14296875 0.36015625 0.1421875 0.37109375 0.13125 0.39140625 0.13125 0.39921875 0.1234375 0.403125 0.13359375 0.3859375 0.17734375 0.3875 0.18671875 0.4078125 0.16953125 0.40625 0.15703125 0.421875 0.10703125 0.4234375 0.06171875 0.41796875 0.05 0.4125 0.05234375
14 0.684375 0.18515625 0.0875 0.3703125
10 0.66640625 0.2171875 0.025 0.07890625
15 0.68984375 0.353125 0.02890625 0.0640625
14 0.41953125 0.759375 0.0609375 0.453125
10 0.41484375 0.8328125 0.025 0.07890625
13 0.42734375 0.559375 0.040625 0.0390625
15 0.43671875 0.96796875 0.0265625 0.0640625
14 0.478125 0.60390625 0.05625 0.2296875
10 0.49609375 0.68359375 0.034375 0.084375
15 0.70078125 0.52890625 0.02109375 0.04140625