14 0.20078125 0.23984375 0.1921875 0.4796875
11 0.1234375 0.053125 0.0421875 0.10078125
11 0.27734375 0.02421875 0.0484375 0.0484375
9 0.98359375 0.16640625 0.0328125 0.0640625
8 0.984375 0.20703125 0.03125 0.1421875
11 0.79765625 0.36875 0.071875 0.12734375
14 0.88125 0.2546875 0.2375 0.45
9 0.284375 0.653125 0.56875 0.346875
8 0.3359375 0.7640625 0.42578125 0.396875
9 0.9765625 0.609375 0.046875 0.1125
8 0.98125 0.64453125 0.0375 0.1671875
13 0.97421875 0.51171875 0.0515625 0.0640625
14 0.8828125 0.73984375 0.234375 0.5203125