13 0.15390625 0.15703125 0.3078125 0.1171875
8 0.15234375 0.34453125 0.3046875 0.2484375
14 0.1546875 0.2921875 0.309375 0.353125
9 0.67109375 0.0359375 0.3171875 0.071875
11 0.86328125 0.34453125 0.2734375 0.2484375
8 0.69453125 0.1125 0.2234375 0.225
14 0.6546875 0.234375 0.690625 0.46875
3 0.51953125 0.078125 0.1078125 0.15625
1 0.1546875 0.734375 0.309375 0.53125
14 0.665625 0.73515625 0.34375 0.5296875
16 0.6640625 0.7140625 0.2625 0.221875
6 0.61875 0.9859375 0.121875 0.028125
6 0.7515625 0.97734375 0.15625 0.0453125
12 0.646875 0.5125 0.1546875 0.071875