8 0.03515625 0.3390625 0.0703125 0.215625
14 0.42421875 0.28984375 0.1890625 0.5796875
14 0.075 0.3609375 0.15 0.4375
13 0.165625 0.04140625 0.096875 0.0828125
7 0.4859375 0.0859375 0.065625 0.171875
7 0.16015625 0.1671875 0.08515625 0.1671875
13 0.040625 0.17109375 0.08125 0.1078125
14 0.178125 0.28984375 0.2125 0.5796875
9 0.16015625 0.13984375 0.0828125 0.059375
4 0.03125 0.27890625 0.0625 0.0953125
13 0.65234375 0.13984375 0.2671875 0.1484375
8 0.6546875 0.35234375 0.271875 0.2765625
14 0.759375 0.32109375 0.48125 0.5171875
3 0.80859375 0.29296875 0.0828125 0.1203125
4 0.64140625 0.2609375 0.2453125 0.1
7 0.7265625 0.953125 0.190625 0.09375
14 0.75234375 0.87109375 0.3796875 0.2578125
13 0.7375 0.8265625 0.2046875 0.17578125
4 0.72265625 0.959375 0.1734375 0.08125