13 0.32890625 0.05 0.1453125 0.1
7 0.0453125 0.08515625 0.090625 0.1703125
8 0.11796875 0.0984375 0.1078125 0.196875
14 0.10078125 0.26484375 0.2015625 0.5296875
8 0.3484375 0.23046875 0.140625 0.2703125
14 0.29765625 0.26484375 0.2421875 0.5296875
9 0.38125 0.18203125 0.075 0.1203125
16 0.55859375 0.20859375 0.1734375 0.3296875
12 0.55078125 0.40234375 0.1015625 0.1265625
14 0.59140625 0.26484375 0.3453125 0.5296875
2 0 0.5296875 0 0.6050426140624999 0.00703125 0.603125 0.03828125 0.6046875 0.06328125 0.596875 0.10390625 0.5953125 0.13125 0.63203125 0.1640625 0.69921875 0.19375 0.73671875 0.20234375 0.740625 0.225 0.73203125 0.2046875 0.69765625 0.1953125 0.66015625 0.15625 0.58828125 0.1625 0.57109375 0.15390625 0.5703125 0.15234375 0.5765625 0.1296875 0.53828125 0.12993659375 0.5296875 0 0.5296875
1 0.728125 0.64140625 0.090625 0.2234375