14 0.39609375 0.184375 0.2859375 0.36875
14 0.09375 0.184375 0.1875 0.36875
14 0.43203125 0.184375 0.2140625 0.36875
13 0.4546875 0.02734375 0.096875 0.0546875
8 0.02421875 0.05859375 0.0484375 0.1109375
7 0.42890625 0.11953125 0.08984375 0.14375
9 0.43046875 0.09140625 0.07265625 0.05625
11 0.065625 0.334375 0.05 0.06875
8 0.6671875 0.1453125 0.25625 0.2875
14 0.76953125 0.184375 0.4609375 0.36875
4 0.6640625 0.0609375 0.25 0.121875
13 0.16640625 0.5546875 0.08984375 0.03515625
7 0.153125 0.6109375 0.0765625 0.0625
13 0.5046875 0.66953125 0.06875 0.0421875
7 0.50625 0.7234375 0.065625 0.0625
14 0.17265625 0.75546875 0.3296875 0.4890625
14 0.45859375 0.82109375 0.1609375 0.3578125
1 0.78125 0.684375 0.4375 0.63125