13 0.034375 0.28984375 0.06875 0.0578125
7 0.1359375 0.296875 0.01484375 0.0359375
13 0.30703125 0.29921875 0.0171875 0.04921875
13 0.209375 0.33046875 0.0328125 0.0578125
7 0.03984375 0.3859375 0.07265625 0.1421875
14 0.2140625 0.41328125 0.059375 0.2328125
14 0.090625 0.4 0.18125 0.259375
14 0.3125 0.40078125 0.078125 0.2578125
14 0.39296875 0.40234375 0.0328125 0.2546875
13 0.40078125 0.29453125 0.0171875 0.0390625
15 0.4 0.5171875 0.01875 0.025
5 0.7046875 0.30859375 0.590625 0.4421875
5 0.7046875 0.19140625 0.590625 0.3828125
5 0.821875 0.14140625 0.35625 0.2828125
5 0.7625 0.915625 0.325 0.16875
5 0.52421875 0.83671875 0.2296875 0.3265625