14 0.125 0.2546875 0.25 0.509375
14 0.3359375 0.2546875 0.228125 0.509375
7 0.12734375 0.03671875 0.0796875 0.0734375
7 0.321875 0.04375 0.0875 0.0875
1 0.7828125 0.01875 0.434375 0.0375
13 0.17890625 0.69296875 0.3578125 0.1171875
8 0.2015625 0.87734375 0.325 0.2453125
14 0.225 0.7859375 0.45 0.428125
3 0.03515625 0.87265625 0.0671875 0.1125
4 0.190625 0.8015625 0.30625 0.09921875
8 0.778125 0.62109375 0.325 0.2234375
14 0.725 0.7546875 0.55 0.490625
3 0.61953125 0.58359375 0.09375 0.1140625
4 0.7609375 0.5421875 0.325 0.065625