13 0.48828125 0.13828125 0.0421875 0.04765625
8 0.4984375 0.22734375 0.0671875 0.13671875
7 0.29296875 0.23671875 0.12734375 0.20703125
7 0.59296875 0.25234375 0.0328125 0.0921875
14 0.31015625 0.22421875 0.3578125 0.2703125
13 0.2828125 0.09453125 0.1421875 0.16953125
13 0.58046875 0.1875 0.0578125 0.0625
14 0.69921875 0.1796875 0.1796875 0.359375
8 0.94609375 0.32734375 0.1078125 0.0640625
13 0.9453125 0.23515625 0.109375 0.0796875
14 0.8953125 0.26796875 0.209375 0.1828125
9 0.94375 0.32578125 0.1125 0.0515625
11 0.496875 0.79140625 0.16328125 0.2328125
14 0.36875 0.6796875 0.48125 0.640625
9 0.86015625 0.50078125 0.2796875 0.0796875
8 0.8796875 0.5390625 0.23046875 0.165625
11 0.8765625 0.68671875 0.1921875 0.1734375
13 0.8796875 0.3984375 0.240625 0.078125
14 0.8046875 0.6796875 0.390625 0.640625