7 0.46328125 0.37734375 0.1515625 0.1828125
13 0.059375 0.0296875 0.1125 0.059375
14 0.3984375 0.2609375 0.28125 0.415625
14 0.11171875 0.309375 0.2234375 0.31875
8 0.30859375 0.05703125 0.05 0.0765625
8 0.0609375 0.11640625 0.08515625 0.14375
13 0.4625 0.17109375 0.153125 0.2203125
14 0.3078125 0.234375 0.159375 0.46875
13 0.0390625 0.25625 0.078125 0.203125
13 0.30390625 0.00703125 0.0515625 0.0140625
14 0.1015625 0.234375 0.203125 0.46875
9 0.0578125 0.09296875 0.0875 0.06328125
14 0.734375 0.234375 0.390625 0.46875
7 0.66875 0.0484375 0.1625 0.096875
11 0.58203125 0.28203125 0.0859375 0.1984375
5 0.2578125 0.734375 0.515625 0.53125
13 0.77265625 0.86640625 0.1046875 0.1328125
14 0.684375 0.734375 0.290625 0.53125
7 0.76015625 0.9640625 0.1078125 0.071875
14 0.78359375 0.90234375 0.2171875 0.1953125
13 0.6171875 0.49296875 0.15625 0.0484375
13 0.87109375 0.62578125 0.04765625 0.1015625
7 0.63359375 0.628125 0.10234375 0.24765625
8 0.88984375 0.64765625 0.0296875 0.075
4 0.759375 0.9640625 0.0875 0.071875