7 0.425 0.2625 0.16484375 0.27734375
8 0.49453125 0.3203125 0.0296875 0.2125
14 0.265625 0.31953125 0.4875 0.6390625
13 0.3953125 0.0578125 0.1875 0.115625
3 0.31640625 0.2078125 0.046875 0.1234375
13 0.865625 0.3046875 0.26875 0.071875
8 0.884375 0.45546875 0.23125 0.2328125
14 0.7546875 0.43515625 0.490625 0.4078125
4 0.884375 0.3828125 0.23125 0.075
3 0.753125 0.45234375 0.053125 0.08046875
14 0.5671875 0.81953125 0.115625 0.3609375
11 0.6296875 0.7078125 0.0296875 0.08046875
7 0.85859375 0.7671875 0.1953125 0.25625
14 0.8484375 0.81953125 0.303125 0.3609375
11 0.546875 0.83125 0.06015625 0.0890625
14 0.66484375 0.76953125 0.1265625 0.2609375