7 0.85234375 0.446875 0.16484375 0.25
14 0.06015625 0.49765625 0.1203125 0.77578125
13 0.44140625 0.05078125 0.1125 0.0890625
14 0.81875 0.5421875 0.3578125 0.90703125
11 0.125 0.5484375 0.0296875 0.08046875
7 0.3546875 0.58671875 0.1953125 0.30078125
14 0.4 0.59140625 0.41484375 0.809375
11 0.0421875 0.671875 0.06015625 0.0890625
8 0.68984375 0.09296875 0.05 0.0765625
13 0.25859375 0.12109375 0.0671875 0.071875
8 0.4421875 0.15234375 0.08515625 0.14375
13 0.125 0.15703125 0.0546875 0.084375
13 0.02109375 0.165625 0.0421875 0.02578125
7 0.25234375 0.2078125 0.06484375 0.1015625
13 0.86875 0.2078125 0.20234375 0.2203125
8 0.02109375 0.23515625 0.0421875 0.09765625
14 0.68984375 0.2625 0.16015625 0.5
13 0.35625 0.2921875 0.2078125 0.203125
13 0.6859375 0.03359375 0.05234375 0.03359375
14 0.4796875 0.3515625 0.21015625 0.703125
14 0.1609375 0.4109375 0.12734375 0.6609375
4 0.3375 0.50859375 0.18359375 0.12109375