14 0.06328125 0.25 0.1265625 0.5
14 0.32890625 0.34765625 0.0796875 0.3046875
14 0.20703125 0.25 0.2046875 0.5
13 0.06796875 0.028125 0.0671875 0.05625
13 0.18203125 0.0421875 0.0796875 0.084375
7 0.06640625 0.0890625 0.0625 0.09765625
7 0.18984375 0.11796875 0.0546875 0.10234375
13 0.3328125 0.2203125 0.0296875 0.03984375
8 0.32890625 0.25546875 0.02734375 0.04921875
1 0.684375 0.25 0.63125 0.5
9 0.12890625 0.59453125 0.16328125 0.146875
8 0.134375 0.634375 0.15625 0.2046875
14 0.184375 0.75 0.36875 0.5
11 0.39140625 0.61875 0.0453125 0.2375
14 0.51640625 0.75 0.2953125 0.5