14 0.125 0.33203125 0.25 0.2953125
8 0.31953125 0.13125 0.1390625 0.2625
14 0.66796875 0.23984375 0.3921875 0.4796875
7 0.4359375 0.14921875 0.1078125 0.2265625
14 0.32578125 0.23984375 0.1515625 0.4796875
7 0.984375 0.26640625 0.03125 0.2671875
13 0.45625 0.01328125 0.140625 0.0265625
8 0.63203125 0.10859375 0.1546875 0.2171875
9 0.64140625 0.0203125 0.1328125 0.040625
9 0.35859375 0.0625 0.1046875 0.084375
11 0.8375 0.1359375 0.1203125 0.15546875
3 0.5453125 0.05078125 0.04375 0.1015625
4 0.98515625 0.184375 0.0296875 0.0875
1 0.04140625 0.65 0.0828125 0.25
14 0.0984375 0.74296875 0.196875 0.5140625
4 0.02578125 0.64609375 0.0515625 0.0578125
5 0.53828125 0.73984375 0.5765625 0.5203125
5 0.76875 0.71875 0.4625 0.478125