14 0.61015625 0.4625 0.0796875 0.284375
14 0.3328125 0.47578125 0.0546875 0.35546875
14 0.4140625 0.478125 0.07265625 0.315625
14 0.5171875 0.48203125 0.06015625 0.3421875
14 0.2515625 0.653125 0.22265625 0.684375
16 0.24765625 0.6953125 0.1953125 0.44921875
13 0.175 0.32421875 0.025 0.053125
13 0.23515625 0.33125 0.0703125 0.0578125
7 0.3375 0.3375 0.01484375 0.0359375
13 0.50859375 0.33984375 0.0171875 0.04921875
13 0.4109375 0.37109375 0.0328125 0.0578125
14 0.15859375 0.40859375 0.07734375 0.1953125
7 0.24140625 0.4265625 0.07265625 0.1421875
14 0.92734375 0.4375 0.0546875 0.2796875
15 0.70234375 0.5890625 0.02734375 0.0625
15 0.40859375 0.6359375 0.025 0.04453125
15 0.4296875 0.6203125 0.02734375 0.04453125
15 0.5078125 0.60234375 0.02265625 0.04453125
15 0.5265625 0.621875 0.02265625 0.04921875