14 0.12421875 0.21328125 0.0828125 0.4265625
14 0.0515625 0.2546875 0.103125 0.509375
14 0.2609375 0.2546875 0.05625 0.509375
8 0.121875 0.00703125 0.028125 0.0140625
15 0.2625 0.45 0.0296875 0.084375
15 0.28046875 0.46484375 0.0171875 0.0890625
9 0.76015625 0.0421875 0.2015625 0.084375
8 0.7484375 0.0890625 0.153125 0.178125
14 0.7390625 0.2546875 0.521875 0.509375
3 0.85625 0.03515625 0.05 0.0703125
14 0.23515625 0.828125 0.1078125 0.34375
14 0.11796875 0.81484375 0.1265625 0.3703125
13 0.14296875 0.68828125 0.03984375 0.07109375
13 0.240625 0.71484375 0.0546875 0.09765625
9 0.7015625 0.59296875 0.596875 0.1671875
8 0.7375 0.7234375 0.49375 0.428125
9 0.728125 0.5609375 0.54375 0.103125