13 0.228125 0.4625 0.0296875 0.03515625
7 0.365625 0.47734375 0.025 0.06484375
7 0.23359375 0.5 0.025 0.06015625
14 0.2171875 0.51171875 0.0875 0.1359375
14 0.34921875 0.50703125 0.0921875 0.1453125
13 0.3546875 0.43984375 0.0328125 0.03984375
16 0.74921875 0.009375 0.1109375 0.01875
6 0.7671875 0.11953125 0.05 0.0578125
6 0.69375 0.109375 0.0359375 0.046875
14 0.753125 0.07734375 0.175 0.1546875
9 0.87109375 0.634375 0.2578125 0.109375
9 0.62890625 0.6703125 0.1578125 0.146875
8 0.6171875 0.74921875 0.134375 0.2828125
8 0.8890625 0.7109375 0.221875 0.2625