13 0.3109375 0.1015625 0.04765625 0.05
7 0.30390625 0.13984375 0.0421875 0.06015625
13 0.21875 0.14453125 0.05234375 0.08359375
7 0.1953125 0.2078125 0.0578125 0.09296875
13 0.23984375 0.2828125 0.1296875 0.16640625
11 0.01328125 0.32421875 0.0265625 0.0890625
14 0.046875 0.37890625 0.09375 0.3203125
10 0.1625 0.27109375 0.0578125 0.0796875
16 0.31640625 0.26171875 0.08515625 0.18359375
16 0.9 0.38984375 0.159375 0.2984375
9 0.184375 0.7703125 0.36875 0.153125
8 0.175 0.84296875 0.28828125 0.2984375
13 0.165625 0.57890625 0.325 0.0796875
2 0.4796875 0.5390625 0.4796875 0.840491615625 0.5 0.84296875 0.5203125 0.83046875 0.55 0.72578125 0.5640625 0.70390625 0.575 0.70078125 0.5671875 0.69453125 0.58984375 0.6765625 0.61640625 0.665625 0.6375 0.67421875 0.63984375 0.696875 0.64296875 0.6859375 0.65078125 0.6890625 0.71953125 0.7453125 0.73671875 0.7484375 0.7640625 0.78515625 0.79609375 0.8125 0.80390625 0.8171875 0.8234375 0.81484375 0.825 0.79921875 0.778125 0.72578125 0.76875 0.68359375 0.69375 0.59609375 0.6703125 0.55234375 0.6676562500000001 0.5390625 0.4796875 0.5390625
2 1 0.5390625 0.8312255859375 0.5390625 0.840625 0.59921875 0.865625 0.68828125 0.86875 0.75546875 0.8796875 0.76484375 0.88359375 0.759375 0.89453125 0.7640625 0.89921875 0.7578125 0.91015625 0.7625 0.9265625 0.74921875 0.9265625 0.72734375 0.921875 0.72421875 0.9265625 0.70390625 0.921875 0.70078125 0.928125 0.64453125 0.921875 0.61640625 0.93125 0.61171875 0.921875 0.60546875 0.9359375 0.59921875 0.934375 0.59140625 0.94453125 0.5796875 0.94921875 0.5859375 0.95234375 0.575 0.96640625 0.5703125 0.97265625 0.575 0.97734375 0.565625 0.99140625 0.559375 0.99609375 0.5578125 0.99765625 0.565625 1 0.565390625 1 0.5390625