14 0.575 0.28984375 0.0875 0.5796875
7 0.1546875 0.45234375 0.1203125 0.24375
14 0.4859375 0.30859375 0.234375 0.5421875
14 0.178125 0.39921875 0.3375 0.3609375
13 0.4796875 0.07578125 0.13984375 0.128125
8 0.59609375 0.15859375 0.0453125 0.3171875
13 0.18828125 0.2796875 0.12734375 0.1015625
7 0.471875 0.28828125 0.15 0.32265625
3 0.5671875 0.25625 0.0640625 0.1859375
4 0.43984375 0.171875 0.10078125 0.1375
2 0.8609375 0.28984375 0.278125 0.5796875
14 0.45703125 0.76328125 0.3078125 0.3671875
2 0.655002740625 0.5796875 0.6453125 0.65859375 0.61875 0.675497159375 0.61875 0.9932291671875 0.62890625 1 0.73359375 1 0.7359375 0.99765625 0.74296875 0.9515625 0.75 0.98984375 0.756623640625 1 0.8674479171874999 1 0.88046875 0.9921875 0.9046875 0.96015625 0.903125 0.92890625 0.8921875 0.91484375 0.890625 0.83203125 0.9015625 0.82109375 0.8984375 0.74453125 0.8796875 0.69140625 0.8234375 0.66171875 0.8174057906250001 0.5796875 0.655002740625 0.5796875