7 0.20859375 0.25390625 0.1609375 0.5046875
14 0.14453125 0.284375 0.2890625 0.56875
4 0.22890625 0.0671875 0.1203125 0.134375
5 0.8203125 0.42421875 0.359375 0.2890625
5 0.14453125 0.803125 0.2890625 0.39375
5 0.196875 0.73984375 0.184375 0.3421875
14 0.859375 0.784375 0.2625 0.43125
16 0.84609375 0.85 0.2109375 0.3
14 0.62265625 0.80078125 0.2203125 0.3984375
12 0.66875 0.65859375 0.1078125 0.1109375
9 0.7828125 0.60625 0.0609375 0.0546875
9 0.653125 0.703125 0.059375 0.0421875
1 0.6546875 0.84453125 0.05390625 0.09765625