13 0.18984375 0.03125 0.1171875 0.0625
13 0.3875 0.0375 0.103125 0.075
7 0.3921875 0.134375 0.0875 0.13359375
7 0.20390625 0.14921875 0.1046875 0.20390625
11 0.03671875 0.21875 0.0734375 0.171875
14 0.36328125 0.209375 0.1515625 0.41875
14 0.15390625 0.209375 0.3078125 0.41875
9 0.19609375 0.096875 0.0953125 0.075
14 0.8015625 0.15546875 0.278125 0.3109375
8 0.53046875 0.02265625 0.1140625 0.0453125
14 0.6234375 0.209375 0.35 0.41875
13 0.5296875 0.215625 0.15234375 0.121875
14 0.57890625 0.26640625 0.2703125 0.3046875
8 0.53671875 0.35078125 0.1265625 0.1359375
4 0.5390625 0.31953125 0.1078125 0.06875
3 0.4609375 0.3078125 0.03046875 0.078125
2 0.4390625 1 0.4390625 0.41875 0.3501209078125 0.41875 0.353125 0.43203125 0.35625 0.51796875 0.37734375 0.5171875 0.3765625 0.50390625 0.38046875 0.496875 0.384375 0.50078125 0.384375 0.49140625 0.378125 0.49140625 0.38046875 0.453125 0.38359375 0.4875 0.39296875 0.4859375 0.40234375 0.471875 0.409375 0.47265625 0.378125 0.53984375 0.3796875 0.54765625 0.39140625 0.5484375 0.40390625 0.5671875 0.421875 0.57421875 0.41875 0.59453125 0.42890625 0.596875 0.43125 0.60390625 0.42734375 0.6078125 0.41953125 0.6015625 0.41640625 0.61875 0.390625 0.62109375 0.39921875 0.6265625 0.37734375 0.61875 0.353125 0.62265625 0.3328125 0.75390625 0.3390625 0.78671875 0.3515625 0.80234375 0.36640625 0.80625 0.37265625 0.815625 0.384375 0.81171875 0.384375 0.84921875 0.37421875 0.8828125 0.34453125 0.871875 0.31875 0.88828125 0.3265625 0.94609375 0.31796875 0.9453125 0.315625 0.93828125 0.31328125 0.88125 0.31015625 0.8875 0.27109375 0.8765625 0.26015625 0.8640625 0.23046875 0.8625 0.2140625 0.87265625 0.20234375 0.9078125 0.19765625 0.9015625 0.18515625 0.903125 0.12578125 0.93125 0.125 0.96328125 0.14609375 0.9875 0.16171875 0.990625 0.23203125 0.971875 0.25859375 0.98125 0.28359375 0.9671875 0.31796875 0.96875 0.3234375 0.96328125 0.3171875 0.95078125 0.32421875 0.9484375 0.328125 0.96328125 0.3375 0.96484375 0.340625 0.99453125 0.346875 1 0.4390625 1
5 0.71953125 0.709375 0.5609375 0.58125