14 0.21796875 0.2046875 0.1921875 0.409375
11 0.14296875 0.29375 0.04765625 0.1046875
11 0.2953125 0.2375 0.0421875 0.0859375
11 0.621875 0.3578125 0.034375 0.08125
9 0.6734375 0.23828125 0.06875 0.0890625
9 0.92578125 0.128125 0.115625 0.13203125
13 0.6734375 0.09453125 0.06875 0.1296875
13 0.94609375 0.05390625 0.1078125 0.1078125
11 0.8109375 0.371875 0.146875 0.075
8 0.6671875 0.27421875 0.05625 0.1796875
8 0.9296875 0.18046875 0.12265625 0.19453125
11 0.72109375 0.0765625 0.1109375 0.153125
14 0.86484375 0.2046875 0.2703125 0.409375
14 0.73671875 0.2046875 0.1953125 0.409375
9 0.3390625 0.69375 0.28125 0.16328125
12 0.33046875 0.509375 0.3296875 0.19921875
8 0.33046875 0.7765625 0.22109375 0.22578125
16 0.32421875 0.95703125 0.6296875 0.0859375
14 0.31953125 0.7046875 0.6390625 0.590625
9 0.815625 0.91015625 0.353125 0.1796875
8 0.7859375 0.92421875 0.290625 0.1515625
13 0.81953125 0.65703125 0.3609375 0.3078125