13 0.19375 0.21484375 0.37890625 0.1125
8 0.1921875 0.29921875 0.315625 0.0609375
4 0.19453125 0.2984375 0.2796875 0.0625
7 0.79609375 0.1203125 0.1203125 0.240625
14 0.8203125 0.16484375 0.3375 0.3296875
7 0.53984375 0.26484375 0.0921875 0.1296875
14 0.553125 0.18515625 0.1875 0.2890625
13 0.5671875 0.078125 0.159375 0.15625
2 0.2816220234375 0.3296875 0.3046875 0.45078125 0.28046875 0.4703125 0.26484375 0.471875 0.25 0.46328125 0.2453125 0.44453125 0.246875 0.35859375 0.24140625 0.353125 0.228125 0.36484375 0.21875 0.46484375 0.20703125 0.4671875 0.203125 0.47578125 0.2046875 0.49765625 0.2171875 0.50703125 0.2140625 0.54765625 0.2359375 0.72109375 0.234375 0.76484375 0.2390625 0.76640625 0.2359375 0.76328125 0.24375 0.75859375 0.25 0.73671875 0.2453125 0.51328125 0.26484375 0.509375 0.27734375 0.515625 0.31015625 0.5015625 0.32734375 0.4859375 0.340625 0.48828125 0.3265625 0.41484375 0.3140625 0.39140625 0.2984375 0.33515625 0.29930555625 0.3296875 0.2816220234375 0.3296875
2 0.4390625 0.817684659375 0.40546875 0.8390625 0.36796875 0.8828125 0.3359375 0.85703125 0.31640625 0.825 0.30390625 0.815625 0.290625 0.82421875 0.2890625 0.85703125 0.33828125 0.9109375 0.35625 0.92109375 0.36796875 0.90625 0.38359375 0.91875 0.39140625 0.9171875 0.43359375 0.871875 0.4390625 0.868643465625 0.4390625 0.817684659375
1 0.5828125 0.66484375 0.2875 0.6703125