14 0.9265625 0.4734375 0.07734375 0.3953125
14 0.2421875 0.48671875 0.11015625 0.6
14 0.37890625 0.5046875 0.19765625 0.9109375
14 0.1234375 0.51328125 0.12734375 0.70703125
14 0.68125 0.52890625 0.0828125 0.49765625
14 0.5578125 0.52890625 0.2046875 0.93359375
14 0.8390625 0.57109375 0.09765625 0.59140625
13 0.41875 0.09296875 0.0671875 0.09765625
13 0.5328125 0.1203125 0.0796875 0.09765625
7 0.41640625 0.1734375 0.0625 0.09765625
7 0.53984375 0.20234375 0.0546875 0.10234375
13 0.14765625 0.21796875 0.03984375 0.07109375
13 0.2453125 0.24453125 0.0546875 0.09765625
13 0.84765625 0.284375 0.0453125 0.04453125
13 0.92109375 0.28671875 0.0375 0.03125
13 0.6828125 0.3046875 0.0296875 0.03984375
7 0.8453125 0.32421875 0.03515625 0.0625
7 0.9203125 0.32890625 0.03515625 0.0625
8 0.67890625 0.33984375 0.02734375 0.04921875
15 0.1203125 0.8046875 0.0453125 0.07109375
15 0.1734375 0.80703125 0.05 0.06640625
15 0.81640625 0.79296875 0.0375 0.09765625
15 0.8484375 0.82421875 0.0375 0.0890625