14 0.25546875 0.275 0.1609375 0.55
14 0.07109375 0.275 0.1421875 0.55
14 0.34140625 0.3046875 0.1515625 0.490625
7 0.265625 0.02109375 0.05 0.0421875
7 0.08984375 0.03515625 0.0578125 0.0703125
7 0.20703125 0.034375 0.0375 0.053125
13 0.34375 0.08671875 0.0703125 0.06015625
7 0.34453125 0.13828125 0.05234375 0.08515625
11 0.16953125 0.32890625 0.0421875 0.0703125
11 0.28359375 0.43125 0.05234375 0.08515625
11 0.42265625 0.34453125 0.0328125 0.1015625
9 0.87265625 0.12109375 0.2546875 0.1390625
11 0.68125 0.16328125 0.2328125 0.30078125
8 0.884375 0.19765625 0.18984375 0.25703125
14 0.75234375 0.275 0.4953125 0.55
12 0.04296875 0.78359375 0.0828125 0.1359375
16 0.2640625 0.8078125 0.271875 0.20625
14 0.21953125 0.76953125 0.4390625 0.3265625
16 0.66171875 0.61953125 0.3140625 0.1390625
6 0.55078125 0.9140625 0.1203125 0.14375
6 0.728125 0.9375 0.109375 0.125
14 0.675 0.775 0.4125 0.45