7 0.53125 0.39140625 0.10234375 0.14765625
8 0.8734375 0.39765625 0.0828125 0.121875
7 0.70234375 0.40703125 0.11484375 0.14765625
11 0.57109375 0.5109375 0.07734375 0.125
11 0.69140625 0.52265625 0.07265625 0.128125
11 0.36484375 0.52890625 0.08515625 0.09609375
14 0.25625 0.571875 0.3328125 0.84921875
14 0.5265625 0.6203125 0.3125 0.753125
14 0.7359375 0.6234375 0.27734375 0.746875
11 0.3109375 0.634375 0.12265625 0.134375
11 0.58359375 0.72890625 0.0921875 0.125
13 0.2875 0.1984375 0.11015625 0.0765625
13 0.52265625 0.28984375 0.1046875 0.08046875
13 0.70390625 0.3046875 0.1171875 0.0703125
13 0.90625 0.3140625 0.1125 0.03203125
7 0.2875 0.31875 0.1 0.16953125
4 0.2953125 0.27578125 0.07890625 0.0734375
4 0.534375 0.35234375 0.07890625 0.0609375