13 0.4140625 0.234375 0.04765625 0.05
7 0.40703125 0.27265625 0.0421875 0.06015625
13 0.321875 0.27734375 0.05234375 0.08359375
7 0.2984375 0.340625 0.0578125 0.09296875
13 0.34296875 0.415625 0.1296875 0.16640625
13 0.0421875 0.4578125 0.084375 0.25
11 0.096875 0.4578125 0.0671875 0.08984375
14 0.0984375 0.4703125 0.196875 0.2375
10 0.265625 0.40390625 0.0578125 0.0796875
16 0.41953125 0.39453125 0.08515625 0.18359375
16 0.59765625 0.059375 0.1953125 0.11875
6 0.67421875 0.5546875 0.1734375 0.06875
14 0.64921875 0.29453125 0.2984375 0.5890625
9 0.33359375 0.66640625 0.3328125 0.1546875
8 0.36484375 0.76484375 0.2703125 0.3515625
2 0.696875 0.79453125 0.39375 0.4109375