14 0.20546875 0.259375 0.2890625 0.51875
13 0.6015625 0.09609375 0.303125 0.07734375
8 0.66328125 0.1921875 0.1421875 0.1203125
13 0.6875 0.26484375 0.1234375 0.0296875
8 0.68203125 0.3109375 0.08984375 0.0625
11 0.71796875 0.4 0.09375 0.075
14 0.659375 0.2875 0.440625 0.4625
3 0.584375 0.178125 0.05859375 0.0515625
13 0.18203125 0.75234375 0.3640625 0.1203125
8 0.1734375 0.90703125 0.346875 0.1859375
14 0.21953125 0.8421875 0.4390625 0.315625
4 0.18984375 0.8875 0.334375 0.14375
8 0.465625 0.65546875 0.053125 0.2734375
14 0.77109375 0.759375 0.3921875 0.48125
7 0.5390625 0.67890625 0.1078125 0.2265625
13 0.559375 0.5375 0.140625 0.0375
8 0.73515625 0.6328125 0.1546875 0.228125
9 0.46875 0.58671875 0.059375 0.0890625
9 0.74453125 0.5375 0.1359375 0.0375
3 0.64453125 0.57265625 0.0453125 0.1078125