13 0.128125 0.27109375 0.10234375 0.08046875
7 0.021875 0.32734375 0.04375 0.1296875
8 0.1390625 0.36953125 0.0796875 0.115625
14 0.0796875 0.36640625 0.159375 0.3859375
14 0.16015625 0.371875 0.1671875 0.375
13 0.03046875 0.20859375 0.0609375 0.0921875
9 0.1546875 0.34609375 0.0703125 0.0421875
9 0.0171875 0.2859375 0.034375 0.0625
2 0.8375 0.2796875 0.29375 0.559375
7 0.2765625 0.9328125 0.146875 0.134375
14 0.21171875 0.815625 0.2765625 0.36875
8 0.12421875 0.63671875 0.05 0.0765625
13 0.27578125 0.75078125 0.1484375 0.2203125
14 0.1234375 0.7796875 0.159375 0.440625
13 0.1203125 0.57734375 0.05234375 0.03359375
0 0.50703125 0.5953125 0.1015625 0.071875