13 0.3640625 0.24765625 0.33125 0.1265625
8 0.37734375 0.428125 0.3046875 0.24375
14 0.26484375 0.3609375 0.5296875 0.378125
4 0.38515625 0.3765625 0.2890625 0.121875
3 0.70703125 0.325 0.04375 0.11875
10 0.5296875 0.36591796875 0.54765625 0.3951171875 0.5798828125 0.3609375 0.6287109375 0.347265625 0.6619140625 0.327734375 0.690234375 0.2876953125 0.72734375 0.2505859375 0.7390625 0.2349609375 0.7390625 0.2251953125 0.7166015625 0.214453125 0.6892578125 0.22421875 0.6658203125 0.253515625 0.6609375 0.2369140625 0.66484375 0.2232421875 0.6873046875 0.196875 0.7458984375 0.183203125 0.756640625 0.1685546875 0.7556640625 0.1421875 0.7224609375 0.140234375 0.6716796875 0.120703125 0.6345703125 0.11875 0.5896484375 0.134375 0.57890625 0.1451171875 0.5296875 0.2492337734375 0.5296875 0.36591796875
12 0.6931919640624999 0 0.682421875 0.0376953125 0.67265625 0.1158203125 0.7166015625 0.136328125 0.7537109375 0.136328125 0.7625 0.1509765625 0.75859375 0.1705078125 0.7478515625 0.18515625 0.7048828125 0.196875 0.70390625 0.2037109375 0.7263671875 0.2125 0.791796875 0.2115234375 0.9373046875 0.196875 0.948046875 0.1861328125 0.932421875 0.1626953125 0.932421875 0.1490234375 0.9392578125 0.13828125 0.96953125 0.1236328125 0.971484375 0.0982421875 0.96171875 0.0748046875 0.9482922671875 0 0.6931919640624999 0
9 0.7478515625 0.226171875 0.7078125 0.2759765625 0.709765625 0.3130859375 0.7419921875 0.34921875 0.7673828125 0.35703125 0.8005859375 0.355078125 0.8171875 0.3443359375 0.8328125 0.3052734375 0.8396484375 0.30234375 0.8650390625 0.35703125 0.901171875 0.3619140625 0.9255859375 0.35703125 0.95 0.3228515625 0.9578125 0.2583984375 0.9578125 0.2369140625 0.9509765625 0.226171875 0.7478515625 0.226171875
8 0.8819642312500001 0.55 0.8845703125 0.546484375 0.8998328171875001 0.5274656296875 0.9045436046875001 0.512667209375 0.907235425 0.5019047859375 0.9109375 0.4791015625 0.92265625 0.4302734375 0.928515625 0.3619140625 0.8650390625 0.358984375 0.846484375 0.3169921875 0.8357421875 0.31015625 0.8171875 0.3462890625 0.7927734375 0.358984375 0.7654296875 0.35703125 0.7244140625 0.34140625 0.7315914921875001 0.41445954843750005 0.7342833640624999 0.45212825937499995 0.748828125 0.5025390625 0.7773531531250001 0.542936696875 0.7848613734375001 0.55 0.8819642312500001 0.55
13 0.14765625 0.97890625 0.05234375 0.02734375
13 0.93125 0.86171875 0.10859375 0.0328125
13 0.665625 0.865625 0.07890625 0.025
7 0.94609375 0.8890625 0.06328125 0.0421875
7 0.66171875 0.8921875 0.05625 0.0421875
8 0.7984375 0.953125 0.0296875 0.0296875
14 0.9328125 0.9140625 0.134375 0.171875
14 0.66875 0.92109375 0.20625 0.1578125