13 0.175 0.32421875 0.025 0.053125
13 0.23515625 0.33125 0.0703125 0.0578125
7 0.3375 0.3375 0.01484375 0.0359375
13 0.50859375 0.33984375 0.0171875 0.04921875
13 0.4109375 0.37109375 0.0328125 0.0578125
7 0.24140625 0.4265625 0.07265625 0.1421875
16 0.2375 0.70703125 0.2 0.43984375
14 0.41640625 0.5 0.06015625 0.32421875
14 0.2546875 0.65546875 0.2578125 0.6890625
14 0.51484375 0.4796875 0.07734375 0.33359375
14 0.6171875 0.4625 0.07734375 0.29296875
14 0.9234375 0.42421875 0.0546875 0.27578125
11 0.28515625 0.7640625 0.0546875 0.084375
13 0.60625 0.3359375 0.025 0.03984375
13 0.91640625 0.3046875 0.0171875 0.03125
15 0.41015625 0.63984375 0.0171875 0.03984375
15 0.4296875 0.621875 0.02734375 0.0359375
15 0.3453125 0.61796875 0.03515625 0.04453125
15 0.5078125 0.59765625 0.025 0.04453125
15 0.525 0.6203125 0.0203125 0.04453125
15 0.60390625 0.56875 0.02265625 0.04453125
15 0.7015625 0.59765625 0.02265625 0.04921875