13 0.3515625 0.38984375 0.0375 0.0453125
13 0.7484375 0.41015625 0.0375 0.03359375
13 0.5203125 0.41796875 0.03515625 0.0484375
7 0.3484375 0.43046875 0.0375 0.06015625
13 0.59609375 0.434375 0.0578125 0.075
7 0.75 0.4546875 0.03515625 0.05625
7 0.51875 0.4609375 0.02734375 0.05234375
8 0.58359375 0.4703125 0.0328125 0.05625
14 0.36875 0.66484375 0.1375 0.61796875
14 0.60234375 0.68203125 0.11484375 0.60703125
14 0.74375 0.68515625 0.1421875 0.59140625
14 0.50234375 0.6875 0.1046875 0.57265625
15 0.3359375 0.934375 0.0671875 0.06328125
15 0.62265625 0.9546875 0.075 0.06015625