7 0.4796875 0.0390625 0.190625 0.078125
8 0.21484375 0.075 0.2140625 0.15
14 0.4875 0.109375 0.34375 0.21875
14 0.18125 0.109375 0.3625 0.21875
3 0.075 0.05859375 0.11328125 0.1125
14 0.8296875 0.109375 0.340625 0.21875
13 0.33125 0.37578125 0.3390625 0.125
8 0.34609375 0.58046875 0.315625 0.28984375
14 0.3296875 0.65859375 0.659375 0.6828125
4 0.2671875 0.5015625 0.1515625 0.121875
13 0.91796875 0.41171875 0.1640625 0.1171875
8 0.953125 0.63046875 0.09375 0.3171875
14 0.8296875 0.6703125 0.340625 0.659375
4 0.9453125 0.53046875 0.109375 0.1171875
3 0.88828125 0.6140625 0.1 0.134375