14 0.2390625 0.215625 0.278125 0.43125
8 0.0125 0.0828125 0.025 0.165625
13 0.525 0.13125 0.15234375 0.1078125
7 0.525 0.265625 0.1328125 0.17578125
14 0.11796875 0.25 0.2359375 0.5
13 0.02109375 0.3359375 0.0421875 0.121875
14 0.503125 0.278125 0.290625 0.44375
14 0.07578125 0.3671875 0.1515625 0.265625
9 0.52109375 0.22265625 0.11015625 0.06484375
9 0.01484375 0.04140625 0.0296875 0.0640625
14 0.95390625 0.2609375 0.0921875 0.478125
14 0.84375 0.3 0.2875 0.4
13 0.86015625 0.1265625 0.12265625 0.09765625
8 0.87109375 0.25390625 0.125 0.1875
9 0.87265625 0.20703125 0.125 0.08203125
2 0.1515625 0.92734375 0.159375 0.92109375 0.1515625 0.91328125 0.15625 0.88359375 0.15 0.86953125 0.159375 0.85703125 0.1484375 0.83203125 0.14375 0.78359375 0.153125 0.72421875 0.165625 0.69765625 0.1609375 0.68984375 0.1640625 0.66171875 0.15078125 0.6546875 0.13046875 0.7046875 0.09921875 0.7171875 0.0921875 0.70703125 0.09140625 0.6828125 0.075 0.69609375 0.0671875 0.74296875 0.075 0.78359375 0.08359375 0.775 0.0921875 0.78828125 0.0921875 0.80546875 0.08671875 0.8078125 0.0859375 0.79296875 0.078125 0.78671875 0.0828125 0.81015625 0.1 0.83515625 0.1015625 0.87265625 0.121875 0.93515625 0.121875 0.95078125 0.15390625 0.953125 0.1578125 0.96484375 0.1703125 0.95078125 0.159375 0.94765625 0.171875 0.93984375 0.15859375 0.934375 0.153125 0.94765625 0.1515625 0.92734375
1 0.85 0.87578125 0.3 0.2484375