7 0.03984375 0.121875 0.0796875 0.146875
7 0.20078125 0.13828125 0.11484375 0.14765625
11 0.06953125 0.2421875 0.07734375 0.125
11 0.18984375 0.25390625 0.07265625 0.128125
14 0.090625 0.29453125 0.18125 0.5890625
14 0.20703125 0.29453125 0.2234375 0.5890625
11 0.08203125 0.46015625 0.0921875 0.125
13 0.03671875 0.03046875 0.0734375 0.0609375
13 0.20234375 0.0359375 0.1171875 0.0703125
4 0.0390625 0.08125 0.078125 0.059375
4 0.209375 0.09453125 0.10546875 0.0625
2 1 0.3192595109375 0.99140625 0.321875 0.9765625 0.30546875 0.9703125 0.28515625 0.9546875 0.18515625 0.940625 0.16796875 0.934375 0.13671875 0.91796875 0.13125 0.9171875 0.16484375 0.9421875 0.29609375 0.940625 0.34609375 0.94921875 0.3671875 0.98359375 0.3890625 0.98515625 0.3953125 0.99375 0.39609375 0.9984375 0.45546875 0.9953125 0.52890625 1 0.5309895828125 1 0.3192595109375
0 0.58671875 0.721875 0.4078125 0.265625
0 0.40625 0.79453125 0.175 0.4109375