14 0.16171875 0.18984375 0.2671875 0.3796875
14 0.33828125 0.18984375 0.1796875 0.3796875
11 0.36640625 0.046875 0.0828125 0.09375
11 0.428125 0.26875 0.06484375 0.0859375
11 0.45546875 0.19609375 0.0703125 0.0890625
14 0.93671875 0.18984375 0.1265625 0.3796875
14 0.56796875 0.1234375 0.1359375 0.246875
15 0.590625 0.1921875 0.05 0.0859375
15 0.55625 0.1984375 0.0421875 0.0734375
1 0.16875 0.47578125 0.090625 0.1921875
13 0.70859375 0.60234375 0.1046875 0.1328125
14 0.6328125 0.68984375 0.265625 0.6203125
7 0.696875 0.7640625 0.1078125 0.19921875
14 0.71953125 0.7703125 0.2171875 0.459375
13 0.80625 0.39609375 0.046875 0.0328125
7 0.56875 0.43359375 0.103125 0.1078125
8 0.82578125 0.4 0.0296875 0.040625
11 0.78671875 0.91015625 0.0859375 0.1796875
4 0.69609375 0.71796875 0.08828125 0.10546875