13 0.51875 0.19296875 0.1 0.1421875
7 0.221875 0.196875 0.16484375 0.27734375
8 0.33046875 0.25546875 0.1078125 0.21328125
14 0.20703125 0.259375 0.4140625 0.51875
8 0.5296875 0.3890625 0.078125 0.259375
14 0.47890625 0.31640625 0.1796875 0.4046875
13 0.1921875 0.025 0.1875 0.05
0 0.5984375 0.01875 0.05 0.0375
0 0.615625 0.1921875 0.09375 0.165625
16 0.08125 0.57890625 0.1625 0.1203125
6 0.0671875 0.978125 0.075 0.04375
6 0.1421875 0.97578125 0.071875 0.0484375
14 0.1453125 0.759375 0.290625 0.48125