13 0.1453125 0.1875 0.290625 0.134375
8 0.15390625 0.4359375 0.3078125 0.35
14 0.259375 0.36796875 0.51875 0.6421875
4 0.13984375 0.33828125 0.2796875 0.1671875
3 0.309375 0.3375 0.10390625 0.1625
5 0.58359375 0.3078125 0.1296875 0.615625
5 0.684375 0.2625 0.33125 0.525
5 0.775 0.2046875 0.45 0.409375
14 0.19609375 0.84453125 0.3921875 0.3109375
8 0.16015625 0.8109375 0.1546875 0.24375
9 0.171875 0.7203125 0.1375 0.0625
13 0.88828125 0.90703125 0.2234375 0.1140625
14 0.76640625 0.9046875 0.4671875 0.190625