8 0.1953125 0.01875 0.171875 0.0375
11 0.04296875 0.04921875 0.0859375 0.0671875
14 0.23046875 0.3 0.4609375 0.6
11 0.41796875 0.44375 0.09609375 0.1078125
8 0.9484375 0.3171875 0.103125 0.303125
14 0.74453125 0.3375 0.5109375 0.525
13 0.965625 0.1265625 0.06875 0.10625
7 0.28671875 0.93125 0.1015625 0.1375
7 0.44453125 0.9390625 0.0890625 0.121875
14 0.0875 0.84609375 0.175 0.3078125
14 0.28046875 0.89453125 0.3109375 0.2109375
13 0.04921875 0.74296875 0.0984375 0.0765625
13 0.27890625 0.83515625 0.1046875 0.08046875
13 0.4453125 0.84921875 0.0875 0.0703125
7 0.046875 0.86328125 0.09375 0.1703125
14 0.68125 0.8 0.384375 0.4
6 0.6546875 0.95546875 0.2125 0.0890625