14 0.36328125 0.21953125 0.1734375 0.4390625
14 0.10703125 0.21953125 0.2140625 0.4390625
14 0.4 0.21953125 0.1 0.4390625
11 0.44140625 0.24921875 0.0171875 0.1359375
11 0.0875 0.18125 0.0625 0.10390625
5 0.725 0.21953125 0.55 0.4390625
0 0.10234375 0.7296875 0.2046875 0.278125
14 0.55625 0.75625 0.2125 0.4875
8 0.71484375 0.4453125 0.0296875 0.0125
13 0.50390625 0.54921875 0.1078125 0.0984375
14 0.7140625 0.69453125 0.1375 0.5109375
7 0.5109375 0.6703125 0.0796875 0.15078125
15 0.7375 0.896875 0.05 0.07734375
15 0.7046875 0.90546875 0.0453125 0.0734375