8 0.17734375 0.49296875 0.0953125 0.21640625
14 0.60390625 0.5 0.2375 0.98984375
14 0.82890625 0.628125 0.27734375 0.734375
14 0.1703125 0.6453125 0.275 0.69921875
13 0.64609375 0.08125 0.0828125 0.103125
13 0.32109375 0.17265625 0.09765625 0.128125
7 0.64765625 0.22890625 0.0796875 0.1921875
7 0.31484375 0.3203125 0.08515625 0.1671875
13 0.1796875 0.325 0.11484375 0.10859375
13 0.78125 0.3296875 0.09765625 0.08828125
14 0.33359375 0.44609375 0.2125 0.65546875
7 0.7875 0.45546875 0.0796875 0.18203125
9 0.31640625 0.29296875 0.08515625 0.04921875