15 0.04765625 0.6703125 0.0546875 0.0375
10 0.034375 0.515625 0.053125 0.096875
10 0.14609375 0.3796875 0.0609375 0.05625
13 0.0328125 0.15703125 0.0625 0.0796875
8 0.03984375 0.19609375 0.0390625 0.0546875
14 0.07265625 0.40390625 0.1453125 0.5703125
12 0.815625 0.26875 0.3125 0.2125
1 0.86953125 0.52578125 0.2 0.18515625
4 0.68125 0.43515625 0.04375 0.1453125
16 0.328125 0.80078125 0.203125 0.1734375
10 0.240625 0.915625 0.05546875 0.040625
10 0.44921875 0.9 0.05 0.05
7 0.30234375 0.7 0.0859375 0.021875
14 0.3328125 0.84453125 0.3 0.3109375
15 0.68046875 0.715625 0.0296875 0.053125