0 0.23984375 0.41875 0.3890625 0.221875
7 0.778125 0.290625 0.16484375 0.27734375
8 0.88671875 0.34921875 0.1078125 0.21328125
14 0.7046875 0.26484375 0.53125 0.5296875
13 0.7484375 0.071875 0.1875 0.14375
14 0.09140625 0.76484375 0.1828125 0.4703125
9 0.65703125 0.8747502562499999 0.6228515625 0.8535220296875 0.60234375 0.8551549703125 0.6033203125 0.8763831968750001 0.6238281234375 0.8780161359375 0.65703125 0.8747502562499999
9 0.5291015625 0.7522797125 0.5076171875 0.7555455921875 0.4734375 0.740849128125 0.4841796875 0.7653432375 0.52421875 0.7800397015625 0.5291015625 0.7522797125
9 0.7185546875 0.807799690625 0.6970703125 0.8208632156250001 0.6824218765625 0.815964396875 0.6873046875 0.8371926234375 0.70390625 0.8420914453125 0.7185546875 0.807799690625
11 0.4390625 0.782652403125 0.4402343765625 0.7865714640625 0.4490234375 0.80126793125 0.4568359375 0.807799690625 0.4578125 0.8061667515625001 0.4578125 0.7996349890625 0.4558593765625 0.796369109375 0.4636718765625 0.789837346875 0.4636718765625 0.783305584375 0.4675781234375 0.773507940625 0.4675781234375 0.734317365625 0.46953125 0.7310514859375 0.4714843765625 0.7179879625 0.4753906234375 0.7114562 0.4753906234375 0.7049244375 0.4685546875 0.7032914953125 0.4607421875 0.7196209015624999 0.4548828125 0.7196209015624999 0.4470703125 0.7000256140625 0.4390625 0.7000256140625 0.4390625 0.782652403125
13 0.4636718765625 0.7049244375 0.4753906234375 0.7049244375 0.46953125 0.7375832484375 0.48125 0.740849128125 0.4880859375 0.7130891390625 0.5271484375 0.722886784375 0.5203125 0.68532915 0.4998046875 0.6706326859375 0.4724609375 0.6771644453125 0.4636718765625 0.7049244375
13 0.7066225218750001 1 0.71171875 0.9531314046875 0.6921875 0.8976114234375 0.684375 0.8388255625 0.6638671875 0.807799690625 0.6267578125 0.8110655734375 0.6238281234375 0.8192302765624999 0.6404296875 0.82739498125 0.6628906234375 0.8845478984374999 0.66484375 0.936801996875 0.6746093765625 0.9465996421875001 0.69456906875 1 0.7066225218750001 1
13 0.6853515625 0.7653432375 0.7175781234375 0.766976178125 0.7341796875 0.7490138328125 0.7566406234375 0.7441150109375 0.7380859375 0.7163550187500001 0.7146484375 0.7130891390625 0.6824218765625 0.7506467734375001 0.6853515625 0.7653432375
3 0.73671875 0.8140625 0.015625 0.0375
3 0.65546875 0.8921875 0.01640625 0.034375
3 0.47265625 0.75625 0.0125 0.0375
8 0.5222656234375 0.783305584375 0.5193359375 0.7816726421875 0.5134765625 0.771875 0.5037109375 0.771875 0.5017578125 0.7751408828125 0.4978515625 0.7751408828125 0.4900390625 0.7653432375 0.4841796875 0.7653432375 0.4802734375 0.7620773578125 0.4724609375 0.7457479515625 0.46953125 0.7506467734375001 0.46953125 0.7571785359375001 0.4675781234375 0.7604444156250001 0.46953125 0.7637102984374999 0.46953125 0.7800397015625 0.4714843765625 0.783305584375 0.4714843765625 0.789837346875 0.48515625 0.815964396875 0.4871093765625 0.8257620375 0.4939453125 0.8371926234375 0.5027343765625 0.8355596828125 0.5076171875 0.833926740625 0.5144531234375 0.8224961578125001 0.5144531234375 0.815964396875 0.5203125 0.7996349890625 0.5203125 0.7865714640625 0.5222656234375 0.783305584375
8 0.6462890625 0.9221055328125001 0.6482421875 0.9221055328125001 0.64921875 0.9172067109375 0.6453125 0.9106749484375 0.6453125 0.9041431859374999 0.6423828125 0.9025102453125001 0.64140625 0.8976114234375 0.6453125 0.8943455437499999 0.6453125 0.8910796609375 0.6472656234375 0.88781378125 0.6472656234375 0.88128201875 0.6443359375 0.8763831968750001 0.6384765625 0.8763831968750001 0.6365234375 0.8796490796875001 0.6326171875 0.8796490796875001 0.6306640625 0.8763831968750001 0.6228515625 0.8763831968750001 0.6208984375 0.8796490796875001 0.6169921875 0.8796490796875001 0.6150390625 0.8763831968750001 0.6052734375 0.8763831968750001 0.60234375 0.88128201875 0.60234375 0.90087730625 0.6003906234375 0.9041431859374999 0.6003906234375 0.91394083125 0.60234375 0.9172067109375 0.60234375 0.9335361171875001 0.6072265625 0.9417008203125 0.6111328125 0.9417008203125 0.6150390625 0.9482325812500001 0.6306640625 0.9482325812500001 0.6316406234375 0.9465996421875001 0.6326171875 0.9449667015625 0.6404296875 0.9449667015625 0.6453125 0.936801996875 0.6433593765625 0.9335361171875001 0.6433593765625 0.9270043546875 0.6462890625 0.9221055328125001
8 0.7292968765625 0.8584208499999999 0.7292968765625 0.8486232078124999 0.7234375 0.8355596828125 0.7234375 0.8290279203124999 0.7175781234375 0.8192302765624999 0.71953125 0.815964396875 0.7166015625 0.81433145625 0.7058593765625 0.8322938000000001 0.7058593765625 0.8355596828125 0.7009765625 0.8437243859375 0.6970703125 0.8437243859375 0.6951171875 0.8404585046874999 0.6892578125 0.8371926234375 0.6863281234375 0.8453573249999999 0.69609375 0.8584208499999999 0.69609375 0.8649526125 0.6980468765625 0.8682184953125001 0.6980468765625 0.871484375 0.7107421875 0.895978484375 0.7166015625 0.895978484375 0.7185546875 0.8992443640625 0.7214843765625 0.8976114234375 0.72734375 0.88781378125 0.72734375 0.8780161359375 0.7253906234375 0.8747502562499999 0.73125 0.8649526125 0.73125 0.8616867328125 0.7292968765625 0.8584208499999999