0 0.19375 0.29375 0.371875 0.53125
5 0.66953125 0.4828125 0.3796875 0.171875
5 0.8828125 0.43828125 0.234375 0.2609375
5 0.496875 0.3828125 0.234375 0.31875
5 0.67421875 0.34296875 0.21875 0.28515625
5 0.9609375 0.25703125 0.078125 0.2359375
14 0.103125 0.784375 0.20625 0.43125
14 0.32578125 0.784375 0.1078125 0.43125
14 0.1296875 0.81171875 0.259375 0.3765625
13 0.07421875 0.59609375 0.1203125 0.0546875
13 0.11328125 0.66796875 0.09765625 0.0796875
7 0.08671875 0.77265625 0.08984375 0.14375
9 0.09296875 0.7359375 0.08984375 0.05625
1 0.8375 0.6828125 0.06875 0.1421875
9 0.771875 0.67421875 0.06171875 0.08203125
14 0.7234375 0.784375 0.553125 0.43125