2 0.39296875 0.4421875 0.1328125 0.453125
14 0.80390625 0.0390625 0.0515625 0.078125
14 0.97421875 0.0453125 0.0515625 0.090625
14 0.896875 0.37578125 0.20625 0.5859375
10 0.84921875 0.478125 0.059375 0.13359375
13 0.96015625 0.1125 0.0796875 0.096875
15 0.846875 0.0328125 0.0203125 0.040625
15 0.8640625 0.03203125 0.01640625 0.0359375
7 0.30078125 0.8328125 0.05 0.0734375
10 0.275 0.92421875 0.04296875 0.1109375
14 0.28515625 0.87109375 0.1234375 0.2578125
13 0.29921875 0.76796875 0.0515625 0.05390625
2 0.7136686078125 0.66875 0.715625 0.6902703125 0.7078125 0.7074578125000001 0.7078125 0.7277703125 0.7203125 0.7918328125 0.71875 0.8199578125 0.7421875 0.8574578125000001 0.7519084375 1 0.7574616859375001 1 0.7961640624999999 0.976278125 0.7961640624999999 0.9279828125 0.8078125 0.8293328125 0.8046875 0.7902703125 0.8222991390625 0.66875 0.7874493296875 0.66875 0.77109375 0.7832390625000001 0.7578125 0.7793328125000001 0.7578125 0.7527703125 0.7343362359375 0.66875 0.7136686078125 0.66875
2 0.4913924234375 0.66875 0.5262781249999999 0.8867890624999999 0.5390625 0.94140625 0.54765625 0.9515625 0.5625 0.95078125 0.5828125 0.87265625 0.584375 0.83203125 0.6 0.76484375 0.629448084375 0.66875 0.59140625 0.66875 0.5859375 0.70703125 0.5515625 0.81953125 0.5404828125 0.8100859375 0.5309971156250001 0.66875 0.4913924234375 0.66875