14 0.37265625 0.159375 0.1328125 0.31875
14 0.17890625 0.159375 0.2328125 0.31875
16 0.396875 0.159375 0.084375 0.31875
1 0.1765625 0.01875 0.059375 0.0375
2 0.5890625 0.159375 0.3 0.31875
2 0.91015625 0.159375 0.1796875 0.31875
12 0.19763371406250002 0.31875 0.1767578125 0.3262236453125 0.14453125 0.36244352343749997 0.138671875 0.39964231875 0.1484375 0.4055158125 0.1767578125 0.386916415625 0.2626953125 0.39278990937499997 0.25 0.3467808734375 0.2076037390625 0.31875 0.19763371406250002 0.31875
4 0.156462209375 0.4407837671875 0.24557954531249998 0.4374143078125 0.2444585890625 0.4031580734375 0.15649817500000002 0.4078399984375 0.156462209375 0.4407837671875
8 0.2209181375 0.5053652468750001 0.24501906718750002 0.486271584375 0.25118440937500003 0.46661634999999996 0.2483819765625 0.44864586875 0.2130713203125 0.4463995484375 0.19784090625 0.43874615781250004 0.17495827343749998 0.44752268749999996 0.1587041640625 0.4615621390625 0.17103484375 0.49132579375 0.191772865625 0.5070499984375 0.2209181375 0.5053652468750001
11 0.1455078125 0.864627259375 0.0888671875 0.862669428125 0.0791015625 0.8587537656249999 0.0673828125 0.8587537656249999 0.064453125 0.8616905124999998 0.0703125 0.881268825 0.0810546875 0.8920368968750001 0.0947265625 0.8998682234375 0.1005859375 0.8998682234375 0.1025390625 0.9018260546875 0.107421875 0.9008471390625001 0.1201171875 0.8920368968750001 0.1298828125 0.882247740625 0.1435546875 0.876374246875 0.1484375 0.8714796687499999 0.1484375 0.8675640062500001 0.1455078125 0.864627259375
11 0.2607421875 0.8000188250000001 0.2470703125 0.8019766562499999 0.2236328125 0.8176393078124999 0.205078125 0.8421121984374998 0.205078125 0.8519013546875 0.22265625 0.85973268125 0.224609375 0.8636483437500001 0.22265625 0.8675640062500001 0.224609375 0.881268825 0.2294921875 0.8861634031250001 0.2353515625 0.888121234375 0.24609375 0.8871423187499999 0.2529296875 0.884205571875 0.26171875 0.87539533125 0.28515625 0.8401543671875 0.28515625 0.8284073796874999 0.279296875 0.8166603921875 0.2607421875 0.8000188250000001
3 0.264251128125 0.4504331875 0.2704376328125 0.4370029984375 0.2714687 0.42357281874999997 0.269406540625 0.40842081874999997 0.2546276796875 0.41565246875 0.2535966125 0.42770519687499997 0.24947226718749999 0.4435459125 0.24947226718749999 0.45869791875 0.25497139375 0.46248591406250006 0.264251128125 0.4504331875
3 0.154268990625 0.45318809218750006 0.1563311484375 0.441135365625 0.1532379109375 0.4259833796875 0.1529002859375 0.41018425468749997 0.145676634375 0.4122088328125 0.1439581640625 0.42322845937500003 0.1432707734375 0.4380361 0.14945726718750002 0.45077754375 0.154268990625 0.45318809218750006
5 0.725 0.75078125 0.55 0.4984375
5 0.80625 0.6234375 0.3875 0.609375