1 0.14296875 0.08515625 0.2859375 0.1703125
16 0.68828125 0.228125 0.28359375 0.246875
10 0.83671875 0.3890625 0.075 0.0625
10 0.5578125 0.3890625 0.078125 0.0625
9 0.696875 0.040625 0.128125 0.034375
7 0.69375 0.05859375 0.146875 0.078125
12 0.69296875 0.01484375 0.1578125 0.0296875
14 0.6890625 0.23984375 0.4 0.4796875
8 0.38046875 0.8171875 0.2171875 0.365625
10 0.896875 0.5296875 0.04453125 0.05625
10 0.56875 0.51953125 0.06640625 0.0609375
6 0.68125 0.75859375 0.125 0.1453125
6 0.79140625 0.7578125 0.1109375 0.11875
14 0.74765625 0.66328125 0.4796875 0.3671875