1 0.39140625 0.1515625 0.3078125 0.303125
5 0.8296875 0.2703125 0.340625 0.51875
7 0.61328125 0.559375 0.0234375 0.0359375
14 0.390625 0.621875 0.071875 0.184375
14 0.60625 0.64765625 0.078125 0.2359375
14 0.33984375 0.84296875 0.1640625 0.3140625
13 0.3484375 0.70390625 0.06328125 0.046875
13 0.61640625 0.53515625 0.0265625 0.0109375
11 0.60625 0.6328125 0.015625 0.021875
11 0.5828125 0.63046875 0.021875 0.021875
8 0.38671875 0.5375 0.0203125 0.015625
15 0.5796875 0.7203125 0.02421875 0.0359375
15 0.584375 0.73515625 0.028125 0.053125
1 0.88828125 0.86328125 0.06171875 0.25078125
4 0.96015625 0.7890625 0.0796875 0.10625