1 0.178125 0.3765625 0.278125 0.484375
7 0.6734375 0.23125 0.0234375 0.05703125
7 0.8953125 0.24765625 0.02265625 0.059375
14 0.678125 0.259375 0.0671875 0.1640625
14 0.875 0.33984375 0.11015625 0.253125
14 0.6234375 0.50234375 0.16875 0.2328125
13 0.571875 0.425 0.065625 0.0875
13 0.671875 0.19765625 0.02421875 0.0234375
13 0.90390625 0.225 0.0265625 0.021875
11 0.87578125 0.25625 0.0109375 0.0265625
15 0.83984375 0.396875 0.03203125 0.04453125
15 0.6875 0.4125 0.03046875 0.04140625
2 0.5 0.80390625 0.5078125 0.78984375 0.50390625 0.7703125 0.490625 0.77578125 0.4828125 0.80546875 0.428125 0.88046875 0.38515625 0.928125 0.3609375 0.94140625 0.3546875 0.96015625 0.365625 0.96328125 0.390625 0.94296875 0.41640625 0.9078125 0.4265625 0.90546875 0.428125 0.89453125 0.484375 0.81484375 0.5 0.80390625
1 0.93671875 0.7578125 0.1265625 0.278125