7 0.89453125 0.06875 0.021875 0.0640625
14 0.64296875 0.13359375 0.1078125 0.2671875
14 0.8890625 0.1390625 0.10078125 0.24296875
14 0.909375 0.3296875 0.18125 0.31875
13 0.9703125 0.2484375 0.059375 0.0875
13 0.896875 0.04375 0.02265625 0.025
13 0.63984375 0.021875 0.0234375 0.0265625
11 0.8640625 0.08828125 0.01171875 0.01640625
11 0.884375 0.11796875 0.01953125 0.0234375
15 0.834375 0.25390625 0.03046875 0.0359375
15 0.8578125 0.24609375 0.0234375 0.046875
14 0.77421875 0.74453125 0.2390625 0.5109375