14 0.3 0.21953125 0.1875 0.4390625
16 0.31015625 0.19609375 0.1484375 0.3921875
14 0.0984375 0.21953125 0.196875 0.4390625
16 0.07734375 0.228125 0.1546875 0.421875
12 0.7984375 0.221875 0.09375 0.11328125
8 0.79375 0.31328125 0.0671875 0.11171875
12 0.9515625 0.3703125 0.096875 0.109375
16 0.734375 0.3828125 0.234375 0.1125
14 0.72578125 0.303125 0.2453125 0.271875
9 0.79375 0.28203125 0.0703125 0.053125
12 0.4046875 0.5625 0.03515625 0.04140625
14 0.40703125 0.77578125 0.1359375 0.4484375
16 0.4078125 0.696875 0.125 0.19375
15 0.440625 0.96796875 0.0328125 0.0578125
15 0.4 0.98828125 0.0375 0.0234375
14 0.5375 0.71953125 0.096875 0.5609375
14 0.78671875 0.71953125 0.2046875 0.5609375
16 0.5421875 0.74453125 0.10625 0.5109375
11 0.73984375 0.8828125 0.10078125 0.15
11 0.83046875 0.89921875 0.08359375 0.11640625