16 0.89140625 0.225 0.2171875 0.45
14 0.84453125 0.225 0.3109375 0.45
16 0.5859375 0.82890625 0.20625 0.3421875
16 0.2625 0.8625 0.484375 0.275
8 0.0984375 0.4875 0.18125 0.075
12 0.31328125 0.4953125 0.2796875 0.090625
8 0.62421875 0.51796875 0.1296875 0.1359375
8 0.2859375 0.58515625 0.16796875 0.17265625
14 0.1078125 0.725 0.215625 0.55
14 0.5875 0.725 0.203125 0.55
14 0.2921875 0.725 0.428125 0.55
16 0.1171875 0.75546875 0.234375 0.4890625
1 0.73515625 0.80234375 0.0921875 0.3765625
12 0.809375 0.58515625 0.240625 0.2703125
9 0.87109375 0.63359375 0.2578125 0.2109375