8 0.44921875 0.0171875 0.0703125 0.034375
10 0.42421875 0.08203125 0.06640625 0.09921875
14 0.45859375 0.3046875 0.1015625 0.609375
16 0.49375 0.23359375 0.03125 0.3765625
14 0.24140625 0.3015625 0.2203125 0.603125
16 0.215625 0.26875 0.1640625 0.42734375
10 0.31171875 0.440625 0.11953125 0.1328125
3 0.2125 0.01484375 0.021875 0.0296875
3 0.2953125 0.02890625 0.0203125 0.04609375
16 0.80859375 0.246875 0.29140625 0.4359375
14 0.81484375 0.34453125 0.3484375 0.6890625
11 0.6125 0.51171875 0.1125 0.109375
11 0.97578125 0.5171875 0.0484375 0.08125
8 0.815625 0.02265625 0.140625 0.0453125
14 0.21875 0.84453125 0.4375 0.3109375