12 0.51171875 0.01796875 0.0546875 0.0359375
12 0.30234375 0.10703125 0.0671875 0.04609375
11 0.30859375 0.1609375 0.04765625 0.075
16 0.54453125 0.21640625 0.125 0.23515625
16 0.32734375 0.28515625 0.1171875 0.1484375
14 0.5421875 0.1796875 0.153125 0.359375
14 0.31953125 0.21484375 0.1546875 0.2890625
4 0.30546875 0.14296875 0.0421875 0.025
4 0.51015625 0.046875 0.0390625 0.02734375
3 0.32578125 0.14296875 0.0109375 0.03125
3 0.5328125 0.0453125 0.0109375 0.02890625
0 0.73671875 0.2578125 0.03046875 0.09375
2 0.6286345109375 1 0.628125 0.99609375 0.6359375 0.97109375 0.64375 0.88671875 0.640625 0.85703125 0.6578125 0.72890625 0.665625 0.71015625 0.6640625 0.68984375 0.64453125 0.675 0.6375 0.67734375 0.6171875 0.84765625 0.59609375 0.8515625 0.5890625 0.83515625 0.5703125 0.70859375 0.55859375 0.6859375 0.53515625 0.6828125 0.528125 0.68671875 0.5703125 0.87734375 0.5578125 0.96953125 0.5609375 0.99609375 0.559134615625 1 0.6286345109375 1
5 0.89765625 0.8546875 0.1046875 0.290625