12 0.6875 0.27734375 0.16328125 0.25
12 0.45 0.284375 0.14453125 0.2265625
8 0.64453125 0.37265625 0.090625 0.21328125
11 0.51875 0.484375 0.0859375 0.0984375
11 0.32578125 0.5015625 0.1265625 0.190625
14 0.68671875 0.54609375 0.209375 0.79921875
14 0.4421875 0.56171875 0.2859375 0.825
16 0.684375 0.7328125 0.19453125 0.4703125
16 0.45 0.75 0.2515625 0.475
9 0.640625 0.3328125 0.06875 0.06875
3 0.71171875 0.35625 0.0328125 0.0859375
3 0.4921875 0.42265625 0.028125 0.08046875
3 0.39140625 0.41328125 0.02421875 0.078125