16 0.2265625 0.21171875 0.290625 0.4234375
14 0.23359375 0.28984375 0.3484375 0.5796875
11 0.04375 0.4703125 0.0875 0.109375
11 0.4171875 0.47734375 0.09375 0.08046875
12 0.859375 0.10859375 0.1 0.2171875
14 0.88203125 0.28984375 0.2203125 0.5796875
16 0.86328125 0.42421875 0.1734375 0.3109375
12 0.4234375 0.62578125 0.078125 0.0921875
12 0.18828125 0.6203125 0.0609375 0.08125
8 0.20859375 0.64609375 0.05 0.084375
16 0.17578125 0.83984375 0.1296875 0.3203125
16 0.42109375 0.83515625 0.1046875 0.3296875
14 0.17890625 0.78984375 0.1265625 0.4203125
14 0.44765625 0.78984375 0.1515625 0.4203125
11 0.1734375 0.95234375 0.0296875 0.0671875