14 0.11953125 0.121875 0.1234375 0.24375
12 0.27109375 0.1453125 0.05859375 0.046875
16 0.44921875 0.2203125 0.10703125 0.07578125
12 0.36484375 0.22421875 0.0328125 0.04296875
14 0.43984375 0.2234375 0.1890625 0.071875
16 0.32578125 0.22734375 0.0765625 0.0640625
14 0.30703125 0.1921875 0.1328125 0.134375
6 0.13984375 0.171875 0.09453125 0.134375
1 0.7796875 0.1296875 0.440625 0.259375
1 0.2921875 0.5953125 0.346875 0.671875
4 0.37421875 0.54609375 0.1609375 0.15390625
1 0.940625 0.77890625 0.11875 0.1203125