8 0.50625 0.11796875 0.025 0.1046875
13 0.090625 0.18046875 0.08515625 0.0734375
13 0.32890625 0.18046875 0.0875 0.0734375
13 0.215625 0.2125 0.0609375 0.06953125
8 0.09375 0.2546875 0.08125 0.1125
8 0.33046875 0.2609375 0.0625 0.103125
8 0.21015625 0.28203125 0.06015625 0.08828125
16 0.47265625 0.32578125 0.0921875 0.3265625
14 0.46953125 0.2578125 0.0984375 0.4625
16 0.2 0.40390625 0.090625 0.1703125
16 0.33125 0.39140625 0.15625 0.1953125
16 0.07734375 0.39609375 0.1453125 0.1859375
14 0.07734375 0.32265625 0.1546875 0.3328125
14 0.334375 0.32578125 0.1625 0.3265625
14 0.19921875 0.346875 0.0921875 0.284375
13 0.503125 0.0390625 0.03125 0.0625
9 0.21171875 0.27265625 0.04765625 0.03203125
9 0.503125 0.10078125 0.03125 0.0390625
11 0.54609375 0.44765625 0.0546875 0.0609375
8 0.4671875 0.6125 0.103125 0.196875
14 0.3984375 0.74453125 0.240625 0.5109375
11 0.43046875 0.95859375 0.1046875 0.0828125
16 0.42734375 0.87578125 0.1828125 0.2484375
4 0.47421875 0.5546875 0.0890625 0.109375
3 0.415625 0.55078125 0.03046875 0.0921875
16 0.61796875 0.628125 0.03046875 0.08125
14 0.62734375 0.64921875 0.05703125 0.16796875
14 0.884375 0.74453125 0.23125 0.5109375
16 0.90234375 0.775 0.1953125 0.45