16 0.3859375 0.278125 0.1890625 0.15078125
14 0.36015625 0.29609375 0.228125 0.1890625
12 0.27578125 0.296875 0.05546875 0.11328125
12 0.1 0.3203125 0.0796875 0.06484375
16 0.675 0.05703125 0.059375 0.1140625
16 0.8984375 0.05703125 0.078125 0.1140625
11 0.709375 0.0578125 0.028125 0.03984375
14 0.6953125 0.2 0.084375 0.4
14 0.77890625 0.2 0.0734375 0.4
14 0.89375 0.2 0.0875 0.4
11 0.65078125 0.18515625 0.04921875 0.04765625
1 0.38515625 0.57734375 0.14140625 0.33671875
4 0.39375 0.57734375 0.07578125 0.06953125
16 0.6609375 0.81796875 0.10625 0.328125
16 0.76953125 0.88203125 0.1328125 0.2359375
14 0.68125 0.75625 0.121875 0.4875
14 0.78125 0.8359375 0.1875 0.328125
12 0.984375 0.48125 0.03125 0.121875
12 0.7578125 0.571875 0.0796875 0.12578125
12 0.98359375 0.61328125 0.0328125 0.0796875
8 0.75703125 0.6515625 0.034375 0.08046875
12 0.834375 0.709375 0.0796875 0.07265625
16 0.946875 0.7375 0.07421875 0.328125
14 0.95703125 0.71015625 0.0859375 0.5796875