5 0.66953125 0.2125 0.6609375 0.4125
8 0.065625 0.46484375 0.13125 0.0921875
12 0.03125 0.49765625 0.0625 0.1578125
14 0.16953125 0.709375 0.3390625 0.58125
16 0.16484375 0.7859375 0.3203125 0.428125
11 0.059375 0.95625 0.11875 0.0875
3 0.0078125 0.58671875 0.015625 0.0890625
12 0.63125 0.515625 0.15 0.17734375
8 0.63125 0.65859375 0.0953125 0.15
8 0.48203125 0.659375 0.09375 0.1796875
14 0.47578125 0.709375 0.1609375 0.58125
14 0.61484375 0.7171875 0.1890625 0.565625
16 0.5984375 0.8546875 0.1875 0.290625
8 0.3890625 0.5171875 0.1 0.196875
12 0.48125 0.496875 0.14375 0.1546875
9 0.48203125 0.603125 0.1125 0.0796875
9 0.62578125 0.6140625 0.1046875 0.06796875
9 0.3875 0.44609375 0.096875 0.0546875
3 0.5625 0.6234375 0.02265625 0.06484375
3 0.403125 0.640625 0.03046875 0.06640625