16 0.32265625 0.06953125 0.1140625 0.1390625
16 0.1875 0.07578125 0.1125 0.1515625
16 0.06796875 0.0828125 0.1140625 0.165625
14 0.33359375 0.16953125 0.1546875 0.3390625
14 0.196875 0.16953125 0.128125 0.3390625
14 0.07265625 0.16953125 0.1046875 0.3390625
10 0.384375 0.16640625 0.03203125 0.078125
10 0.2546875 0.17734375 0.03515625 0.0640625
10 0.4484375 0.21015625 0.03671875 0.084375
10 0.0125 0.24765625 0.025 0.0828125
8 0.361328125 0.38740234375 0.3681640625 0.3859375 0.369140625 0.3815429703125 0.3544921859375 0.3771484359375 0.3134765625 0.3771484359375 0.3115234375 0.37421875 0.2998046859375 0.3771484359375 0.2939453140625 0.3712890640625 0.2763671859375 0.3800781265625 0.2734375 0.38447265625 0.275390625 0.3932617203125 0.271484375 0.4020507796875 0.2734375 0.41083984375 0.271484375 0.4401367203125 0.2773437515625 0.46650390625 0.2939453140625 0.4884765640625 0.3037109375 0.4943359359375 0.3359375 0.49287109375 0.3505859375 0.4855468734375 0.359375 0.46650390625 0.373046875 0.4049804703125 0.369140625 0.3932617203125 0.3623046859375 0.3917968734375 0.361328125 0.38740234375
4 0.2570190421875 0.3390625 0.255859375 0.3668945296875 0.2626953140625 0.3800781265625 0.2724609375 0.3859375 0.2822265625 0.3830078140625 0.2880859375 0.3888671859375 0.2900390625 0.3859375 0.2919921859375 0.3888671859375 0.3330078140625 0.3859375 0.3388671859375 0.3917968734375 0.3623046859375 0.3888671859375 0.3701171859375 0.4035156265625 0.373046875 0.4020507796875 0.375 0.3903320296875 0.373046875 0.3815429703125 0.376953125 0.3668945296875 0.3746337890625 0.3390625 0.2570190421875 0.3390625
3 0.24453125 0.38671875 0.02890625 0.08359375
3 0.38125 0.3875 0.0125 0.07890625
12 0.79375 0.42421875 0.05234375 0.05078125
12 0.9140625 0.4671875 0.05 0.0546875
12 0.746875 0.48125 0.0453125 0.0375
12 0.85546875 0.4890625 0.05234375 0.0484375
12 0.99296875 0.49453125 0.0140625 0.0421875
14 0.7421875 0.5 0.04375 0.08984375
12 0.621875 0.51484375 0.05 0.05234375
12 0.68359375 0.525 0.0640625 0.0546875
10 0.628125 0.596875 0.0359375 0.065625
16 0.79921875 0.6078125 0.1046875 0.18203125
11 0.684375 0.61171875 0.0296875 0.05078125
16 0.85625 0.6375 0.0296875 0.18203125
16 0.915625 0.6484375 0.1015625 0.1953125
16 0.98359375 0.65 0.0328125 0.175
11 0.765625 0.6796875 0.02734375 0.0640625
16 0.6875 0.68359375 0.0859375 0.18046875
16 0.609375 0.6875 0.08359375 0.20234375
14 0.7984375 0.69609375 0.10625 0.60234375
14 0.86171875 0.70078125 0.0703125 0.47265625
14 0.98515625 0.70390625 0.0296875 0.4984375
11 0.846875 0.709375 0.0265625 0.065625
14 0.9140625 0.71015625 0.08984375 0.54765625
14 0.62265625 0.72421875 0.06875 0.5140625
10 0.8796875 0.728125 0.0265625 0.065625
14 0.69140625 0.74765625 0.0875 0.49140625
10 0.9625 0.75625 0.02734375 0.06953125
15 0.81796875 0.9640625 0.03515625 0.065625
15 0.7859375 0.96875 0.03984375 0.05625
15 0.91640625 0.97421875 0.0359375 0.0515625
15 0.99140625 0.9203125 0.0171875 0.053125
15 0.71015625 0.97265625 0.03515625 0.05234375
15 0.6734375 0.959375 0.03515625 0.0484375
15 0.625 0.96875 0.02734375 0.04140625
15 0.6 0.9359375 0.02265625 0.065625