14 0.10078125 0.04140625 0.0671875 0.0828125
8 0.51328125 0.01328125 0.0328125 0.0265625
16 0.04296875 0.1109375 0.0859375 0.221875
16 0.3953125 0.11640625 0.0875 0.2328125
16 0.1640625 0.13125 0.090625 0.2625
16 0.4984375 0.1375 0.0625 0.259375
16 0.309375 0.14296875 0.1 0.2515625
11 0.29765625 0.21484375 0.03515625 0.05625
11 0.4921875 0.2171875 0.0578125 0.0921875
14 0.46171875 0.134375 0.0578125 0.26875
14 0.2328125 0.134375 0.08125 0.26875
14 0.3890625 0.134375 0.103125 0.26875
11 0.07109375 0.2296875 0.0390625 0.078125
14 0.05078125 0.134375 0.1015625 0.26875
14 0.49921875 0.134375 0.0609375 0.26875
14 0.1625 0.134375 0.1125 0.26875
11 0.1625 0.2390625 0.053125 0.059375
14 0.3125 0.134375 0.109375 0.26875
0 0.3671875 0.915625 0.03671875 0.05078125
0 0.40703125 0.93125 0.02734375 0.053125
12 0.86484375 0.27265625 0.0421875 0.0078125
12 0.92890625 0.28984375 0.0515625 0.0421875
8 0.628125 0.29140625 0.046875 0.0453125
12 0.72578125 0.28671875 0.0515625 0.0359375
8 0.8625 0.2984375 0.028125 0.059375
8 0.72421875 0.334375 0.0390625 0.0640625
11 0.7953125 0.40390625 0.0578125 0.065625
16 0.9359375 0.4046875 0.08515625 0.19609375
16 0.86328125 0.409375 0.0671875 0.1625
16 0.6015625 0.41484375 0.14375 0.2921875
14 0.8515625 0.50078125 0.096875 0.4640625
14 0.94140625 0.51015625 0.1171875 0.4828125
10 0.8796875 0.509375 0.021875 0.04375
10 0.98984375 0.51640625 0.0203125 0.0421875
14 0.73125 0.5234375 0.109375 0.509375
10 0.8203125 0.52109375 0.028125 0.05859375
14 0.609375 0.58046875 0.15 0.6234375
10 0.7671875 0.55625 0.0265625 0.0515625
10 0.70625 0.57734375 0.0296875 0.05546875
11 0.56484375 0.58203125 0.03828125 0.11875
9 0.8625 0.28671875 0.0375 0.028125