12 0.17109375 0.115625 0.078125 0.0625
12 0.2734375 0.15078125 0.04375 0.03828125
12 0.071875 0.1703125 0.0203125 0.01953125
8 0.18515625 0.178125 0.046875 0.0796875
12 0.025 0.18828125 0.05 0.1265625
16 0.28828125 0.2578125 0.06484375 0.10390625
8 0.02734375 0.28671875 0.0546875 0.1140625
16 0.1578125 0.3125 0.10859375 0.2125
14 0.284375 0.3171875 0.08359375 0.3765625
11 0.25 0.34765625 0.025 0.04140625
14 0.1671875 0.3109375 0.1375 0.45625
2 0.8140625 0.15078125 0.371875 0.3015625
0 0.046875 0.76953125 0.09375 0.4609375
2 0.53828125 0.63515625 0.2015625 0.1921875