12 0.0171875 0.06484375 0.034375 0.1296875
12 0.396875 0.15859375 0.125 0.1359375
12 0.284375 0.17734375 0.1109375 0.1296875
8 0.01171875 0.19609375 0.0234375 0.1328125
12 0.115625 0.20234375 0.1578125 0.15625
8 0.28828125 0.296875 0.078125 0.10703125
14 0.271875 0.2640625 0.15625 0.290625
8 0.40390625 0.32109375 0.1109375 0.1671875
8 0.1234375 0.3421875 0.09375 0.134375
14 0.3890625 0.2515625 0.140625 0.315625
14 0.12734375 0.26875 0.1953125 0.28125
3 0.45703125 0.27109375 0.0046875 0.0796875
3 0.3515625 0.27890625 0.0203125 0.06484375
3 0.25 0.27265625 0.01875 0.05546875
3 0.33203125 0.26328125 0.01171875 0.04921875
3 0.06796875 0.30859375 0.01875 0.059375
3 0.02265625 0.16484375 0.01328125 0.06328125
4 0.01015625 0.14453125 0.0203125 0.0421875
4 0.12421875 0.3 0.08515625 0.05390625
4 0.28828125 0.25703125 0.065625 0.03125
4 0.40625 0.2609375 0.09765625 0.06328125
8 0.86171875 0.12109375 0.1421875 0.2421875
14 0.54375 0.2046875 0.16875 0.409375
14 0.82890625 0.2046875 0.3421875 0.409375
3 0.9703125 0.0796875 0.034375 0.1421875
4 0.8671875 0.03125 0.121875 0.0625
2 0.59765625 0.80390625 0.2765625 0.3921875
3 0.584375 0.52890625 0.0390625 0.046875
4 0.64765625 0.5078125 0.0328125 0.03359375