12 0.36875 0.2292245375 0.3595703125 0.22378472187499998 0.3380859375 0.23420138906250001 0.321484375 0.2845486109375 0.3263671875 0.28975694375 0.36875 0.2937225875 0.36875 0.2292245375
12 0.126171875 0.24635416718749997 0.1203125 0.29149305625 0.13203125 0.29149305625 0.1701171875 0.286284721875 0.173046875 0.2810763890625 0.1623046875 0.23420138906250001 0.1544921875 0.22725694375 0.1408203125 0.22725694375 0.126171875 0.24635416718749997
12 0 0.28834763125 0.0275390625 0.27586805625 0.032421875 0.263715278125 0.0080078125 0.216840278125 0 0.216840278125 0 0.28834763125
11 0.145703125 0.41649305625000005 0.1603515625 0.44600694374999994 0.1740234375 0.45989583281249996 0.17890625 0.458159721875 0.17890625 0.4373263890625 0.173046875 0.426909721875 0.17109375 0.40260416718750003 0.1662109375 0.3904513890625 0.145703125 0.4060763890625 0.145703125 0.41649305625000005
4 0.327990684375 0.290579896875 0.3237481859375 0.30006548125 0.32906486875 0.3100101984375 0.3450148328125 0.314485328125 0.34669375156250004 0.2955903703125 0.327990684375 0.290579896875
4 0.1267520296875 0.30553508749999997 0.14773883593749998 0.30404338124999997 0.14689937656250002 0.2911152390625 0.1278832484375 0.2924457015625 0.1267520296875 0.30553508749999997
3 0.1676063625 0.2906180109375 0.1632169046875 0.29120183125 0.15781252031249998 0.3139880984375 0.16452828125000002 0.3184632125 0.1690054828125 0.309015740625 0.17096424375 0.2980765484375 0.1676063625 0.2906180109375
3 0.36875 0.299664928125 0.3629745015625 0.299908915625 0.3598455171875 0.321943865625 0.365721796875 0.326418996875 0.36875 0.319961803125 0.36875 0.299664928125
7 0.3313034265625 0.36023103125 0.34109727031250003 0.3597337828125 0.34613411250000004 0.356253146875 0.35173059375000004 0.3448167078125 0.35564815625 0.33536923750000003 0.35676743593750004 0.32343556875 0.35564815625 0.31697150625 0.3531297140625 0.30951296875 0.3416569515625 0.3124963765625 0.3293900359375 0.3092379328125 0.32766574843749996 0.3164742796875 0.32906486875 0.3254245203125 0.33102362812499997 0.3279107 0.3313034265625 0.340341596875 0.3313034265625 0.35277249374999997 0.3313034265625 0.36023103125
7 0.1485783171875 0.3388498921875 0.153615159375 0.3204521609375 0.1522160390625 0.3100101984375 0.142422196875 0.308021265625 0.13318799375 0.302551659375 0.127031871875 0.307026790625 0.1287108109375 0.3174687359375 0.12899063125000002 0.32940240468750004 0.1329081734375 0.3418333 0.142422196875 0.34630843125 0.1485783171875 0.3388498921875
4 0.012597365625 0.30544779218749996 0.0274280515625 0.2984865109375 0.0229508921875 0.2795915328125 0.0097991265625 0.2860556140625 0.012597365625 0.30544779218749996
8 0.020436184375 0.343651334375 0.0220765296875 0.336988846875 0.0230919875 0.3317143765625 0.0246298109375 0.322851046875 0.026028931249999998 0.31439804374999997 0.028547373437500002 0.3079339703125 0.026780017187499998 0.299908915625 0.015955290625 0.302464384375 0.007280726562500001 0.302464384375 0.0039228453125 0.31588976562500004 0.0070008843749999996 0.33627641875 0.014556168750000001 0.345226659375 0.020436184375 0.343651334375
16 0.6671875 0.33828125 0.596875 0.3828125
8 0.51796875 0.06171875 0.2953125 0.1234375
11 0.45703125 0.190625 0.1765625 0.165625
0 1 1 1 0.6802888671874999 0.9853246734375001 0.65674085625 0.8898437140625 0.6542968765625 0.86503219375 0.9253351515624999 0.8655473296875 1 1 1
0 0.853799146875 1 0.857220990625 0.8488170484375 0.857220990625 0.666110459375 0.7609374640625 0.6601562515625 0.6900611734375 0.7769836578125 0.7088081328125 0.9362664453124999 0.7201432390625 1 0.853799146875 1