8 0.37265625 0.1 0.1421875 0.2
14 0.06953125 0.21484375 0.1390625 0.4296875
14 0.359375 0.21484375 0.38125 0.4296875
3 0.48125 0.05390625 0.034375 0.1078125
14 0.66171875 0.21484375 0.2234375 0.4296875
11 0.6109375 0.29765625 0.06171875 0.1390625
12 0.15859375 0.45859375 0.0953125 0.0578125
12 0.37109375 0.48046875 0.1140625 0.1015625
8 0.1671875 0.51171875 0.06796875 0.09140625
8 0.35703125 0.56640625 0.0765625 0.1
14 0.14296875 0.71484375 0.1578125 0.5703125
16 0.14375 0.7359375 0.18828125 0.33671875
14 0.3765625 0.71484375 0.134375 0.5703125
10 0.0796875 0.7515625 0.06953125 0.07890625
16 0.39609375 0.784375 0.17578125 0.35234375
10 0.2546875 0.8234375 0.09453125 0.09765625
10 0.1984375 0.91484375 0.04453125 0.05234375
10 0.23203125 0.96796875 0.0453125 0.0640625
9 0.18046875 0.49375 0.04296875 0.0359375
9 0.3375 0.53046875 0.04140625 0.0375
3 0.3796875 0.5390625 0.015625 0.0390625
3 0.13515625 0.49921875 0.02109375 0.05078125
2 0.640625 0.60234375 0.18125 0.3453125
2 0.96640625 0.571875 0.0671875 0.21875