12 0.565625 0.3796875 0.0953125 0.08515625
12 0.778125 0.41328125 0.11328125 0.1046875
8 0.5734375 0.44609375 0.06796875 0.09140625
8 0.76328125 0.50078125 0.0765625 0.1
14 0.54921875 0.64609375 0.1578125 0.67578125
16 0.55 0.6703125 0.18828125 0.33671875
14 0.78359375 0.67578125 0.13515625 0.628125
10 0.4859375 0.6859375 0.06953125 0.07890625
16 0.80234375 0.71875 0.17578125 0.35234375
10 0.6609375 0.7578125 0.09453125 0.09765625
10 0.6046875 0.84921875 0.04453125 0.05234375
10 0.6390625 0.9078125 0.04609375 0.07265625
9 0.58671875 0.428125 0.04296875 0.0359375
9 0.74375 0.46484375 0.04140625 0.0375
3 0.7859375 0.4734375 0.015625 0.0390625
3 0.54140625 0.43359375 0.02109375 0.05078125