12 0.54296875 0.04296875 0.0515625 0.0859375
12 0.25859375 0.07421875 0.09140625 0.0921875
8 0.11484375 0.07890625 0.07265625 0.12578125
8 0.4 0.090625 0.0609375 0.0953125
8 0.55390625 0.12265625 0.0296875 0.0953125
8 0.2625 0.1453125 0.07890625 0.1203125
11 0.1171875 0.27421875 0.0578125 0.08125
16 0.42109375 0.2765625 0.1625 0.35234375
16 0.05859375 0.2828125 0.1171875 0.434375
14 0.53359375 0.25 0.0703125 0.5
14 0.42578125 0.25 0.2109375 0.5
11 0.26171875 0.33984375 0.06328125 0.08828125
16 0.23125 0.3390625 0.15 0.321875
14 0.23359375 0.26875 0.1671875 0.4625
11 0.321875 0.4390625 0.04921875 0.0703125
12 0.39140625 0.02109375 0.0859375 0.0421875
12 0.11640625 0.04140625 0.1046875 0.0828125
2 0.93671875 0.0953125 0.1265625 0.190625
16 0.26171875 0.7171875 0.1578125 0.4234375
11 0.45625 0.7734375 0.046875 0.08203125
11 0.51171875 0.7890625 0.0484375 0.13359375
14 0.26015625 0.75 0.1671875 0.5
14 0.8265625 0.92265625 0.346875 0.1546875
8 0.89453125 0.94140625 0.0453125 0.0546875
3 0.9546875 0.9203125 0.03828125 0.053125
11 0.8109375 0.8953125 0.078125 0.07421875