12 0.0671875 0.03671875 0.134375 0.0734375
14 0.2703125 0.225 0.278125 0.45
11 0.2578125 0.0703125 0.09375 0.140625
16 0.28125 0.19375 0.2375 0.3875
8 0.06015625 0.13828125 0.10859375 0.140625
14 0.09140625 0.225 0.1828125 0.45
16 0.0828125 0.32734375 0.165625 0.2453125
9 0.05078125 0.0984375 0.08984375 0.071875
3 0.109375 0.10234375 0.02265625 0.07265625
12 0.73671875 0.03359375 0.0734375 0.0671875
12 0.56171875 0.04140625 0.06640625 0.0796875
12 0.453125 0.0859375 0.0875 0.121875
8 0.7296875 0.09765625 0.05390625 0.06484375
8 0.57734375 0.10078125 0.0421875 0.0921875
8 0.48203125 0.16796875 0.053125 0.0765625
10 0.6546875 0.27890625 0.03984375 0.075
16 0.578125 0.2828125 0.15390625 0.3203125
16 0.74375 0.27734375 0.140625 0.3453125
14 0.77890625 0.225 0.2484375 0.45
14 0.60234375 0.225 0.2015625 0.45
14 0.47578125 0.23671875 0.1328125 0.4265625
16 0.4796875 0.31484375 0.140625 0.2703125
9 0.57734375 0.08671875 0.04375 0.034375
16 0.17421875 0.51875 0.1109375 0.1375
16 0.02421875 0.52421875 0.0484375 0.1484375
16 0.34296875 0.5390625 0.1140625 0.178125
14 0.171875 0.67734375 0.1625 0.4546875
14 0.0375 0.68125 0.075 0.4625
14 0.3375 0.68203125 0.14375 0.4640625
11 0.40078125 0.6234375 0.0171875 0.046875
11 0.2796875 0.6375 0.03046875 0.05078125
11 0.121875 0.63984375 0.0375 0.0546875
15 0.03203125 0.84609375 0.05546875 0.1046875
15 0.1484375 0.89296875 0.059375 0.06796875
15 0.18984375 0.89609375 0.03359375 0.05078125
15 0.3234375 0.896875 0.04609375 0.05
15 0.375 0.875 0.0453125 0.08671875
8 0.90390625 0.65859375 0.10546875 0.1875
14 0.8328125 0.725 0.334375 0.55
16 0.8671875 0.85859375 0.2625 0.2828125
12 0.89375 0.53046875 0.1578125 0.15390625
9 0.9140625 0.59140625 0.0703125 0.07578125
3 0.85234375 0.61875 0.02578125 0.0578125