8 0.22578125 0.25234375 0.05390625 0.0671875
14 0.41640625 0.19921875 0.1671875 0.3203125
14 0.3453125 0.24140625 0.1 0.2359375
10 0.34296875 0.33984375 0.0453125 0.0390625
16 0.15 0.31171875 0.159375 0.0953125
16 0.41875 0.29140625 0.1625 0.1359375
14 0.165625 0.25625 0.19375 0.20625
12 0.40234375 0.08671875 0.1203125 0.09375
12 0.35234375 0.140625 0.04765625 0.0671875
8 0.3953125 0.18515625 0.0578125 0.07890625
12 0.21953125 0.19375 0.07421875 0.0734375
3 0.509375 0.19140625 0.01875 0.1453125
4 0.6453125 0.11875 0.17265625 0.109375
8 0.16953125 0.42578125 0.1234375 0.1328125
14 0.21796875 0.66484375 0.3921875 0.6109375
16 0.228125 0.7078125 0.29765625 0.45234375
11 0.1203125 0.88515625 0.16015625 0.12734375
9 0.1515625 0.371875 0.078125 0.025
3 0.23671875 0.3859375 0.0328125 0.053125
14 0.72734375 0.47578125 0.0640625 0.13515625
16 0.71953125 0.5140625 0.065625 0.078125
12 0.728125 0.53671875 0.03828125 0.04453125
12 0.54453125 0.55390625 0.03671875 0.040625
8 0.728125 0.5625 0.03828125 0.04375
12 0.64609375 0.5625 0.03984375 0.04453125
12 0.8125 0.565625 0.0390625 0.0390625
12 0.87734375 0.56640625 0.03671875 0.0375
8 0.54453125 0.59609375 0.034375 0.04921875
8 0.6453125 0.59609375 0.0359375 0.03125
8 0.87578125 0.603125 0.0359375 0.03828125
8 0.8109375 0.6046875 0.040625 0.04921875
16 0.7203125 0.66953125 0.0859375 0.165625
16 0.6375 0.6734375 0.075 0.15546875
16 0.81015625 0.67578125 0.0921875 0.1453125
16 0.54609375 0.7140625 0.0921875 0.215625
16 0.88671875 0.71875 0.09140625 0.21328125
11 0.7109375 0.7203125 0.0359375 0.02578125
11 0.790625 0.725 0.0296875 0.0234375
11 0.61640625 0.7265625 0.025 0.03828125
11 0.83515625 0.73046875 0.02734375 0.03828125
11 0.51796875 0.73671875 0.025 0.03984375
11 0.66171875 0.73828125 0.02421875 0.02890625
11 0.57265625 0.74140625 0.01953125 0.04921875
14 0.72265625 0.7578125 0.09609375 0.47265625
14 0.89296875 0.76484375 0.096875 0.43046875
14 0.634375 0.76640625 0.0828125 0.45390625
14 0.546875 0.765625 0.09375 0.46875
14 0.8078125 0.76796875 0.08984375 0.44296875
14 0.5515625 0.4578125 0.09375 0.196875
14 0.64140625 0.4703125 0.1046875 0.221875
12 0.72421875 0.425 0.03671875 0.03828125
15 0.6890625 0.96875 0.03046875 0.04375
15 0.7421875 0.9671875 0.0515625 0.046875
15 0.78671875 0.97109375 0.0328125 0.05078125
15 0.83046875 0.9734375 0.0328125 0.034375
15 0.88046875 0.9671875 0.0328125 0.03671875
15 0.8578125 0.96484375 0.02109375 0.0375
15 0.65 0.96953125 0.03203125 0.046875
15 0.609375 0.96953125 0.03203125 0.046875
14 0.55859375 0.97109375 0.0453125 0.0515625
14 0.51015625 0.97265625 0.0203125 0.0546875
9 0.546875 0.58046875 0.025 0.015625