14 0.10859375 0.23984375 0.2171875 0.4796875
16 0.07890625 0.2828125 0.1578125 0.39375
11 0.459375 0.41328125 0.11875 0.1328125
16 0.640625 0.11015625 0.128125 0.2203125
16 0.81640625 0.175 0.1140625 0.309375
14 0.6515625 0.23984375 0.11875 0.4796875
14 0.81796875 0.23984375 0.1234375 0.4796875
11 0.884375 0.2828125 0.034375 0.078125
11 0.68046875 0.3109375 0.0546875 0.09921875
11 0.79296875 0.35546875 0.03828125 0.08671875
2 0.10630387968749999 1 0.1125 0.98203125 0.1109375 0.96796875 0.1171875 0.96171875 0.1125 0.95234375 0.121875 0.91171875 0.1171875 0.87578125 0.125 0.84609375 0.1484375 0.80390625 0.1953125 0.75859375 0.1953125 0.74765625 0.1734375 0.71640625 0.175 0.70390625 0.1546875 0.69296875 0.1734375 0.68671875 0.1765625 0.66484375 0.16328125 0.6484375 0.13515625 0.6390625 0.1234375 0.64609375 0.11875 0.66640625 0.0953125 0.70859375 0.109375 0.75390625 0.08046875 0.859375 0.0296875 0.83046875 0.05 0.77578125 0.03671875 0.7640625 0.028125 0.76640625 0.01015625 0.821875 0 0.8170176625 0 0.92666193125 0.02109375 0.86875 0.06484375 0.890625 0.0671875 0.91015625 0.0515625 0.92578125 0.03125 0.99921875 0.03240625 1 0.10630387968749999 1
2 0.925 0.76484375 0.15 0.4703125
2 0.603125 0.91640625 0.121875 0.1671875