12 0.18828125 0.0828125 0.1046875 0.165625
16 0.24921875 0.16015625 0.17265625 0.290625
14 0.22578125 0.3046875 0.2171875 0.609375
10 0.19453125 0.3796875 0.04140625 0.096875
12 0.38203125 0.38125 0.0953125 0.15625
10 0.22734375 0.39296875 0.03984375 0.10234375
14 0.3765625 0.45625 0.10625 0.30625
8 0.7046875 0.1890625 0.10703125 0.2734375
14 0.61015625 0.3046875 0.3609375 0.609375
11 0.7171875 0.3828125 0.05703125 0.2
16 0.540625 0.4140625 0.221875 0.390625
12 0.70859375 0.05703125 0.2015625 0.1140625
9 0.7171875 0.14921875 0.09140625 0.13359375
16 0.03984375 0.68203125 0.0796875 0.1453125
16 0.20078125 0.690625 0.1265625 0.1625
14 0.03125 0.8046875 0.0625 0.390625
14 0.19609375 0.8046875 0.1578125 0.390625
11 0.1390625 0.79921875 0.04375 0.07890625
15 0.00859375 0.98359375 0.0171875 0.0328125
15 0.04296875 0.9796875 0.0328125 0.040625
12 0.53125 0.721875 0.18984375 0.14765625
11 0.85 0.79375 0.09296875 0.1109375
8 0.54609375 0.8171875 0.103125 0.12734375
14 0.54765625 0.8046875 0.2359375 0.390625
16 0.5265625 0.9171875 0.19375 0.165625