8 0.0234375 0.084375 0.046875 0.16875
13 0.2234375 0.1421875 0.1296875 0.09375
14 0.05546875 0.26484375 0.1109375 0.5296875
8 0.21875 0.28671875 0.125 0.17421875
14 0.259375 0.3078125 0.3 0.44375
11 0.06875 0.4890625 0.1375 0.08125
9 0.20390625 0.24609375 0.10234375 0.075
3 0.2875 0.20703125 0.028125 0.08515625
14 0.76640625 0.203125 0.1859375 0.40625
14 0.53515625 0.26484375 0.2515625 0.5296875
16 0.51875 0.23671875 0.21875 0.4734375
10 0.946875 0.41171875 0.10625 0.1234375
10 0.54140625 0.4546875 0.171875 0.1484375
12 0.44296875 0.62890625 0.05078125 0.059375
12 0.534375 0.64921875 0.0609375 0.0421875
14 0.43828125 0.6609375 0.0578125 0.125
12 0.78203125 0.67109375 0.04140625 0.03984375
8 0.53515625 0.7015625 0.05 0.0515625
12 0.94765625 0.7140625 0.06796875 0.0515625
16 0.42421875 0.71953125 0.0296875 0.1140625
12 0.4625 0.73046875 0.0484375 0.06171875
10 0.63359375 0.76953125 0.065625 0.0578125
14 0.79765625 0.79453125 0.0953125 0.30546875
14 0.5453125 0.79921875 0.10390625 0.34609375
16 0.5375 0.80078125 0.08671875 0.1421875
16 0.990625 0.81953125 0.01875 0.1421875
16 0.8046875 0.8375 0.09375 0.15078125
16 0.4625 0.88828125 0.0875 0.16015625
14 0.453125 0.84921875 0.0875 0.3015625
14 0.94765625 0.84453125 0.1046875 0.3109375