12 0.7609375 0.05390625 0.15 0.1078125
12 0.53515625 0.08984375 0.15625 0.12265625
8 0.75703125 0.1453125 0.10703125 0.15390625
12 0.33125 0.153125 0.025 0.02734375
8 0.534375 0.19765625 0.0828125 0.11953125
16 0.32734375 0.21015625 0.0515625 0.075
14 0.32421875 0.20234375 0.0484375 0.1328125
14 0.5390625 0.140625 0.246875 0.25625
14 0.8046875 0.134375 0.325 0.26875
4 0.7453125 0.11171875 0.0859375 0.05390625
4 0.5328125 0.1609375 0.071875 0.0421875
5 0.125 0.634375 0.25 0.73125
16 0.9609375 0.28828125 0.078125 0.0390625
14 0.96015625 0.3828125 0.0703125 0.228125
16 0.740625 0.3859375 0.16875 0.234375
14 0.68046875 0.609375 0.3234375 0.68125
15 0.7890625 0.91484375 0.12109375 0.08125
15 0.56875 0.81015625 0.11484375 0.1046875
15 0.95078125 0.48125 0.03203125 0.0390625
15 0.978125 0.48359375 0.025 0.0375