3 0.18671875 0.2046875 0.15078125 0.28046875
3 0.396875 0.11640625 0.04375 0.2328125
7 0.815625 0.1390625 0.01953125 0.0359375
14 0.59453125 0.1421875 0.065625 0.1265625
14 0.8046875 0.22265625 0.09140625 0.25
14 0.51875 0.334375 0.2 0.45
13 0.4734375 0.15859375 0.10234375 0.096875
13 0.59609375 0.09375 0.0234375 0.02890625
13 0.8171875 0.1109375 0.0265625 0.021875
11 0.8140625 0.2109375 0.01875 0.021875
8 0.59453125 0.1234375 0.0203125 0.0265625
15 0.6140625 0.2953125 0.02890625 0.0515625
15 0.765625 0.2796875 0.0328125 0.03203125
15 0.5828125 0.29765625 0.02578125 0.04296875
2 0.8671875 0.60859375 0.86640625 0.5828125 0.853125 0.58515625 0.834375 0.62578125 0.75546875 0.7109375 0.709375 0.73671875 0.70625 0.75390625 0.715625 0.75703125 0.74140625 0.7421875 0.76953125 0.709375 0.78125 0.70859375 0.7828125 0.69453125 0.8453125 0.62265625 0.8671875 0.60859375