14 0.4953125 0.125 0.128125 0.25
8 0.0796875 0.3125 0.05 0.125
8 0.53125 0.34140625 0.040625 0.1
8 0.3265625 0.3484375 0.03984375 0.10390625
14 0.33828125 0.4625 0.1703125 0.425
14 0.51953125 0.4796875 0.0796875 0.459375
16 0.32734375 0.5171875 0.121875 0.29375
10 0.48984375 0.58203125 0.06640625 0.09140625
11 0.221875 0.6078125 0.0671875 0.1125
14 0.075 0.625 0.15 0.75
16 0.06484375 0.696875 0.1296875 0.60625
12 0.0515625 0.27578125 0.103125 0.0515625
12 0.5296875 0.28125 0.059375 0.0625
12 0.31328125 0.28125 0.0734375 0.0625
1 0.6890625 0.42109375 0.06328125 0.18984375
14 0.70546875 0.625 0.2921875 0.75
9 0.775 0.45 0.09140625 0.125