12 0.3640625 0.05703125 0.109375 0.1140625
8 0.36875 0.184375 0.1 0.178125
12 0.0734375 0.32265625 0.146875 0.1359375
14 0.3484375 0.24453125 0.140625 0.4890625
8 0.040625 0.42578125 0.07265625 0.1109375
14 0.10078125 0.359375 0.2015625 0.259375
9 0.04609375 0.3953125 0.08203125 0.065625
9 0.35390625 0.12890625 0.07578125 0.0671875
14 0.94140625 0.37109375 0.1171875 0.2359375
14 0.82890625 0.37265625 0.1140625 0.2328125
14 0.70625 0.37109375 0.14375 0.2359375
12 0.83203125 0.29609375 0.084375 0.07890625
12 0.73515625 0.296875 0.1 0.084375
12 0.92890625 0.2984375 0.0890625 0.084375
8 0.8328125 0.35234375 0.05234375 0.075
8 0.74375 0.3640625 0.059375 0.071875
16 0.94296875 0.43671875 0.1140625 0.1046875
16 0.81875 0.4453125 0.1375 0.0875
16 0.709375 0.43828125 0.13125 0.1015625
9 0.74375 0.35078125 0.0609375 0.034375
9 0.83203125 0.3375 0.06171875 0.0375
9 0.92734375 0.34140625 0.05625 0.034375
8 0.928125 0.35078125 0.04375 0.065625
5 0.209375 0.809375 0.41875 0.38125
5 0.2125 0.70390625 0.4125 0.4296875
12 0.471875 0.69140625 0.10625 0.1796875
12 0.8921875 0.77265625 0.215625 0.1765625
8 0.853125 0.890625 0.1234375 0.1953125
14 0.8484375 0.8515625 0.303125 0.296875
9 0.8421875 0.8671875 0.11328125 0.07109375