8 0.05625 0.096875 0.1125 0.19375
13 0.2890625 0.1671875 0.1296875 0.09375
14 0.08828125 0.34453125 0.1765625 0.6890625
8 0.284375 0.31171875 0.125 0.17421875
14 0.33203125 0.4 0.3140625 0.578125
16 0.07578125 0.428125 0.1515625 0.521875
11 0.1265625 0.5625 0.153125 0.17578125
11 0.290625 0.6140625 0.071875 0.13203125
11 0.1625 0.65390625 0.103125 0.0703125
9 0.26953125 0.27109375 0.10234375 0.075
3 0.353125 0.23203125 0.028125 0.08515625
14 0.8546875 0.29375 0.1234375 0.175
14 0.56796875 0.3484375 0.1578125 0.140625
10 0.61484375 0.38125 0.046875 0.03125
12 0.8296875 0.225 0.04765625 0.028125
12 0.496875 0.22734375 0.015625 0.0140625
14 0.5015625 0.2625 0.025 0.084375
16 0.4953125 0.26796875 0.0125 0.0484375
16 0.8625 0.271875 0.07109375 0.06640625
12 0.84375 0.77265625 0.01640625 0.01875
16 0.84453125 0.8265625 0.03984375 0.06328125
14 0.84296875 0.86171875 0.0578125 0.196875
14 0.90859375 0.71171875 0.0453125 0.0453125
14 0.9796875 0.709375 0.03125 0.040625