14 0.37890625 0.2046875 0.2015625 0.409375
16 0.39921875 0.13125 0.1609375 0.2625
10 0.74296875 0.08046875 0.0921875 0.1609375
14 0.821875 0.2046875 0.171875 0.409375
14 0.96328125 0.2046875 0.0734375 0.409375
16 0.81953125 0.2078125 0.1765625 0.403125
16 0.96640625 0.2046875 0.0671875 0.409375
5 0.23984375 0.7859375 0.4796875 0.428125
12 0.78515625 0.546875 0.1 0.0890625
12 0.5 0.57890625 0.040625 0.0921875
8 0.6171875 0.5953125 0.0609375 0.0953125
8 0.78515625 0.62734375 0.05625 0.0953125
8 0.49921875 0.64921875 0.0390625 0.1203125
16 0.63828125 0.78125 0.1625 0.35234375
14 0.83203125 0.73359375 0.2328125 0.5328125
14 0.64296875 0.73515625 0.2109375 0.5296875
16 0.84921875 0.82265625 0.1765625 0.3546875
11 0.49453125 0.84375 0.0296875 0.0875
14 0.84921875 0.75078125 0.2078125 0.4984375
16 0.5015625 0.84140625 0.04375 0.3171875
14 0.50703125 0.77109375 0.0546875 0.4578125
11 0.80703125 0.91328125 0.0640625 0.08828125
11 0.5390625 0.94375 0.04921875 0.0703125
12 0.609375 0.50546875 0.0859375 0.08515625