12 0.1328125 0.0265625 0.1 0.053125
12 0.0328125 0.03828125 0.065625 0.0765625
8 0.13359375 0.07890625 0.06875 0.0953125
8 0.02265625 0.09375 0.0453125 0.115625
14 0.14453125 0.2796875 0.1640625 0.559375
14 0.02421875 0.2796875 0.0484375 0.559375
16 0.01640625 0.3203125 0.0328125 0.4
16 0.1546875 0.34765625 0.1703125 0.38984375
9 0.025 0.06796875 0.05 0.0578125
9 0.1296875 0.04921875 0.0703125 0.05
3 0.17265625 0.06640625 0.0140625 0.0421875
11 0.60078125 0.35390625 0.06640625 0.10625
14 0.74921875 0.3078125 0.3484375 0.503125
16 0.7921875 0.4234375 0.253125 0.271875
11 0.7421875 0.54375 0.09375 0.03125
12 0.78125 0.159375 0.16171875 0.19921875
8 0.7765625 0.30234375 0.08125 0.1125
9 0.7609375 0.2578125 0.08515625 0.0609375