14 0.1640625 0.15 0.15 0.3
14 0.32421875 0.19765625 0.1703125 0.3953125
16 0.39140625 0.15546875 0.0359375 0.3109375
10 0.09921875 0.17265625 0.06640625 0.09140625
11 0.22890625 0.32734375 0.08671875 0.1171875
8 0.7546875 0.05078125 0.1375 0.1015625
14 0.778125 0.2546875 0.44375 0.509375
16 0.81875 0.29296875 0.340625 0.4328125
11 0.6203125 0.39453125 0.11953125 0.19765625
11 0.02890625 0.671875 0.0578125 0.325
12 0.65 0.66640625 0.040625 0.04609375
12 0.815625 0.6921875 0.040625 0.03984375
12 0.5578125 0.69375 0.04609375 0.0375
12 0.91640625 0.69765625 0.03671875 0.03984375
8 0.6515625 0.71015625 0.03125 0.046875
12 0.7390625 0.72421875 0.04296875 0.03828125
8 0.8109375 0.7265625 0.040625 0.04609375
8 0.56015625 0.7296875 0.03125 0.05859375
8 0.91796875 0.7328125 0.03828125 0.04140625
8 0.73671875 0.7609375 0.03203125 0.034375
16 0.65 0.79375 0.0890625 0.1484375
16 0.91796875 0.81171875 0.08125 0.13828125
16 0.54921875 0.83828125 0.0859375 0.17265625
16 0.7328125 0.8484375 0.065625 0.15
11 0.875 0.87109375 0.03671875 0.04453125
11 0.7875 0.875 0.02265625 0.0484375
11 0.95 0.8828125 0.02109375 0.046875
14 0.6421875 0.82265625 0.096875 0.3546875
14 0.921875 0.8390625 0.128125 0.321875
14 0.8265625 0.83515625 0.115625 0.3296875
14 0.546875 0.83515625 0.0875 0.3296875
14 0.73359375 0.8515625 0.0765625 0.296875
11 0.84453125 0.91328125 0.0203125 0.0375
11 0.76796875 0.9203125 0.0234375 0.03828125
11 0.59375 0.9234375 0.025 0.03984375
11 0.70859375 0.9234375 0.0234375 0.04296875
11 0.51171875 0.93203125 0.0234375 0.04296875
9 0.815625 0.71171875 0.03359375 0.0296875
9 0.5578125 0.71484375 0.03515625 0.02578125
9 0.65078125 0.69140625 0.034375 0.02109375