12 0.09765625 0.02578125 0.1640625 0.0515625
8 0.09453125 0.10078125 0.13203125 0.1734375
14 0.159375 0.3046875 0.31875 0.609375
16 0.1390625 0.38203125 0.278125 0.4546875
3 0.03515625 0.04921875 0.02890625 0.06875
4 0.10546875 0.04921875 0.10625 0.0640625
12 0.9140625 0.1140625 0.15 0.14921875
12 0.68828125 0.16953125 0.15625 0.12265625
8 0.91015625 0.225 0.10703125 0.15390625
12 0.484375 0.2328125 0.025 0.02734375
8 0.6875 0.27734375 0.0828125 0.11953125
16 0.48046875 0.28984375 0.0515625 0.075
14 0.478125 0.31328125 0.0484375 0.1953125
16 0.334375 0.3265625 0.03125 0.121875
14 0.3359375 0.37109375 0.034375 0.3546875
14 0.6921875 0.35078125 0.246875 0.5171875
14 0.89765625 0.32421875 0.2046875 0.5703125
16 0.70390625 0.46796875 0.2265625 0.2828125
16 0.903125 0.4578125 0.19375 0.303125
4 0.8984375 0.19140625 0.0859375 0.05390625
4 0.6859375 0.240625 0.071875 0.0421875
1 0.12890625 0.8046875 0.2578125 0.390625
12 0.32578125 0.85859375 0.0140625 0.0203125
12 0.40234375 0.86015625 0.04140625 0.04140625
14 0.39921875 0.921875 0.0921875 0.15625
14 0.3359375 0.92421875 0.034375 0.1515625
12 0.74140625 0.81484375 0.0984375 0.09140625
14 0.75078125 0.88359375 0.1921875 0.2328125
16 0.33203125 0.925 0.0265625 0.084375
16 0.38984375 0.9484375 0.0765625 0.103125
16 0.7390625 0.95 0.153125 0.1