12 0.6296875 0.2015625 0.07109375 0.08046875
12 0.72890625 0.2140625 0.1046875 0.09765625
12 0.359375 0.21796875 0.08359375 0.09765625
12 0.421875 0.25703125 0.05390625 0.075
8 0.6296875 0.26484375 0.04765625 0.0828125
8 0.34765625 0.27265625 0.05234375 0.08828125
8 0.72421875 0.2953125 0.0484375 0.084375
12 0.2296875 0.2984375 0.10390625 0.1125
8 0.425 0.30859375 0.0546875 0.065625
12 0.51484375 0.31484375 0.0796875 0.0828125
8 0.4953125 0.37421875 0.04375 0.08046875
8 0.2328125 0.3765625 0.07109375 0.08046875
16 0.64140625 0.41171875 0.11015625 0.25703125
16 0.31875 0.4421875 0.0953125 0.290625
11 0.3375 0.4765625 0.06015625 0.0828125
16 0.4296875 0.48203125 0.08984375 0.27734375
16 0.7703125 0.4875 0.1453125 0.31171875
16 0.5296875 0.5515625 0.12109375 0.3078125
14 0.64453125 0.559375 0.1234375 0.79921875
11 0.6390625 0.56484375 0.07890625 0.0828125
16 0.19296875 0.56640625 0.13359375 0.3375
14 0.33359375 0.57890625 0.13515625 0.83515625
14 0.76640625 0.58359375 0.1578125 0.8328125
14 0.4328125 0.5921875 0.1015625 0.73359375
14 0.19296875 0.62109375 0.17109375 0.7578125
14 0.53125 0.6375 0.13125 0.725
11 0.16015625 0.7421875 0.05 0.084375
15 0.5125 0.95703125 0.06015625 0.0859375
15 0.584375 0.9625 0.05 0.075
15 0.409375 0.91640625 0.04375 0.103125
15 0.47734375 0.89296875 0.0546875 0.0921875
15 0.6203125 0.9140625 0.06484375 0.08046875
15 0.68671875 0.9359375 0.0515625 0.08046875
15 0.3578125 0.971875 0.10390625 0.05625
9 0.496875 0.35546875 0.0484375 0.04140625
3 0.2109375 0.35546875 0.01875 0.03984375
3 0.334375 0.2546875 0.0203125 0.04140625