14 0.08984375 0.2734375 0.1796875 0.353125
1 0.753125 0.2046875 0.284375 0.409375
14 0.76796875 0.225 0.4609375 0.45
1 0.21328125 0.60390625 0.1921875 0.3078125
4 0.1140625 0.65390625 0.228125 0.2703125
12 0.7140625 0.725 0.08359375 0.14375
12 0.55625 0.7671875 0.071875 0.128125
12 0.84296875 0.7671875 0.10234375 0.1640625
8 0.71484375 0.8390625 0.0578125 0.12421875
14 0.721875 0.82578125 0.1375 0.3484375
8 0.83828125 0.88125 0.05546875 0.13203125
8 0.5609375 0.88515625 0.06875 0.13984375
14 0.56796875 0.85 0.1734375 0.3
14 0.8765625 0.84453125 0.146875 0.3109375
16 0.73203125 0.93671875 0.1390625 0.1265625
16 0.54609375 0.9671875 0.1390625 0.065625
16 0.87578125 0.94921875 0.1546875 0.1015625