8 0.4984375 0.11640625 0.0625 0.1828125
8 0.2234375 0.13359375 0.10390625 0.175
14 0.4953125 0.259375 0.06875 0.51875
14 0.19453125 0.259375 0.2046875 0.51875
12 0.2203125 0.0375 0.13125 0.075
12 0.5046875 0.08671875 0.05 0.1734375
9 0.24296875 0.09296875 0.0828125 0.06015625
3 0.16796875 0.1171875 0.03203125 0.07734375
4 0.49453125 0.08828125 0.0703125 0.0609375
12 0.95234375 0.059375 0.0953125 0.090625
8 0.9625 0.11328125 0.0703125 0.06953125
12 0.65234375 0.1453125 0.10234375 0.0796875
8 0.67109375 0.203125 0.07109375 0.09296875
16 0.94375 0.2765625 0.1125 0.209375
16 0.68671875 0.2984375 0.2 0.21796875
14 0.9078125 0.26171875 0.184375 0.5140625
14 0.67109375 0.2984375 0.2359375 0.440625
11 0.98046875 0.4015625 0.0390625 0.065625
11 0.8875 0.41796875 0.04296875 0.06484375
11 0.6375 0.45 0.0515625 0.09453125
11 0.68046875 0.45625 0.05390625 0.08203125
9 0.9578125 0.1 0.04296875 0.02265625
9 0.6578125 0.19375 0.04765625 0.03984375
3 0.98984375 0.0984375 0.01171875 0.04453125
3 0.68671875 0.1796875 0.01484375 0.0390625
1 0.315625 0.759375 0.428125 0.48125
1 0.8546875 0.62578125 0.290625 0.2140625