12 0.9796875 0.02109375 0.040625 0.0421875
12 0.66875 0.0265625 0.078125 0.053125
12 0.71875 0.03515625 0.06875 0.0703125
13 0.76328125 0.03125 0.028125 0.0359375
12 0.5921875 0.03515625 0.05 0.06875
13 0.80703125 0.03828125 0.03359375 0.0625
16 0.97109375 0.17734375 0.0578125 0.2109375
16 0.66015625 0.1984375 0.128125 0.24921875
14 0.95390625 0.275 0.0921875 0.55
14 0.81484375 0.24375 0.10859375 0.478125
14 0.89765625 0.24453125 0.103125 0.44921875
14 0.56484375 0.275 0.09140625 0.5
14 0.6765625 0.275 0.175 0.55
2 0.4 0.7246448859375001 0.38671875 0.7234375 0.35703125 0.6984375 0.33671875 0.69375 0.29921875 0.6984375 0.27734375 0.690625 0.271875 0.68359375 0.284375 0.67109375 0.27578125 0.6609375 0.26640625 0.6609375 0.2046875 0.68359375 0.2140625 0.70703125 0.2015625 0.74921875 0.215625 0.77265625 0.19375 0.78828125 0.190625 0.80390625 0.20546875 0.8140625 0.22578125 0.809375 0.25859375 0.8296875 0.2765625 0.84765625 0.2796875 0.86484375 0.2703125 0.87109375 0.2703125 0.87890625 0.2765625 0.88046875 0.303125 0.83984375 0.328125 0.82109375 0.3265625 0.80859375 0.3078125 0.78984375 0.30078125 0.7640625 0.31640625 0.7625 0.33515625 0.778125 0.359375 0.78203125 0.37578125 0.871875 0.4 0.86640625 0.384375 0.79140625 0.39140625 0.8046875 0.3953125 0.80078125 0.39921875 0.815625 0.4 0.8153952203125 0.4 0.77828125 0.39296875 0.7609375 0.4 0.75953125 0.4 0.7246448859375001
1 0.746875 0.72734375 0.2625 0.3546875
4 0.57734375 0.80078125 0.3 0.2703125