14 0.846875 0.59296875 0.30546875 0.81328125
14 0.51484375 0.6 0.2546875 0.8
16 0.51875 0.72734375 0.2546875 0.53125
16 0.8375 0.775 0.28046875 0.45
12 0.28046875 0.08125 0.0765625 0.0765625
11 0.765625 0.84921875 0.12421875 0.1578125
16 0.3296875 0.234375 0.0984375 0.18203125
12 0.77421875 0.24375 0.153125 0.153125
12 0.5765625 0.26796875 0.12109375 0.14375
14 0.2703125 0.296875 0.2296875 0.5265625
11 0.2671875 0.36328125 0.1015625 0.2390625
8 0.5671875 0.37578125 0.1015625 0.1671875
8 0.759375 0.3828125 0.0984375 0.1625
3 0.8296875 0.34765625 0.03203125 0.08828125
4 0.74609375 0.33359375 0.08359375 0.06171875
4 0.56875 0.3453125 0.0984375 0.08515625