12 0.09296875 0.3640625 0.07578125 0.10546875
12 0.23671875 0.365625 0.084375 0.0765625
8 0.22265625 0.43125 0.04609375 0.0734375
8 0.096875 0.4359375 0.05390625 0.0765625
11 0.10703125 0.60703125 0.0703125 0.0796875
14 0.07578125 0.4875 0.1390625 0.403125
16 0.09296875 0.578125 0.1328125 0.221875
14 0.253125 0.4984375 0.13125 0.38125
9 0.21171875 0.41953125 0.04375 0.03203125
2 0.93671875 0.11875 0.92890625 0.1171875 0.915625 0.12265625 0.846875 0.23671875 0.84765625 0.2453125 0.87578125 0.2453125 0.9203125 0.26171875 0.9203125 0.20390625 0.8859375 0.18984375 0.91015625 0.1625 0.934375 0.17890625 0.9421875 0.12890625 0.93671875 0.11875
14 0.1109375 0.80234375 0.175 0.2265625
14 0.92109375 0.84453125 0.1578125 0.3109375
14 0.51640625 0.84453125 0.2890625 0.3109375
16 0.5390625 0.8390625 0.25625 0.3
11 0.78828125 0.775 0.0828125 0.13359375
16 0.934375 0.84453125 0.13125 0.3109375
11 0.753125 0.9359375 0.08125 0.128125
11 0.66953125 0.940625 0.0953125 0.11875