12 0.18515625 0.02109375 0.1765625 0.0421875
8 0.15859375 0.1296875 0.11640625 0.1875
14 0.2890625 0.309375 0.425 0.61875
16 0.29609375 0.42578125 0.2921875 0.3859375
4 0.1515625 0.0921875 0.103125 0.06328125
3 0.23828125 0.07578125 0.0390625 0.0875
0 0.3546875 0.78125 0.025 0.05703125
0 0.30390625 0.88046875 0.03671875 0.06015625
8 0.98984375 0.71796875 0.0203125 0.1171875
12 0.81875 0.765625 0.13984375 0.14140625
8 0.859375 0.8375 0.065625 0.12578125
14 0.83203125 0.84453125 0.2671875 0.3109375
16 0.83203125 0.9546875 0.2234375 0.090625
4 0.86640625 0.79921875 0.0328125 0.04765625
4 0.9890625 0.6796875 0.021875 0.040625
3 0.828125 0.834375 0.02734375 0.05078125