12 0.159375 0.171875 0.03515625 0.04140625
14 0.16171875 0.375 0.1359375 0.428125
16 0.1625 0.30625 0.125 0.19375
15 0.19453125 0.56875 0.0328125 0.040625
2 0.8140625 0.42109375 0.275 0.3359375
12 0.140625 0.8859375 0.08125 0.03984375
12 0.278125 0.8078125 0.084375 0.06015625
16 0.13828125 0.9640625 0.1296875 0.071875
14 0.1234375 0.9265625 0.171875 0.146875
14 0.278125 0.88125 0.175 0.2375
12 0.81171875 0.63359375 0.0671875 0.04609375
11 0.81796875 0.6875 0.04765625 0.075
16 0.83671875 0.846875 0.1171875 0.21640625
14 0.82890625 0.7984375 0.1546875 0.403125
4 0.81484375 0.66953125 0.0421875 0.025
3 0.83515625 0.66953125 0.0109375 0.03125