11 0.25703125 0.3 0.0640625 0.121875
1 0.6546875 0.30859375 0.690625 0.3609375
0 0 0.4890625 0 1 0.159950553125 1 0.16970413125 0.9783343343750002 0.1572061578125 0.8112438125000001 0.07596969375 0.6488378234375001 0.059241660937499996 0.4890625 0 0.4890625
12 0.3890625 0.65 0.09375 0.11328125
8 0.384375 0.74140625 0.0671875 0.11171875
12 0.546875 0.79921875 0.10546875 0.11015625
8 0.54296875 0.9 0.06484375 0.10546875
16 0.365625 0.87734375 0.153125 0.2453125
14 0.3640625 0.79765625 0.15 0.4046875
14 0.56875 0.8703125 0.2125 0.259375
9 0.384375 0.71015625 0.0703125 0.053125