12 0.07265625 0.04140625 0.1234375 0.0828125
12 0.24375 0.09140625 0.084375 0.09921875
8 0.075 0.09375 0.0828125 0.1390625
8 0.240625 0.1796875 0.0640625 0.1171875
14 0.065625 0.31484375 0.13125 0.6296875
16 0.05 0.384375 0.1 0.490625
14 0.22421875 0.340625 0.1765625 0.578125
16 0.2234375 0.40859375 0.1875 0.3734375
11 0.13359375 0.49375 0.10625 0.115625
11 0.3328125 0.59609375 0.053125 0.0671875
3 0.034375 0.0359375 0.02421875 0.065625
4 0.2390625 0.14921875 0.0609375 0.04609375
4 0.0890625 0.0515625 0.0390625 0.059375
12 0.5203125 0.0859375 0.140625 0.171875
8 0.56484375 0.1734375 0.0984375 0.10859375
14 0.58125 0.2984375 0.2625 0.596875
16 0.98515625 0.3046875 0.0296875 0.51875
16 0.5796875 0.37109375 0.2546875 0.31328125
14 0.8953125 0.31484375 0.209375 0.6296875
11 0.7328125 0.5265625 0.128125 0.20625
11 0.6 0.58984375 0.06875 0.0796875
16 0.31796875 0.69140625 0.0515625 0.1234375
16 0.38046875 0.70546875 0.0453125 0.1515625
14 0.38515625 0.75078125 0.0515625 0.2421875
16 0.2703125 0.715625 0.05 0.171875
16 0.4390625 0.72109375 0.021875 0.1828125
14 0.325 0.79140625 0.05625 0.3234375
14 0.27890625 0.8078125 0.0765625 0.35625
14 0.4359375 0.80625 0.028125 0.353125
11 0.3 0.778125 0.01171875 0.03984375
11 0.2546875 0.790625 0.015625 0.04609375
15 0.33203125 0.93359375 0.02578125 0.03984375