16 0.10390625 0.0171875 0.0203125 0.034375
14 0.103125 0.04375 0.04375 0.0875
16 0.49296875 0.09296875 0.0734375 0.1515625
14 0.47734375 0.1828125 0.0796875 0.365625
10 0.4390625 0.171875 0.0296875 0.04921875
14 0.021875 0.246875 0.04375 0.49375
12 0.13359375 0.3953125 0.05859375 0.046875
16 0.31171875 0.4703125 0.10703125 0.07578125
12 0.22734375 0.47421875 0.0328125 0.04296875
14 0.30234375 0.48828125 0.1890625 0.09921875
16 0.1890625 0.52265625 0.07578125 0.15390625
14 0.16953125 0.4875 0.1328125 0.225
6 0.02421875 0.421875 0.0484375 0.134375
6 0.465625 0.28828125 0.06953125 0.1140625
6 0.48203125 0.31640625 0.06171875 0.09296875
1 0.86640625 0.26328125 0.2671875 0.5265625
0 0.39375 0.88828125 0.271875 0.2234375
0 0.0640625 0.8609375 0.128125 0.221875
14 0.74375 0.8203125 0.428125 0.359375
1 0.76484375 0.8140625 0.1265625 0.08828125
13 0.7859375 0.73828125 0.25078125 0.15859375