14 0.28359375 0.16875 0.2109375 0.3375
14 0.08046875 0.1953125 0.1609375 0.390625
16 0.28359375 0.1609375 0.1890625 0.321875
16 0.046875 0.171875 0.09375 0.34375
11 0.31640625 0.22734375 0.06328125 0.0828125
11 0.0265625 0.33515625 0.053125 0.0890625
14 0.66953125 0.225 0.3765625 0.45
3 0.62578125 0.02578125 0.03671875 0.04921875
10 0.51953125 0.38984375 0.065625 0.10703125
8 0.01875 0.56328125 0.0375 0.1609375
14 0.06875 0.725 0.1375 0.55
12 0.58984375 0.63046875 0.0765625 0.0859375
8 0.5890625 0.69765625 0.03984375 0.0453125
11 0.54765625 0.8234375 0.03359375 0.05234375
14 0.58828125 0.79296875 0.1046875 0.4140625
11 0.596875 0.9625 0.04765625 0.05625