16 0.45859375 0.19375 0.1421875 0.3875
8 0.11953125 0.13046875 0.1078125 0.2609375
14 0.45 0.23984375 0.159375 0.4796875
14 0.103125 0.23984375 0.20625 0.4796875
11 0.1328125 0.31875 0.05703125 0.2
9 0.1328125 0.08515625 0.09140625 0.13359375
12 0.3921875 0.55625 0.10078125 0.1515625
8 0.40078125 0.6640625 0.0734375 0.11796875
8 0.1828125 0.67578125 0.159375 0.24140625
14 0.4171875 0.73984375 0.21875 0.5203125
14 0.15859375 0.73984375 0.3171875 0.5203125
16 0.41875 0.86953125 0.171875 0.2609375
16 0.15625 0.8875 0.30625 0.225
12 0.175 0.53125 0.165625 0.103125
9 0.17890625 0.63359375 0.128125 0.0625
9 0.39296875 0.63359375 0.0671875 0.0484375
3 0.1125 0.6625 0.02578125 0.09609375
3 0.23984375 0.67265625 0.0171875 0.08984375
3 0.3640625 0.66484375 0.0171875 0.05078125
3 0.42421875 0.65 0.01484375 0.05078125
2 0.88671875 0.6953125 0.2265625 0.43125