8 0.95390625 0.025 0.0921875 0.05
8 0.73828125 0.0421875 0.0828125 0.084375
16 0.53203125 0.03828125 0.0515625 0.075
14 0.52890625 0.0796875 0.0484375 0.159375
16 0.37421875 0.07578125 0.05546875 0.12109375
14 0.36640625 0.1484375 0.0765625 0.296875
14 0.74375 0.184375 0.246875 0.36875
14 0.9234375 0.184375 0.153125 0.36875
16 0.75546875 0.221875 0.2265625 0.29375
16 0.92890625 0.21171875 0.1421875 0.3140625
4 0.7375 0.0046875 0.071875 0.009375
2 0.2890625 1 0.2890625 0.86796875 0.271875 0.89296875 0.26171875 0.896875 0.240625 0.86484375 0.2078125 0.78984375 0.196875 0.73046875 0.203125 0.69140625 0.19296875 0.6875 0.1828125 0.69921875 0.1796875 0.71796875 0.184375 0.77109375 0.2203125 0.86640625 0.2203125 0.87890625 0.2484375 0.91640625 0.246875 0.92734375 0.225 0.95390625 0.2328457453125 1 0.2890625 1
3 0.92734375 0.4796875 0.1453125 0.221875