8 0.70546875 0.29921875 0.1328125 0.1953125
12 0.59609375 0.35 0.2140625 0.22578125
8 0.5625 0.50078125 0.1140625 0.16796875
14 0.78671875 0.51328125 0.396875 0.9734375
14 0.50234375 0.5625 0.31640625 0.85234375
11 0.16796875 0.64296875 0.1015625 0.17734375
16 0.80546875 0.72421875 0.3203125 0.53125
16 0.3984375 0.73828125 0.44296875 0.37265625
11 0.66015625 0.89921875 0.20078125 0.2015625
11 0.4890625 0.9125 0.14296875 0.17421875
12 0.76015625 0.12109375 0.2734375 0.2015625
9 0.67109375 0.2265625 0.04765625 0.0703125
3 0.78203125 0.24765625 0.04375 0.1046875
3 0.63828125 0.4734375 0.03828125 0.0890625
4 0.55 0.44765625 0.0859375 0.0640625