12 0.50859375 0.1 0.02265625 0.03046875
14 0.515625 0.18046875 0.05390625 0.2
16 0.51328125 0.18125 0.0421875 0.1
3 0.965625 0.1859375 0.06484375 0.10390625
3 0.87578125 0.48828125 0.07421875 0.15859375
8 0.3421875 0.8703125 0.096875 0.2203125
8 0.13828125 0.89609375 0.0640625 0.2078125
14 0.4234375 0.8296875 0.3 0.340625
14 0.159375 0.834375 0.25 0.33125
12 0.36171875 0.734375 0.1703125 0.15
12 0.1671875 0.77890625 0.140625 0.2390625
3 0.19609375 0.89296875 0.02265625 0.096875
3 0.39609375 0.821875 0.0359375 0.10546875
14 0.32890625 0.81015625 0.05390625 0.08125
14 0.13828125 0.84921875 0.06953125 0.06875