12 0.49765625 0.115625 0.02109375 0.0203125
12 0.57734375 0.11640625 0.04140625 0.04140625
14 0.575 0.290625 0.09140625 0.3796875
14 0.5015625 0.215625 0.05390625 0.2203125
12 0.91640625 0.07109375 0.0984375 0.09140625
14 0.91484375 0.25625 0.1703125 0.465625
16 0.4984375 0.18203125 0.04375 0.08359375
16 0.565625 0.228125 0.07734375 0.1484375
16 0.91484375 0.3125 0.15390625 0.31015625
15 0.553125 0.44296875 0.03359375 0.06328125
15 0.59375 0.45 0.025 0.05859375
2 0.15234375 0.8859375 0.1734375 0.228125
14 0.8609375 0.74453125 0.278125 0.5109375
16 0.8671875 0.74453125 0.265625 0.5109375