12 0.1972544296875 0 0.1865234375 0.0062902703125 0.173828125 0.0230341234375 0.169921875 0.030762054687500002 0.166015625 0.0487938953125 0.17578125 0.07455366718749999 0.17578125 0.09000953125 0.1796875 0.09000953125 0.1982421875 0.06296176875000001 0.2041015625 0.060385792187499995 0.2236328125 0.039777975 0.2265625 0.0410659625 0.2265625 0.0462179171875 0.2294921875 0.0500818828125 0.2431640625 0.0500818828125 0.24609375 0.0462179171875 0.2421875 0.0410659625 0.2421875 0.03333803125 0.244140625 0.030762054687500002 0.2421875 0.025610100000000004 0.2275390625 0.00371429375 0.2200291828125 0 0.1972544296875 0
12 0 0.15183298437499998 0.0009765625 0.1531209734375 0.02734375 0.15183298437499998 0.021484375 0.1286491890625 0.017578125 0.1209212578125 0.017578125 0.115769303125 0.0009765625 0.0964494734375 0 0.096234809375 0 0.15183298437499998
12 0.189453125 0.16471287031249998 0.189453125 0.15956091562500002 0.1787109375 0.145393040625 0.1650390625 0.137665109375 0.1630859375 0.1402410875 0.1572265625 0.1402410875 0.140625 0.15956091562500002 0.13671875 0.18789666562500001 0.1455078125 0.2046405171875 0.17578125 0.20335252812500001 0.1826171875 0.20206454062499998 0.193359375 0.18789666562500001 0.1953125 0.1827447109375 0.193359375 0.180168734375 0.193359375 0.17244080312500001 0.189453125 0.16471287031249998
10 0.1435546875 0.3128315609375 0.1337890625 0.3231354703125 0.1240234375 0.32828742499999997 0.1181640625 0.33601535625 0.1064453125 0.34374328906249996 0.099609375 0.3553351859375 0.1025390625 0.361775128125 0.1142578125 0.35404719687499997 0.1181640625 0.35404719687499997 0.12109375 0.3707910484375 0.126953125 0.3707910484375 0.130859375 0.3579111625 0.1396484375 0.346319265625 0.1513671875 0.3411673109375 0.154296875 0.33472736875 0.154296875 0.324423459375 0.1435546875 0.3128315609375
10 0.189453125 0.3192715046875 0.1826171875 0.317983515625 0.169921875 0.3295754140625 0.16796875 0.3424553 0.158203125 0.3579111625 0.1611328125 0.361775128125 0.189453125 0.360487140625 0.1943359375 0.356623175 0.2021484375 0.356623175 0.205078125 0.35018323125 0.1953125 0.3398793234375 0.189453125 0.3269994359375 0.189453125 0.3192715046875
10 0.0458984375 0.3257114484375 0.0419921875 0.3257114484375 0.0361328125 0.33343937968750004 0.0283203125 0.32828742499999997 0.0205078125 0.32828742499999997 0.013671875 0.3424553 0.01953125 0.360487140625 0.0224609375 0.36435110625 0.0361328125 0.361775128125 0.0390625 0.36563909375 0.0380859375 0.36950306093749996 0.046875 0.368215071875 0.052734375 0.3630631171875 0.048828125 0.3553351859375 0.048828125 0.3450312765625 0.0556640625 0.3411673109375 0.056640625 0.3373033453125 0.0458984375 0.3257114484375
9 0.2021484375 0.0835695875 0.1943359375 0.0887215421875 0.185546875 0.09000953125 0.1923828125 0.10160142812499999 0.1953125 0.10031343906250001 0.2041015625 0.0990254515625 0.2109375 0.09000953125 0.212890625 0.079705621875 0.228515625 0.0565218265625 0.2275390625 0.0526578609375 0.2021484375 0.0835695875
9 0 0.18102739375000002 0.00390625 0.1827447109375 0.0087890625 0.1788807453125 0.0146484375 0.1788807453125 0.01953125 0.17244080312500001 0.01953125 0.1672888484375 0.0166015625 0.1634248828125 0.0048828125 0.1711528140625 0 0.1679328421875 0 0.18102739375000002
9 0.1845703125 0.2149444265625 0.1865234375 0.2149444265625 0.1875 0.2136564375 0.185546875 0.21108046093750002 0.185546875 0.20592850624999998 0.1826171875 0.20206454062499998 0.1787109375 0.20206454062499998 0.1767578125 0.2046405171875 0.1474609375 0.2046405171875 0.146484375 0.20592850624999998 0.1484375 0.2085044828125 0.1484375 0.216232415625 0.1513671875 0.22009638125 0.1533203125 0.21752040312499998 0.1552734375 0.21752040312499998 0.1572265625 0.22009638125 0.1630859375 0.22009638125 0.1650390625 0.21752040312499998 0.1669921875 0.21752040312499998 0.1689453125 0.22009638125 0.1708984375 0.22009638125 0.171875 0.2188083921875 0.1728515625 0.21752040312499998 0.1748046875 0.21752040312499998 0.1826171875 0.20721649531250003 0.18359375 0.2085044828125 0.18359375 0.2136564375 0.1845703125 0.2149444265625
3 0.22658480625 0.063359021875 0.23254927187500002 0.08847671562500001 0.24050191562499998 0.0841084203125 0.24149600625 0.0679457359375 0.23138951562500001 0.0544040171875 0.22658480625 0.063359021875
8 0 0.21519353749999998 0.0004952687499999999 0.21529077968750002 0.003974546875 0.205243696875 0.0074538234375 0.195196621875 0.0132526234375 0.184057478125 0.00877926875 0.18012600781250002 0.004305901562500001 0.1838390546875 0 0.1834606265625 0 0.21519353749999998
8 0.159400659375 0.240190053125 0.16370835 0.2434662734375 0.1721580265625 0.2434662734375 0.17828818125 0.23800590625 0.18077338125 0.2310166421875 0.1820988265625 0.22249846406249998 0.18325858125 0.2157276109375 0.179282259375 0.2170380953125 0.17248938125 0.22053272812500002 0.1648681046875 0.22096955937499999 0.16173865468749998 0.21954742968750002 0.1550929828125 0.22140639062499998 0.1496255515625 0.22140639062499998 0.15061962812500002 0.22817725156250002 0.15492730625 0.2349481046875 0.159400659375 0.240190053125
8 0.21553366093749998 0.13115249375 0.219509984375 0.13639444218750002 0.22862238281249997 0.1372681046875 0.23342710625000002 0.12612895625 0.2375691046875 0.11979492656249999 0.24154542812500002 0.10952943125 0.243202228125 0.1012296734375 0.239060228125 0.093148328125 0.22928510625 0.0857222359375 0.22713126093749997 0.08004344375 0.21337982968749997 0.0859406421875 0.2094035078125 0.093148328125 0.2036047078125 0.1010112671875 0.1969775078125 0.0999191921875 0.1938295859375 0.09970076875 0.1939952640625 0.1060347953125 0.1939952640625 0.1117135796875 0.199959753125 0.11018467812499999 0.20526150781250002 0.11673711718749999 0.21023190781249998 0.12132383124999999 0.21553366093749998 0.13115249375
13 0.809375 0.4078125 0.05 0.04375
9 0.1921875 0.4484375 0.190625 0.0375
11 0.2890625 0.94609375 0.15625 0.1078125
8 0.21171875 0.50703125 0.1390625 0.1546875
14 0.2171875 0.71484375 0.434375 0.5703125
3 0.1046875 0.4734375 0.053125 0.0875
14 0.97109375 0.71484375 0.0578125 0.5703125
14 0.74453125 0.7015625 0.1609375 0.54375
14 0.83046875 0.70859375 0.1515625 0.5578125
15 0.70234375 0.94609375 0.0703125 0.08828125
15 0.76484375 0.93359375 0.05234375 0.09921875
15 0.81953125 0.959375 0.0484375 0.08125
15 0.86640625 0.940625 0.0546875 0.11640625
11 0.9234375 0.59453125 0.0375 0.07421875
11 0.76875 0.68828125 0.0375 0.0671875
11 0.66015625 0.5890625 0.0421875 0.06328125