12 0.165625 0.14921875 0.228125 0.2984375
8 0.19765625 0.36875 0.1640625 0.18125
14 0.13984375 0.2296875 0.2796875 0.459375
9 0.20078125 0.30625 0.15390625 0.115625
5 0.4859375 0.2171875 0.4125 0.434375
5 0.725 0.20234375 0.55 0.4046875
8 0.09921875 0.54921875 0.0859375 0.1796875
14 0.11875 0.7296875 0.2375 0.540625
16 0.11171875 0.83671875 0.2234375 0.3265625
9 0.103125 0.49296875 0.059375 0.0671875
2 0.8138586953125 0.459375 0.8265625 0.47265625 0.8515625 0.51484375 0.8578125 0.55234375 0.8546875 0.59140625 0.7390625 0.94140625 0.726887175 1 0.7522529062500001 1 0.759375 0.96171875 0.815625 0.81171875 0.8171875 0.79296875 0.8375 0.74453125 0.90078125 0.6890625 0.90625 0.72109375 0.940625 0.80703125 0.946875 0.88359375 0.95625 0.88828125 0.946875 0.89296875 0.95 0.92421875 0.95546875 0.9265625 0.9609375 0.91953125 0.96875 0.82109375 0.9609375 0.77578125 0.9484375 0.74453125 0.9484375 0.72265625 0.940625 0.70078125 0.9328125 0.69765625 0.934375 0.68828125 0.9171875 0.65234375 0.90625 0.55078125 0.909375 0.51796875 0.92890625 0.459375 0.8984375 0.459375 0.884375 0.50390625 0.87734375 0.5078125 0.846875 0.46171875 0.8446514421875001 0.459375 0.8138586953125 0.459375