8 0.271875 0.31875 0.10234375 0.27578125
8 0.684375 0.334375 0.07265625 0.115625
14 0.40390625 0.29375 0.2328125 0.571875
14 0.16953125 0.3140625 0.2703125 0.53125
14 0.67578125 0.37578125 0.1484375 0.4078125
16 0.37265625 0.43203125 0.1703125 0.2953125
16 0.1234375 0.49140625 0.246875 0.1765625
16 0.68984375 0.5 0.1203125 0.159375
12 0.440625 0.1140625 0.1296875 0.21171875
12 0.2265625 0.13046875 0.2328125 0.1796875
12 0.68828125 0.2234375 0.1234375 0.1125
8 0.4125 0.240625 0.0953125 0.2078125
3 0.25625 0.2265625 0.03828125 0.10703125
3 0.36640625 0.16328125 0.02890625 0.10078125
12 0.878125 0.37734375 0.084375 0.0625
14 0.9015625 0.4703125 0.140625 0.21875
14 0.9765625 0.48359375 0.046875 0.1921875
12 0.209375 0.60703125 0.075 0.0546875
16 0.78125 0.68359375 0.0625 0.1515625
14 0.778125 0.70234375 0.05625 0.1890625
16 0.803125 0.88828125 0.10625 0.2109375
14 0.80859375 0.87109375 0.1171875 0.2578125