16 0.096875 0.0640625 0.19375 0.128125
14 0.06640625 0.23125 0.1328125 0.4625
10 0.02578125 0.1703125 0.0515625 0.0875
15 0.0203125 0.4265625 0.040625 0.0875
1 0.69453125 0.309375 0.6109375 0.61875
0 0 0.61875 0 1 0.182818409375 1 0.14003219375 0.9144628234375001 0.10907188125 0.61875 0 0.61875
16 0.92109375 0.84140625 0.1578125 0.3171875
14 0.89921875 0.809375 0.2015625 0.38125
11 0.7359375 0.928125 0.0828125 0.11796875
16 0.50390625 0.8875 0.2109375 0.225
14 0.51484375 0.809375 0.2390625 0.38125
12 0.51015625 0.64375 0.1515625 0.05
8 0.8703125 0.65546875 0.1 0.0734375
8 0.5375 0.7015625 0.096875 0.125
9 0.54765625 0.66796875 0.07734375 0.04765625