12 0.4375 0.1738784625 0.4375 0.17903041718749999 0.4404296875 0.18289438281249998 0.4541015625 0.18289438281249998 0.45703125 0.17903041718749999 0.453125 0.1738784625 0.453125 0.16615053125 0.455078125 0.16357455468749998 0.453125 0.1584226 0.4384765625 0.13652679375000001 0.4228515625 0.1287988625 0.4150390625 0.1287988625 0.3974609375 0.1391027703125 0.384765625 0.1558466234375 0.380859375 0.16357455468749998 0.376953125 0.1816063953125 0.38671875 0.2073661671875 0.38671875 0.22282203125 0.390625 0.22282203125 0.4091796875 0.19577426874999998 0.4150390625 0.1931982921875 0.4345703125 0.172590475 0.4375 0.1738784625
12 0.2119140625 0.22926197343750002 0.2001953125 0.226685996875 0.1982421875 0.22411001874999997 0.1923828125 0.22411001874999997 0.1767578125 0.23183795156250003 0.166015625 0.24600582656249997 0.16015625 0.2614616890625 0.16015625 0.274341575 0.1630859375 0.2833574953125 0.1728515625 0.278205540625 0.1748046875 0.28078151875 0.1943359375 0.28078151875 0.1962890625 0.2833574953125 0.2099609375 0.2833574953125 0.2119140625 0.2859334734375 0.23828125 0.28464548437500004 0.232421875 0.2614616890625 0.228515625 0.25373375781249996 0.228515625 0.248581803125 0.2119140625 0.22926197343750002
12 0.404296875 0.312981234375 0.404296875 0.305253303125 0.400390625 0.2975253703125 0.400390625 0.292373415625 0.3896484375 0.278205540625 0.3759765625 0.270477609375 0.3740234375 0.27305358750000003 0.3681640625 0.27305358750000003 0.3515625 0.292373415625 0.34765625 0.32070916562499996 0.3564453125 0.3374530171875 0.38671875 0.33616502812500004 0.3935546875 0.334877040625 0.404296875 0.32070916562499996 0.40625 0.3155572109375 0.404296875 0.312981234375
10 0.365234375 0.46753986875000003 0.365234375 0.457235959375 0.3544921875 0.4456440609375 0.3447265625 0.45594797031249995 0.3349609375 0.46109992499999997 0.3291015625 0.46882785625 0.3173828125 0.47655578906249996 0.310546875 0.48814768593749996 0.3134765625 0.494587628125 0.3251953125 0.486859696875 0.3291015625 0.486859696875 0.33203125 0.5036035484375 0.337890625 0.5036035484375 0.341796875 0.49072366250000005 0.3505859375 0.47913176562500004 0.3623046875 0.4739798109375 0.365234375 0.46753986875000003
10 0.40625 0.4726918234375 0.400390625 0.45981193593749997 0.400390625 0.4520840046875 0.3935546875 0.45079601562500005 0.380859375 0.4623879140625 0.37890625 0.4752678 0.369140625 0.49072366250000005 0.3720703125 0.494587628125 0.400390625 0.493299640625 0.4052734375 0.489435675 0.4130859375 0.489435675 0.416015625 0.48299573125000006 0.40625 0.4726918234375
10 0.2666015625 0.4739798109375 0.267578125 0.4701158453125 0.2568359375 0.4585239484375 0.2529296875 0.4585239484375 0.2470703125 0.46625187968750004 0.2392578125 0.46109992499999997 0.2314453125 0.46109992499999997 0.224609375 0.4752678 0.23046875 0.493299640625 0.2333984375 0.49716360625 0.2470703125 0.494587628125 0.25 0.49845159375000003 0.2490234375 0.5023155609375001 0.2578125 0.501027571875 0.263671875 0.49587561718749995 0.259765625 0.48814768593749996 0.259765625 0.4778437765625 0.2666015625 0.4739798109375
10 0.4208984375 0.5718669453125 0.416015625 0.5860348203125 0.419921875 0.61179459375 0.4228515625 0.615658559375 0.431640625 0.6143705703125 0.439453125 0.6066426390624999 0.44140625 0.5783068890624999 0.4345703125 0.5718669453125 0.4208984375 0.5718669453125
9 0.439453125 0.1893343265625 0.4384765625 0.1854703609375 0.4130859375 0.2163820875 0.4052734375 0.2215340421875 0.396484375 0.22282203125 0.4033203125 0.234413928125 0.40625 0.2331259390625 0.4150390625 0.23183795156250003 0.421875 0.22282203125 0.423828125 0.212518121875 0.439453125 0.1893343265625
9 0.23046875 0.3001013484375 0.2275390625 0.2962373828125 0.2158203125 0.3039653140625 0.2001953125 0.2936614046875 0.1962890625 0.28850945 0.1923828125 0.28850945 0.189453125 0.292373415625 0.1904296875 0.2962373828125 0.1943359375 0.2962373828125 0.201171875 0.302677325 0.19921875 0.305253303125 0.2001953125 0.30911726875 0.21484375 0.3155572109375 0.2197265625 0.3116932453125 0.2255859375 0.3116932453125 0.23046875 0.305253303125 0.23046875 0.3001013484375
9 0.39453125 0.3413169828125 0.39453125 0.34646893749999996 0.3955078125 0.3477569265625 0.3974609375 0.3477569265625 0.3984375 0.34646893749999996 0.396484375 0.3438929609375 0.396484375 0.33874100625 0.3935546875 0.334877040625 0.3896484375 0.334877040625 0.3876953125 0.3374530171875 0.3583984375 0.3374530171875 0.357421875 0.33874100625 0.359375 0.3413169828125 0.359375 0.349044915625 0.3623046875 0.35290888125 0.3642578125 0.350332903125 0.3662109375 0.350332903125 0.3681640625 0.35290888125 0.3740234375 0.35290888125 0.3759765625 0.350332903125 0.3779296875 0.350332903125 0.3798828125 0.35290888125 0.3818359375 0.35290888125 0.3828125 0.35162089218750003 0.3837890625 0.350332903125 0.3857421875 0.350332903125 0.3935546875 0.3400289953125 0.39453125 0.3413169828125
3 0.45243350624999995 0.20075823593750003 0.442327015625 0.18721651718750001 0.43752230625 0.196171521875 0.44348677187499996 0.221289215625 0.451439415625 0.2169209203125 0.45243350624999995 0.20075823593750003
3 0.1794565265625 0.31403058125 0.18094764218749998 0.3015809484375 0.1787938046875 0.28847605625 0.1703441265625 0.2862919078125 0.16769324375 0.301362525 0.17266364375 0.31403058125 0.1794565265625 0.31403058125
8 0.19817837031250002 0.307041315625 0.19055708124999998 0.3092254625 0.1812790046875 0.3157779046875 0.1802849265625 0.3242960703125 0.194533403125 0.338711446875 0.2036458015625 0.346574375 0.21143276875 0.3481032796875 0.214912046875 0.338056196875 0.21839132343749998 0.328009121875 0.22419012343750003 0.316869978125 0.21971676874999999 0.3129385078125 0.2152434015625 0.3166515546875 0.2077878015625 0.3159963125 0.19817837031250002 0.307041315625
8 0.36155712812499996 0.3609897515625 0.36586480625 0.3677606046875 0.37033815937500003 0.37300255312499997 0.37464585 0.3762787734375 0.3830955265625 0.3762787734375 0.38922568125 0.37081840625 0.39171088125 0.3638291421875 0.3930363265625 0.35531096406249996 0.39419608125 0.34854011093750004 0.390219759375 0.3498505953125 0.38342688125 0.353345228125 0.3758056046875 0.35378205937499996 0.37267615468750004 0.3523599296875 0.3660304828125 0.354218890625 0.3605630515625 0.354218890625 0.36155712812499996 0.3609897515625
8 0.4161990078125 0.24954961718750002 0.4211694078125 0.25413633125 0.42647116093750004 0.26396499375000004 0.43044748437499997 0.26920694218749996 0.4395598828125 0.2700806046875 0.44436460625 0.25894145625 0.4485066046875 0.2526074265625 0.45248292812499996 0.24234193125 0.45413972812500003 0.2340421734375 0.44999772812499994 0.22596082812499999 0.44022260625 0.2185347359375 0.4380687609375 0.21285594375 0.42431732968749997 0.21875314218750003 0.42034100781249994 0.22596082812499999 0.41454220781249995 0.2338237671875 0.4079150078125 0.2327316921875 0.4047670859375 0.23251326875 0.4049327640625 0.23884729531249999 0.4049327640625 0.2445260796875 0.41089725312500003 0.242997178125 0.4161990078125 0.24954961718750002