12 0.32890625 0.16171875 0.1734375 0.19609375
12 0.68671875 0.196875 0.2203125 0.17421875
8 0.35234375 0.3265625 0.115625 0.12265625
8 0.65 0.34765625 0.1234375 0.190625
14 0.31171875 0.5078125 0.3078125 0.8875
14 0.6984375 0.5171875 0.3921875 0.8078125
16 0.32578125 0.6171875 0.24296875 0.51875
16 0.7078125 0.6578125 0.29765625 0.45234375
11 0.4203125 0.76171875 0.14453125 0.15234375
11 0.6 0.83515625 0.16015625 0.12734375
9 0.359375 0.275 0.12578125 0.08125
9 0.63203125 0.29140625 0.07890625 0.08671875
3 0.27578125 0.26875 0.03828125 0.07890625
3 0.7171875 0.31953125 0.03203125 0.0859375