16 0.02734375 0.009375 0.0484375 0.01875
16 0.1 0.01484375 0.05 0.0296875
14 0.02421875 0.03203125 0.0328125 0.0640625
16 0.23828125 0.02421875 0.0359375 0.0484375
12 0.07109375 0.02265625 0.0328125 0.0453125
14 0.10390625 0.08828125 0.0578125 0.1765625
14 0.240625 0.0921875 0.046875 0.184375
12 0.04765625 0.0875 0.03984375 0.05078125
14 0.07578125 0.08984375 0.0453125 0.17109375
16 0.078125 0.12109375 0.03515625 0.096875
16 0.04296875 0.18984375 0.06015625 0.1140625
14 0.040625 0.20078125 0.05078125 0.2703125
12 0.1046875 0.20390625 0.0453125 0.0390625
8 0.103125 0.2453125 0.02421875 0.0453125
12 0.253125 0.25234375 0.04765625 0.03984375
8 0.2609375 0.2828125 0.04296875 0.0453125
12 0.43515625 0.31875 0.05859375 0.06015625
16 0.09609375 0.3453125 0.06484375 0.1609375
10 0.0828125 0.3515625 0.0296875 0.03828125
14 0.1015625 0.35390625 0.0859375 0.34375
14 0.25234375 0.3703125 0.090625 0.27265625
8 0.440625 0.37265625 0.040625 0.05390625
16 0.25234375 0.38203125 0.071875 0.16015625
14 0.446875 0.43515625 0.1 0.2890625
16 0.44296875 0.446875 0.08671875 0.115625
9 0.265625 0.2765625 0.02109375 0.0203125
9 0.10234375 0.2359375 0.0265625 0.01796875
3 0.88671875 0.3234375 0.07578125 0.15390625
16 0.2390625 0.59140625 0.059375 0.0234375
16 0.46171875 0.6078125 0.0578125 0.05625
16 0.3234375 0.6078125 0.05625 0.05625
14 0.46875 0.6796875 0.075 0.2
14 0.23359375 0.684375 0.0703125 0.209375
14 0.16328125 0.696875 0.0578125 0.234375
14 0.33515625 0.6859375 0.0921875 0.2125
10 0.2734375 0.65234375 0.01796875 0.0546875
2 0.61953125 0.78984375 0.1015625 0.4203125