0 0.70703125 0.159375 0.2140625 0.31875
12 0 0.31875 0 0.3452493109375 0.0443359375 0.3439453140625 0.0453125 0.33662109375 0.040546874999999996 0.31875 0 0.31875
12 0.1842329546875 0.31875 0.18203125 0.32783203125 0.1869140625 0.341015625 0.2005859375 0.3234375 0.2259765625 0.3234375 0.2386718765625 0.33955078125 0.236071778125 0.31875 0.1842329546875 0.31875
13 0.0912109375 0.3966796859375 0.09609375 0.36005859375 0.1166015625 0.3498046859375 0.12734375 0.36298828125 0.1371093765625 0.39814453125 0.1390625 0.37177734375 0.1224609375 0.341015625 0.1087890625 0.33515625 0.09609375 0.34541015625 0.0902343765625 0.36005859375 0.0912109375 0.3966796859375
13 0.30334635468750004 0.31875 0.303125 0.31904296875 0.29921875 0.37763671875 0.3128906234375 0.38642578125 0.3089843765625 0.34833984375 0.3216796875 0.3234375 0.3421875 0.33662109375 0.3490234375 0.3673828140625 0.3558593765625 0.36298828125 0.3519531234375 0.32783203125 0.34705170937499996 0.31875 0.30334635468750004 0.31875
11 0.42421875 0.60908203125 0.42421875 0.62080078125 0.4417968765625 0.66474609375 0.459375 0.67646484375 0.4652343765625 0.67060546875 0.4613281234375 0.62958984375 0.47109375 0.60908203125 0.4564453125 0.58125 0.4486328125 0.58125 0.42421875 0.60908203125
4 0.01875 0.359375 0.0375 0.01875
4 0.1125 0.38046875 0.0359375 0.01875
4 0.2109375 0.3484375 0.0375 0.015625
4 0.33046875 0.35078125 0.040625 0.0140625
3 0.03671875 0.365625 0.01015625 0.0265625
3 0.09375 0.4 0.0109375 0.02578125
3 0.1359375 0.390625 0.0109375 0.0296875
3 0.1890625 0.3640625 0.0125 0.03046875
3 0.23515625 0.3640625 0.0078125 0.03125
2 0.97265625 0.778125 0.0546875 0.44375