14 0.44765625 0.11328125 0.0546875 0.2265625
16 0.446875 0.1375 0.04140625 0.13515625
12 0.4609375 0.2515625 0.02734375 0.03828125
16 0.46328125 0.35078125 0.0515625 0.0765625
14 0.46171875 0.3125 0.0546875 0.153125
14 0.71328125 0.19453125 0.2265625 0.3890625
2 0.396875 0.70546875 0.184375 0.4828125
12 0.6703125 0.78203125 0.0671875 0.065625
12 0.81015625 0.72421875 0.05625 0.05078125
12 0.91875 0.74609375 0.06875 0.05078125
12 0.75078125 0.78828125 0.04140625 0.0390625
12 0.98359375 0.7375 0.0328125 0.034375
12 0.615625 0.796875 0.02890625 0.0265625
16 0.67890625 0.921875 0.1015625 0.15625
16 0.60859375 0.890625 0.04921875 0.121875
16 0.81171875 0.8984375 0.1109375 0.203125
16 0.7484375 0.909375 0.05625 0.18125
16 0.9390625 0.909375 0.103125 0.18125
16 0.978125 0.84296875 0.04375 0.1484375
14 0.6765625 0.87421875 0.115625 0.2515625
14 0.60390625 0.88125 0.0578125 0.2375
14 0.7515625 0.88671875 0.053125 0.2265625
14 0.82109375 0.84921875 0.1015625 0.3015625
14 0.94140625 0.85859375 0.1109375 0.2828125
14 0.9796875 0.85390625 0.040625 0.2921875