12 0.44765625 0.3421875 0.0609375 0.08046875
12 0.1828125 0.3671875 0.0625 0.08515625
12 0.70390625 0.378125 0.059375 0.0625
8 0.44453125 0.4046875 0.0375 0.0625
12 0.54921875 0.40703125 0.05703125 0.07578125
12 0.40234375 0.40859375 0.04140625 0.03359375
12 0.26640625 0.4125 0.0390625 0.0515625
8 0.1828125 0.42265625 0.04921875 0.07578125
12 0.3265625 0.434375 0.05859375 0.07578125
8 0.70078125 0.434375 0.04296875 0.07578125
12 0.846875 0.4484375 0.05703125 0.06015625
8 0.26484375 0.46171875 0.02578125 0.046875
8 0.5515625 0.46328125 0.04296875 0.05390625
8 0.32265625 0.48984375 0.03515625 0.071875
8 0.84375 0.50703125 0.040625 0.06484375
16 0.2734375 0.51796875 0.05078125 0.109375
16 0.43671875 0.578125 0.10390625 0.3109375
16 0.1984375 0.578125 0.11953125 0.2640625
16 0.709375 0.5953125 0.11171875 0.27734375
10 0.5734375 0.61640625 0.03515625 0.0734375
16 0.55234375 0.625 0.10234375 0.2546875
14 0.434375 0.62734375 0.13125 0.6421875
16 0.32578125 0.63203125 0.090625 0.23515625
14 0.18671875 0.6375 0.1484375 0.60859375
14 0.70078125 0.65078125 0.115625 0.6421875
16 0.8484375 0.65234375 0.10390625 0.2390625
14 0.55234375 0.6578125 0.10234375 0.590625
14 0.26328125 0.6625 0.0515625 0.54609375
14 0.325 0.66875 0.090625 0.54609375
14 0.84375 0.68203125 0.1078125 0.53671875
10 0.64296875 0.74296875 0.03359375 0.05390625
10 0.775 0.74375 0.0328125 0.06015625
10 0.12890625 0.746875 0.02734375 0.07578125
10 0.37109375 0.7515625 0.040625 0.07578125
10 0.26328125 0.75859375 0.0328125 0.08046875
10 0.4984375 0.75859375 0.03671875 0.071875
9 0.69921875 0.4171875 0.040625 0.03359375
9 0.84453125 0.49296875 0.04140625 0.03359375
9 0.55625 0.4578125 0.0390625 0.03359375
9 0.4484375 0.39453125 0.04296875 0.03359375