12 0.3953125 0.06953125 0.159375 0.1390625
8 0.14921875 0.09765625 0.1296875 0.1953125
14 0.128125 0.2296875 0.25625 0.459375
8 0.375 0.18359375 0.128125 0.2390625
14 0.37265625 0.2296875 0.2140625 0.459375
16 0.36875 0.38359375 0.221875 0.1515625
9 0.16015625 0.0625 0.10078125 0.11171875
9 0.36953125 0.16796875 0.11171875 0.10390625
3 0.090625 0.0234375 0.028125 0.046875
12 0.446875 0.5765625 0.065625 0.090625
8 0.4453125 0.6484375 0.06875 0.10625
16 0.43046875 0.84453125 0.0984375 0.3109375
14 0.41015625 0.7578125 0.1390625 0.484375
10 0.4734375 0.94296875 0.0125 0.0796875
10 0.371875 0.9625 0.040625 0.075
9 0.45078125 0.61640625 0.05078125 0.0390625
16 0.884375 0.7296875 0.209375 0.540625
8 0.52265625 0.75546875 0.0859375 0.2734375
14 0.88125 0.7296875 0.2375 0.540625
14 0.5390625 0.7296875 0.11875 0.540625
11 0.52421875 0.925 0.0578125 0.15
12 0.5484375 0.5703125 0.1375 0.221875
9 0.525 0.715625 0.090625 0.134375