14 0.20078125 0.28984375 0.2546875 0.5796875
16 0.20625 0.30078125 0.225 0.54140625
11 0.271875 0.53828125 0.096875 0.0828125
11 0.02734375 0.53828125 0.0546875 0.0828125
8 0.13515625 0.03125 0.0890625 0.0625
16 0.940625 0.32734375 0.11875 0.4515625
14 0.940625 0.28984375 0.11875 0.5796875
8 0.63125 0.3296875 0.07578125 0.1453125
14 0.80546875 0.296875 0.1890625 0.565625
16 0.58671875 0.40703125 0.1359375 0.2796875
16 0.81171875 0.39375 0.1703125 0.371875
14 0.61796875 0.33203125 0.1984375 0.4953125
12 0.97890625 0.05546875 0.0421875 0.1109375
12 0.79375 0.1203125 0.1078125 0.23046875
8 0.97890625 0.14375 0.0421875 0.103125
12 0.62734375 0.18671875 0.13515625 0.21796875
3 0.58125 0.26796875 0.02890625 0.08046875
13 0.43203125 0.64375 0.09296875 0.07734375
12 0.1125 0.7296875 0.15 0.1828125
8 0.46171875 0.75546875 0.075 0.14453125
11 0.33203125 0.878125 0.0859375 0.11328125
14 0.41484375 0.81171875 0.2078125 0.3765625
14 0.12890625 0.82265625 0.2578125 0.3546875
9 0.475 0.7125 0.04375 0.04921875
12 0.765625 0.696875 0.15234375 0.0578125
8 0.7765625 0.74921875 0.115625 0.065625
16 0.73203125 0.89453125 0.3765625 0.19140625
14 0.6890625 0.834375 0.340625 0.33125