11 0.028125 0.31484375 0.05625 0.1109375
14 0.5328125 0.28984375 0.20625 0.5796875
14 0.78515625 0.28984375 0.3578125 0.5796875
16 0.53125 0.353125 0.21640625 0.40703125
12 0.5328125 0.01875 0.1 0.0375
13 0.78203125 0.03515625 0.1765625 0.0703125
8 0.53125 0.0859375 0.07421875 0.11796875
8 0.784375 0.13515625 0.103125 0.15703125
14 0.78515625 0.1 0.103125 0.0703125
8 0.7109375 0.61953125 0.090625 0.0796875
11 0.5859375 0.665625 0.0859375 0.0984375
11 0.39296875 0.6828125 0.1265625 0.190625
14 0.753125 0.78984375 0.209375 0.4203125
14 0.50859375 0.78984375 0.2859375 0.4203125
16 0.75078125 0.8390625 0.1953125 0.321875
16 0.51640625 0.846875 0.2515625 0.30625
3 0.559375 0.61171875 0.028125 0.0640625
3 0.4578125 0.60625 0.025 0.053125