14 0.196875 0.1625 0.25625 0.325
11 0.140625 0.18359375 0.0796875 0.090625
15 0.05078125 0.4609375 0.1 0.096875
15 0.2015625 0.49609375 0.075 0.1453125
15 0.34453125 0.5234375 0.0484375 0.090625
11 0.71484375 0.2 0.03828125 0.115625
14 0.615625 0.284375 0.1875 0.56875
11 0.55625 0.31875 0.02890625 0.10859375
16 0.60546875 0.1265625 0.1109375 0.253125
8 0.290625 0.81953125 0.15625 0.2609375
14 0.2046875 0.784375 0.328125 0.43125
16 0.23359375 0.93046875 0.2703125 0.1390625
12 0.271875 0.6234375 0.19375 0.109375
9 0.2890625 0.75546875 0.159375 0.1296875
12 0.97421875 0.675 0.0515625 0.090625
8 0.9640625 0.75234375 0.071875 0.0984375
16 0.66328125 0.8375 0.2734375 0.325
10 0.66171875 0.9390625 0.1671875 0.121875
16 0.9203125 0.89765625 0.159375 0.2046875
14 0.6515625 0.784375 0.35 0.43125
14 0.91953125 0.81171875 0.1609375 0.3765625
12 0.72421875 0.5890625 0.2984375 0.040625
8 0.70234375 0.6296875 0.1578125 0.1015625
9 0.69921875 0.5953125 0.1328125 0.053125
9 0.97734375 0.71875 0.0453125 0.04375