12 0.271875 0.18984375 0.1671875 0.18203125
12 0.71484375 0.21640625 0.1484375 0.1953125
8 0.28046875 0.33125 0.11796875 0.1609375
8 0.70390625 0.3609375 0.0796875 0.165625
10 0.6484375 0.43828125 0.0859375 0.146875
11 0.29609375 0.528125 0.09921875 0.13671875
14 0.20234375 0.55078125 0.2984375 0.8984375
14 0.8015625 0.55703125 0.3703125 0.8859375
16 0.85078125 0.56796875 0.26953125 0.4796875
16 0.17421875 0.65078125 0.21328125 0.5578125
10 0.60546875 0.70703125 0.12421875 0.1578125
3 0.74921875 0.290625 0.0359375 0.08125
3 0.21796875 0.2921875 0.0359375 0.08125
4 0.709375 0.29765625 0.10859375 0.08125