12 0.1171875 0.02890625 0.065625 0.0578125
16 0.13984375 0.178125 0.1171875 0.2484375
14 0.14609375 0.2 0.1828125 0.4
11 0.05546875 0.34375 0.0515625 0.06640625
11 0.2328125 0.3546875 0.0453125 0.06953125
16 0.853125 0.271875 0.29375 0.25625
8 0.90234375 0.06953125 0.1734375 0.1390625
14 0.81171875 0.2 0.3765625 0.4
9 0.91328125 0.015625 0.1515625 0.03125
3 0.825 0.03046875 0.034375 0.0609375
3 0.9890625 0.025 0.021875 0.05
2 0.2859375 0.81484375 0.1875 0.3703125
5 0.68984375 0.86484375 0.6203125 0.2703125
5 0.75 0.76640625 0.5 0.4671875