12 0.765625 0.3609375 0.04375 0.046875
13 0.453125 0.3625 0.04765625 0.08125
13 0.66640625 0.3625 0.05859375 0.05625
13 0.58359375 0.3671875 0.04140625 0.046875
13 0.11953125 0.3875 0.07734375 0.06875
8 0.76875 0.390625 0.04140625 0.04375
13 0.58125 0.4 0.05 0.05625
8 0.675 0.4046875 0.04140625 0.046875
8 0.13984375 0.453125 0.05390625 0.08125
16 0.66875 0.4859375 0.07109375 0.153125
16 0.78203125 0.4859375 0.07734375 0.153125
16 0.46875 0.5359375 0.10859375 0.215625
16 0.903125 0.559375 0.16484375 0.34375
14 0.678125 0.5625 0.09375 0.41875
14 0.78046875 0.5734375 0.08984375 0.465625
16 0.58046875 0.6046875 0.11484375 0.296875
14 0.90859375 0.6328125 0.1625 0.734375
16 0.13046875 0.6421875 0.15234375 0.315625
14 0.46328125 0.64375 0.11015625 0.6
14 0.13828125 0.66875 0.21015625 0.6
14 0.584375 0.6921875 0.12734375 0.615625
16 0.134375 0.9421875 0.22734375 0.115625
13 0.90859375 0.2953125 0.075 0.071875