8 0.15625 0.1953125 0.04453125 0.0890625
8 0.46875 0.20546875 0.05 0.08203125
8 0.56171875 0.23984375 0.0484375 0.08515625
8 0.3203125 0.24296875 0.05 0.08203125
8 0.6828125 0.2765625 0.09375 0.19375
14 0.3125 0.28515625 0.134375 0.4671875
14 0.14375 0.296875 0.125 0.44375
14 0.465625 0.3 0.13125 0.4375
14 0.5609375 0.28046875 0.140625 0.4765625
14 0.0375 0.259375 0.075 0.51875
14 0.6734375 0.259375 0.1125 0.51875
16 0.3140625 0.38203125 0.128125 0.2734375
16 0.140625 0.3875 0.15 0.2625
16 0.559375 0.3875 0.13125 0.2625
12 0.03359375 0.05703125 0.0671875 0.1140625
12 0.678125 0.1015625 0.103125 0.203125
12 0.14609375 0.13984375 0.0703125 0.07265625
12 0.46640625 0.14609375 0.0609375 0.06875
12 0.325 0.1578125 0.06640625 0.11171875
12 0.56015625 0.1671875 0.08125 0.0984375
8 0.02578125 0.16640625 0.0515625 0.1765625
9 0.1515625 0.1921875 0.04609375 0.0328125
9 0.025 0.1171875 0.05 0.053125
9 0.46328125 0.19375 0.040625 0.0359375
9 0.56015625 0.21484375 0.0515625 0.04296875
3 0.70625 0.22890625 0.0328125 0.1
0 0.84140625 0.3640625 0.2234375 0.309375
12 0.51171875 0.65703125 0.12421875 0.1328125
16 0.54296875 0.8875 0.2015625 0.225
14 0.51796875 0.80390625 0.2140625 0.3921875
16 0.8359375 0.66484375 0.2125 0.2921875
14 0.86484375 0.759375 0.2703125 0.48125
11 0.74921875 0.759375 0.0390625 0.103125