12 0.14140625 0.26875 0.05078125 0.04921875
11 0.1265625 0.2953125 0.03203125 0.046875
12 0.29296875 0.30546875 0.046875 0.06328125
11 0.19140625 0.3171875 0.02734375 0.053125
8 0.1515625 0.32265625 0.03515625 0.059375
8 0.2859375 0.35078125 0.0453125 0.0453125
12 0.47421875 0.38984375 0.0484375 0.08046875
16 0.10546875 0.4125 0.11484375 0.2015625
16 0.284375 0.45 0.09140625 0.1921875
16 0.47578125 0.47578125 0.11015625 0.16875
14 0.2875 0.4984375 0.10859375 0.4515625
14 0.11484375 0.50625 0.1875 0.53203125
14 0.48515625 0.553125 0.12109375 0.40390625
9 0.29296875 0.33515625 0.0328125 0.03046875
9 0.15703125 0.3078125 0.02421875 0.025