12 0.1875 0.221875 0.0609375 0.0640625
12 0.3515625 0.22578125 0.071875 0.07578125
12 0.51171875 0.2265625 0.0359375 0.065625
12 0.04375 0.23515625 0.0625 0.06875
8 0.18671875 0.27578125 0.04765625 0.05859375
8 0.340625 0.2765625 0.0421875 0.0546875
8 0.51328125 0.2828125 0.0328125 0.059375
8 0.05078125 0.2875 0.0421875 0.0625
16 0.3640625 0.390625 0.11015625 0.2265625
16 0.1890625 0.39921875 0.09921875 0.23125
16 0.04921875 0.41640625 0.0984375 0.2234375
16 0.50234375 0.41875 0.0546875 0.25
14 0.3609375 0.3625 0.1625 0.375
14 0.05703125 0.37421875 0.1140625 0.3515625
14 0.1875 0.37109375 0.153125 0.3578125
14 0.4921875 0.37265625 0.075 0.3546875
11 0.1234375 0.53046875 0.021875 0.0390625
11 0.0984375 0.53125 0.025 0.0375
11 0.46796875 0.53828125 0.0296875 0.0234375
11 0.3109375 0.5390625 0.0375 0.021875
9 0.5171875 0.2671875 0.025 0.034375
4 0.05546875 0.2703125 0.03125 0.0171875
4 0.19296875 0.26015625 0.0375 0.01953125
3 0.16796875 0.2625 0.0078125 0.0234375
8 0.5671875 0.23359375 0.075 0.2390625
14 0.6734375 0.275 0.2875 0.55
16 0.6484375 0.44453125 0.2375 0.2109375
12 0.5890625 0.053125 0.11875 0.10625
9 0.54921875 0.14453125 0.0390625 0.0890625
3 0.61328125 0.17265625 0.03359375 0.11640625
14 0.4171875 0.715625 0.225 0.33125
8 0.24140625 0.659375 0.1515625 0.21875
14 0.159375 0.775 0.31875 0.45
16 0.3796875 0.7015625 0.140625 0.303125
9 0.23671875 0.5828125 0.0859375 0.065625
11 0.953125 0.9328125 0.0828125 0.11796875
16 0.72109375 0.88984375 0.2109375 0.2203125
14 0.73203125 0.77578125 0.2390625 0.4484375
12 0.72734375 0.61484375 0.1515625 0.11796875
8 0.7546875 0.70625 0.096875 0.125
9 0.76484375 0.67265625 0.07734375 0.04765625