12 0.0703125 0.03359375 0.09375 0.0671875
12 0.34375 0.0546875 0.01640625 0.01875
12 0.4953125 0.06171875 0.009375 0.0171875
14 0.09765625 0.2 0.1953125 0.4
14 0.26640625 0.13671875 0.028125 0.11328125
14 0.29140625 0.15 0.02421875 0.0921875
14 0.3515625 0.12265625 0.0328125 0.15078125
14 0.490625 0.109375 0.01875 0.109375
16 0.3515625 0.0921875 0.0234375 0.05546875
16 0.09375 0.1171875 0.1875 0.234375
10 0.08984375 0.31328125 0.05390625 0.10234375
11 0.928125 0.23515625 0.03984375 0.0875
14 0.928125 0.2046875 0.14375 0.390625
14 0.740625 0.23359375 0.25625 0.3328125
16 0.95390625 0.2890625 0.0921875 0.221875
11 0.68359375 0.3875 0.0796875 0.025
12 0.9765625 0.06640625 0.046875 0.1078125
13 0.72109375 0.071875 0.0859375 0.06484375
8 0.97578125 0.121875 0.0484375 0.09375
8 0.72734375 0.1609375 0.0859375 0.1
8 0.07265625 0.50234375 0.1453125 0.2046875
14 0.15234375 0.6859375 0.3046875 0.571875
16 0.109375 0.7703125 0.21875 0.384375
4 0.059375 0.42734375 0.11875 0.0546875
3 0.1421875 0.4515625 0.0375 0.103125
12 0.884375 0.59765625 0.23125 0.1765625
8 0.8375 0.715625 0.1234375 0.1953125
14 0.840625 0.7640625 0.31875 0.471875
16 0.84453125 0.8875 0.2984375 0.225
11 0.7328125 0.953125 0.096875 0.09375
9 0.8265625 0.6921875 0.11328125 0.07109375