12 0.5765625 0.11640625 0.075 0.053125
12 0.3984375 0.12109375 0.06875 0.0515625
12 0.03125 0.140625 0.0625 0.046875
8 0.575 0.16953125 0.059375 0.04921875
8 0.39609375 0.1703125 0.0484375 0.059375
16 0.403125 0.28203125 0.1265625 0.17890625
16 0.58671875 0.29765625 0.1265625 0.18125
10 0.10546875 0.3203125 0.0578125 0.05546875
14 0.03359375 0.278125 0.0671875 0.34375
14 0.3828125 0.27421875 0.13125 0.3515625
14 0.58203125 0.2671875 0.1578125 0.365625
11 0.35390625 0.39765625 0.0296875 0.06484375
11 0.525 0.4125 0.04375 0.075
11 0.28671875 0.54375 0.03828125 0.115625
14 0.1875 0.725 0.1875 0.55
11 0.128125 0.6625 0.02890625 0.10859375
16 0.17734375 0.5234375 0.1109375 0.146875
15 0.23203125 0.97109375 0.0640625 0.0578125
15 0.1890625 0.990625 0.059375 0.01875
3 0.753125 0.55703125 0.128125 0.2140625