16 0.40234375 0.09375 0.0328125 0.115625
14 0.39609375 0.14375 0.0453125 0.2875
11 0.35859375 0.16015625 0.04765625 0.03359375
0 0.25390625 0.71484375 0.3296875 0.5703125
12 0.77734375 0.52890625 0.0828125 0.1359375
10 0.97265625 0.62109375 0.0546875 0.0796875
16 0.70234375 0.6375 0.16328125 0.19765625
12 0.57578125 0.64296875 0.1 0.0875
8 0.596875 0.72578125 0.0453125 0.0859375
14 0.728125 0.734375 0.20625 0.53125
11 0.78984375 0.86015625 0.04765625 0.09609375
11 0.6625 0.8625 0.04921875 0.071875
16 0.56015625 0.86484375 0.1484375 0.2703125
14 0.5890625 0.7984375 0.19375 0.403125