16 0.8078125 0.359375 0.17109375 0.4515625
14 0.82265625 0.359375 0.2 0.7
8 0.471875 0.3609375 0.07578125 0.1453125
14 0.64609375 0.42109375 0.1890625 0.7515625
16 0.37265625 0.4390625 0.2453125 0.27890625
16 0.653125 0.48203125 0.16953125 0.48515625
14 0.4 0.5203125 0.31796875 0.809375
10 0.88046875 0.62890625 0.08046875 0.12421875
12 0.84375 0.07265625 0.090625 0.1390625
10 0.70859375 0.72734375 0.07890625 0.11484375
12 0.634375 0.1515625 0.1078125 0.23046875
8 0.83203125 0.17578125 0.06484375 0.103125
12 0.46796875 0.21796875 0.13515625 0.21796875
3 0.421875 0.29921875 0.02890625 0.08046875