13 0.171875 0.03828125 0.071875 0.046875
13 0.4484375 0.04375 0.040625 0.046875
8 0.44609375 0.1109375 0.0453125 0.078125
8 0.17890625 0.1140625 0.071875 0.08359375
16 0.16796875 0.24921875 0.140625 0.21875
16 0.4328125 0.27734375 0.071875 0.2546875
14 0.14765625 0.31953125 0.1484375 0.5796875
14 0.4234375 0.325 0.090625 0.56875
12 0.95859375 0.0109375 0.0609375 0.021875
14 0.8609375 0.0375 0.0625 0.075
8 0.96015625 0.053125 0.05 0.0515625
14 0.7890625 0.0953125 0.13125 0.190625
16 0.8109375 0.071875 0.10703125 0.1140625
12 0.8875 0.08203125 0.0484375 0.06171875
14 0.95859375 0.16171875 0.0828125 0.3234375
16 0.959375 0.15234375 0.08125 0.1421875
16 0.8875 0.23984375 0.0875 0.16015625
10 0.74609375 0.290625 0.0546875 0.04375
14 0.878125 0.3296875 0.0875 0.559375
2 0.16015625 0.6203125 0.1859375 0.021875
2 0.16484375 0.72578125 0.20703125 0.071875
2 0.1515625 0.83671875 0.19296875 0.05859375
2 0.184375 0.95078125 0.2203125 0.065625
5 0.8203125 0.73671875 0.296875 0.2546875