8 0.23359375 0.028125 0.1078125 0.05625
8 0.390625 0.06796875 0.096875 0.1359375
14 0.1546875 0.334375 0.309375 0.66875
14 0.37109375 0.334375 0.1359375 0.66875
16 0.15546875 0.34140625 0.2890625 0.6546875
16 0.3671875 0.39296875 0.14375 0.5515625
11 0.228125 0.4109375 0.11484375 0.159375
3 0.3578125 0.0515625 0.0234375 0.06171875
4 0.4015625 0.02578125 0.075 0.0515625
0 0.184375 0.834375 0.140625 0.33125
11 0.46796875 0.7953125 0.0578125 0.228125
12 0.81875 0.809375 0.171875 0.1828125
8 0.78046875 0.9265625 0.1015625 0.146875
14 0.8140625 0.84765625 0.371875 0.3046875
9 0.7609375 0.87734375 0.06171875 0.046875