11 0.18125 0.01015625 0.0375 0.0203125
14 0.24765625 0.11953125 0.0640625 0.2390625
11 0.06328125 0.02890625 0.025 0.05625
11 0.1375 0.0359375 0.0328125 0.0453125
14 0.475 0.15078125 0.096875 0.3015625
14 0.09609375 0.14765625 0.1171875 0.2953125
14 0.18359375 0.13203125 0.0640625 0.2640625
14 0.01796875 0.14140625 0.0359375 0.2828125
14 0.31640625 0.1421875 0.0890625 0.284375
11 0.2828125 0.06640625 0.02734375 0.04140625
14 0.54453125 0.1625 0.0484375 0.325
11 0.4984375 0.071875 0.025 0.05625
14 0.39453125 0.15234375 0.0921875 0.3046875
11 0.44609375 0.08984375 0.02734375 0.0625
11 0.3515625 0.09609375 0.03125 0.06015625
6 0.159375 0.21015625 0.02734375 0.11328125
6 0.1859375 0.21328125 0.0265625 0.1171875
15 0.2328125 0.234375 0.0359375 0.0484375
15 0.28515625 0.25234375 0.0359375 0.06015625
15 0.33046875 0.2625 0.03984375 0.0609375
15 0.55 0.2765625 0.0375 0.05625
15 0.009375 0.2546875 0.01875 0.053125
15 0.08125 0.2734375 0.03828125 0.05078125
15 0.121875 0.271875 0.03984375 0.0609375
15 0.45 0.2390625 0.03984375 0.053125
15 0.48984375 0.27421875 0.03515625 0.0625
12 0.67890625 0.23359375 0.06484375 0.10390625
16 0.70078125 0.334375 0.1171875 0.109375
14 0.70703125 0.284375 0.1828125 0.209375
5 0.25859375 0.69453125 0.5171875 0.6109375
5 0.784375 0.69453125 0.43125 0.6109375