16 0.14296875 0.06171875 0.1953125 0.1234375
14 0.1 0.209375 0.2 0.41875
14 0.29140625 0.209375 0.0953125 0.41875
11 0.24765625 0.11796875 0.0484375 0.06484375
11 0.14296875 0.14453125 0.04765625 0.06484375
11 0.0453125 0.16015625 0.04296875 0.06484375
11 0.29765625 0.1640625 0.046875 0.09765625
15 0.2703125 0.3453125 0.10625 0.146875
12 0.93359375 0.05078125 0.1328125 0.1015625
8 0.68828125 0.0828125 0.1703125 0.165625
8 0.959375 0.12578125 0.08125 0.2515625
14 0.57265625 0.209375 0.4671875 0.41875
14 0.90546875 0.209375 0.1890625 0.41875
16 0.58203125 0.2828125 0.3828125 0.271875
4 0.9578125 0.05703125 0.084375 0.0734375