14 0.5171875 0.24453125 0.165625 0.4890625
14 0.16796875 0.24453125 0.2046875 0.4890625
16 0.50078125 0.24453125 0.1984375 0.4890625
11 0.12109375 0.3265625 0.10078125 0.15
11 0.21171875 0.34296875 0.08359375 0.11640625
12 0.04140625 0.8453125 0.02265625 0.02578125
12 0.07578125 0.8015625 0.04375 0.0421875
12 0.10390625 0.81953125 0.0140625 0.0328125
14 0.09296875 0.89296875 0.1359375 0.2140625
16 0.090625 0.9265625 0.14375 0.146875
14 0.9390625 0.521875 0.090625 0.065625
14 0.77578125 0.515625 0.0890625 0.053125
14 0.66640625 0.515625 0.0859375 0.053125
14 0.85390625 0.5421875 0.0859375 0.10625
16 0.92890625 0.52265625 0.0765625 0.0671875
16 0.77109375 0.53671875 0.0828125 0.0953125
16 0.8515625 0.54375 0.08125 0.109375
16 0.98515625 0.53984375 0.0296875 0.1015625
16 0.66796875 0.5359375 0.0796875 0.09375
12 0.80703125 0.57578125 0.0609375 0.08125
12 0.91796875 0.584375 0.05625 0.0734375
12 0.7109375 0.5859375 0.0578125 0.07109375
12 0.9828125 0.63046875 0.034375 0.0921875
8 0.8078125 0.64375 0.03515625 0.07578125
8 0.71328125 0.653125 0.0359375 0.05859375
8 0.91796875 0.653125 0.04140625 0.07890625
8 0.9828125 0.6875 0.034375 0.084375
14 0.8078125 0.7734375 0.1046875 0.4515625
14 0.9125 0.78125 0.1171875 0.43671875
16 0.8171875 0.7921875 0.0953125 0.22578125
14 0.97578125 0.78515625 0.0484375 0.4296875
14 0.69296875 0.7890625 0.1078125 0.421875
16 0.9265625 0.79765625 0.1109375 0.215625
16 0.70859375 0.8015625 0.0875 0.24375
16 0.9875 0.87265625 0.025 0.2546875
11 0.7359375 0.8953125 0.02890625 0.0859375
11 0.80625 0.9140625 0.0296875 0.09921875
11 0.896875 0.9625 0.025 0.075
15 0.6140625 0.85625 0.028125 0.10625