14 0.30078125 0.11953125 0.0734375 0.2390625
14 0.08984375 0.1203125 0.1078125 0.240625
12 0.2046875 0.32265625 0.0359375 0.0328125
16 0.209375 0.4515625 0.07578125 0.14296875
14 0.20859375 0.484375 0.0765625 0.35
11 0.1625 0.5609375 0.02109375 0.059375
11 0.24453125 0.5703125 0.02109375 0.053125
1 0.85546875 0.17109375 0.2890625 0.3421875
14 0.7546875 0.3296875 0.490625 0.659375
4 0.85546875 0.0625 0.1671875 0.125
12 0.275 0.67734375 0.06875 0.0359375
8 0.27265625 0.71484375 0.04921875 0.08203125
16 0.09140625 0.77109375 0.1015625 0.2234375
16 0.01328125 0.75703125 0.0265625 0.1953125
16 0.19453125 0.79609375 0.11796875 0.190625
14 0.22421875 0.81875 0.1609375 0.31875
14 0.02265625 0.8296875 0.0453125 0.340625
14 0.1171875 0.8296875 0.1875 0.340625
10 0.28984375 0.928125 0.04765625 0.12265625
10 0.1203125 0.93046875 0.065625 0.1390625
6 0.9546875 0.9796875 0.090625 0.040625
14 0.95 0.8296875 0.1 0.340625