12 0.02265625 0.11171875 0.0453125 0.1734375
14 0.11640625 0.37109375 0.2328125 0.6953125
16 0.11484375 0.525 0.2296875 0.3875
3 0.0171875 0.23671875 0.03359375 0.0890625
16 0.9203125 0.7359375 0.059375 0.034375
14 0.91796875 0.78046875 0.0515625 0.1234375
12 0.9796875 0.72421875 0.040625 0.0109375
8 0.98125 0.7515625 0.02421875 0.0453125
16 0.9703125 0.85078125 0.059375 0.1609375
10 0.9609375 0.8578125 0.0296875 0.03828125
14 0.96796875 0.859375 0.0640625 0.28125
9 0.98046875 0.7421875 0.0265625 0.01796875