12 0.3828125 0.47421875 0.040625 0.04609375
12 0.5484375 0.5 0.040625 0.03984375
12 0.290625 0.5015625 0.04609375 0.0375
12 0.64921875 0.50546875 0.03671875 0.03984375
8 0.384375 0.51796875 0.03125 0.046875
12 0.471875 0.53203125 0.04296875 0.03828125
8 0.54375 0.534375 0.040625 0.04609375
8 0.29296875 0.5375 0.03125 0.05859375
8 0.65078125 0.540625 0.03828125 0.04140625
8 0.46953125 0.56875 0.03203125 0.034375
16 0.3828125 0.6015625 0.0890625 0.1484375
16 0.65078125 0.61953125 0.08125 0.13828125
16 0.28203125 0.64609375 0.0859375 0.17265625
16 0.465625 0.65625 0.065625 0.15
11 0.6078125 0.67890625 0.03671875 0.04453125
11 0.5203125 0.6828125 0.02265625 0.0484375
11 0.6828125 0.690625 0.02109375 0.046875
14 0.37578125 0.6921875 0.09765625 0.47578125
14 0.65546875 0.69453125 0.12734375 0.4171875
14 0.559375 0.69609375 0.115625 0.4359375
14 0.28046875 0.7140625 0.0875 0.4703125
14 0.4671875 0.7171875 0.07734375 0.41171875
11 0.57734375 0.72109375 0.0203125 0.0375
11 0.50078125 0.728125 0.0234375 0.03828125
11 0.3265625 0.73125 0.025 0.03984375
11 0.44140625 0.73125 0.0234375 0.04296875
11 0.24453125 0.73984375 0.0234375 0.04296875
15 0.253125 0.92578125 0.03828125 0.0625
15 0.303125 0.92890625 0.03828125 0.065625
15 0.340625 0.909375 0.03671875 0.0640625
15 0.3921875 0.89375 0.04296875 0.05
15 0.45625 0.90234375 0.04375 0.046875
15 0.471875 0.89375 0.0375 0.04453125
15 0.53671875 0.88828125 0.02890625 0.0484375
15 0.59140625 0.8953125 0.04921875 0.046875
15 0.67421875 0.8859375 0.03671875 0.065625
15 0.63046875 0.878125 0.034375 0.04453125
9 0.5484375 0.51953125 0.03359375 0.0296875
9 0.290625 0.52265625 0.03515625 0.02578125
9 0.38359375 0.49921875 0.034375 0.02109375