10 0.1953125 0.1734375 0.05 0.1265625
12 0.0984375 0.296875 0.0203125 0.03828125
14 0.21875 0.259375 0.15 0.51875
16 0.2203125 0.3109375 0.15625 0.415625
14 0.1078125 0.39921875 0.04375 0.2390625
14 0.51328125 0.12578125 0.0359375 0.2515625
8 0.2015625 0.053125 0.05625 0.10625
14 0.46875 0.13828125 0.05625 0.2765625
9 0.19921875 0.0234375 0.0546875 0.046875
16 0.759375 0.04765625 0.16875 0.0953125
16 0.95 0.05546875 0.1 0.1109375
14 0.93984375 0.153125 0.1203125 0.30625
14 0.7671875 0.1734375 0.2125 0.346875
11 0.89140625 0.09296875 0.03671875 0.05546875
0 0.34609375 0.7421875 0.03671875 0.090625
0 0.43515625 0.81015625 0.07109375 0.0421875