12 0.484375 0.0296875 0.10625 0.059375
12 0.30078125 0.05078125 0.1046875 0.1015625
8 0.4765625 0.11953125 0.08984375 0.14140625
8 0.29921875 0.16796875 0.0875 0.1234375
10 0.18984375 0.26953125 0.09375 0.14921875
14 0.47890625 0.29453125 0.2203125 0.5890625
14 0.234375 0.29453125 0.3125 0.5890625
16 0.478125 0.38515625 0.221875 0.4078125
10 0.20703125 0.55625 0.1046875 0.065625
10 0.36484375 0.55625 0.0765625 0.065625
3 0.25625 0.1328125 0.0203125 0.05546875
3 0.33984375 0.14375 0.021875 0.06015625
3 0.4390625 0.0703125 0.0171875 0.0546875
3 0.521875 0.08828125 0.0171875 0.06171875
4 0.2984375 0.128125 0.06875 0.0484375
4 0.48203125 0.08203125 0.06328125 0.071875
2 0.9451778015624999 0.5890625 0.9375 0.54453125 0.925 0.51328125 0.925 0.49140625 0.9171875 0.46953125 0.909375 0.46640625 0.9109375 0.45703125 0.89375 0.42109375 0.8828125 0.31953125 0.8859375 0.28671875 0.90625 0.22578125 0.88671875 0.2125 0.8796875 0.21328125 0.8609375 0.27265625 0.85390625 0.2765625 0.8234375 0.23046875 0.79453125 0.2 0.78203125 0.196875 0.76875 0.20546875 0.803125 0.24140625 0.828125 0.28359375 0.834375 0.32109375 0.83125 0.36015625 0.7556291859375 0.5890625 0.78896484375 0.5890625 0.7921875 0.58046875 0.79375 0.56171875 0.8140625 0.51328125 0.87734375 0.4578125 0.8828125 0.48984375 0.9171875 0.57578125 0.9182716843750001 0.5890625 0.9451778015624999 0.5890625
2 0.297802734375 0.5890625 0.2984375 0.59921875 0.278125 0.63203125 0.18636406249999998 0.76150625 0.1636359375 0.85525625 0.296875 0.63984375 0.278125 0.70703125 0.2578125 0.73984375 0.2265625 0.86953125 0.23125 0.90390625 0.2453125 0.90546875 0.253125 0.89609375 0.2703125 0.83515625 0.275 0.79609375 0.296875 0.71953125 0.31796875 0.6734375 0.3359375 0.76015625 0.34375 0.83359375 0.3515625 0.86171875 0.35703125 0.8703125 0.3609375 0.86796875 0.365625 0.74921875 0.3484375 0.60390625 0.3583333328125 0.5890625 0.297802734375 0.5890625
14 0.66171875 0.79453125 0.1453125 0.4109375
15 0.68046875 0.98671875 0.1203125 0.0265625
15 0.8421875 0.59453125 0.03125 0.0109375
15 0.8703125 0.5953125 0.025 0.0125