16 0.16015625 0.05 0.1890625 0.1
14 0.134375 0.06875 0.228125 0.1375
12 0.05 0.05 0.05625 0.1
16 0.2125 0.2296875 0.17265625 0.2109375
14 0.21171875 0.31640625 0.1953125 0.4671875
16 0.9171875 0.40703125 0.165625 0.2859375
14 0.8953125 0.284375 0.209375 0.53125
11 0.72734375 0.5 0.0828125 0.1
16 0.53515625 0.453125 0.1328125 0.19375
14 0.54765625 0.3390625 0.1578125 0.421875
12 0.890625 0.1125 0.19140625 0.15546875
12 0.5234375 0.190625 0.109375 0.11875
8 0.8625 0.20859375 0.1 0.13203125
8 0.5296875 0.2828125 0.096875 0.125
9 0.53984375 0.24921875 0.07734375 0.04765625
0 0.234375 0.92265625 0.46875 0.1546875
16 0.65 0.57734375 0.034375 0.04375
14 0.48515625 0.58359375 0.0328125 0.0671875
16 0.49296875 0.5921875 0.0171875 0.046875
14 0.6484375 0.6140625 0.046875 0.128125
14 0.51015625 0.63046875 0.0359375 0.1609375
16 0.90078125 0.65625 0.0859375 0.2125
16 0.8015625 0.65859375 0.09296875 0.1796875
16 0.96953125 0.67890625 0.0609375 0.2390625
14 0.89765625 0.775 0.0796875 0.45
14 0.80390625 0.775 0.1109375 0.45
11 0.7515625 0.79609375 0.0390625 0.0578125
14 0.97109375 0.775 0.0578125 0.45
10 0.84375 0.8203125 0.0390625 0.07890625
6 0.7921875 0.95 0.05 0.1
6 0.82578125 0.95078125 0.0390625 0.0984375
6 0.8890625 0.95 0.075 0.1
6 0.93671875 0.97421875 0.0953125 0.0515625
6 0.64375 0.66171875 0.01875 0.028125
6 0.65703125 0.6640625 0.01796875 0.0296875