8 0.25546875 0.03828125 0.0953125 0.0765625
8 0.046875 0.0609375 0.0875 0.121875
14 0.06328125 0.2796875 0.1265625 0.559375
14 0.28984375 0.2796875 0.2078125 0.559375
16 0.0625 0.31171875 0.125 0.4359375
16 0.2984375 0.3125 0.2359375 0.4765625
11 0.040625 0.3640625 0.08125 0.109375
11 0.315625 0.39765625 0.07734375 0.09609375
11 0.14765625 0.425 0.07265625 0.09609375
16 0.07734375 0.71640625 0.1296875 0.3140625
16 0.32265625 0.73984375 0.1046875 0.3609375
14 0.08046875 0.7796875 0.1265625 0.440625
14 0.34921875 0.7796875 0.1515625 0.440625
11 0.075 0.81953125 0.0296875 0.0671875
2 0.7046875 0.6109375 0.190625 0.0625
2 0.7015625 0.75 0.184375 0.071875
2 0.6875 0.8828125 0.15625 0.071875
2 0.69453125 0.98828125 0.1703125 0.0234375