12 0.26015625 0.22265625 0.09140625 0.0921875
8 0.11640625 0.22734375 0.07265625 0.12578125
8 0.3796875 0.23828125 0.01875 0.0953125
8 0.2640625 0.29375 0.07890625 0.1203125
11 0.11875 0.42265625 0.0578125 0.08125
16 0.36484375 0.36875 0.0484375 0.240625
16 0.059375 0.3515625 0.11875 0.275
11 0.2625 0.46640625 0.0625 0.0453125
16 0.2328125 0.4078125 0.15 0.1625
14 0.23515625 0.3375 0.1671875 0.303125
12 0.36953125 0.1484375 0.0390625 0.084375
12 0.11875 0.16328125 0.10390625 0.13671875
0 0.6875 0.14765625 0.290625 0.2953125
0 0.61328125 0.42734375 0.4484375 0.1234375
2 0.25946180625 1 0.278125 0.96640625 0.325 0.92109375 0.325 0.91015625 0.303125 0.87890625 0.3046875 0.86640625 0.284375 0.85546875 0.303125 0.84921875 0.30625 0.82734375 0.29296875 0.8109375 0.26484375 0.8015625 0.253125 0.80859375 0.2484375 0.82890625 0.225 0.87109375 0.2390625 0.91640625 0.21615162031250001 1 0.25946180625 1
2 0.1717271953125 1 0.159375 0.99296875 0.1796875 0.93828125 0.16640625 0.9265625 0.1578125 0.92890625 0.13984375 0.984375 0.10390625 0.9671875 0.0546875 0.95703125 0.0640625 0.95234375 0.0671875 0.93359375 0.078125 0.92265625 0.0765625 0.91015625 0.0890625 0.88984375 0.09140625 0.8734375 0.0328125 0.92109375 0.0078125 0.96484375 0 0.96796875 0.0046875 0.97265625 0 0.97734375 0 0.9794270828125 0.003125 0.98046875 0 0.9809895828125 0 0.9887348796875 0.01875 0.99296875 0.0206676140625 1 0.046875 1 0.0515625 0.99140625 0.05390625 0.9609375 0.0609375 0.97734375 0.05703125 0.99375 0.0709735578125 1 0.1717271953125 1
11 0.8140625 0.53515625 0.025 0.05390625
12 0.7234375 0.55859375 0.04609375 0.05859375
16 0.7515625 0.7375 0.125 0.24375
14 0.7578125 0.75625 0.14375 0.4875
11 0.6875 0.88125 0.02890625 0.0796875