10 0.01640625 0.34453125 0.0328125 0.0734375
16 0.02890625 0.3546875 0.0578125 0.321875
16 0.29453125 0.40546875 0.0921875 0.3453125
10 0.125 0.41171875 0.0390625 0.103125
10 0.1796875 0.4453125 0.0484375 0.06640625
14 0.03671875 0.30703125 0.0734375 0.5453125
14 0.2765625 0.32734375 0.11875 0.5046875
10 0.1671875 0.49375 0.06328125 0.07890625
12 0.46015625 0.5515625 0.0640625 0.05625
14 0.50859375 0.5375 0.1515625 0.084375
12 0.021875 0.084375 0.04375 0.096875
12 0.2671875 0.11484375 0.08515625 0.103125
8 0.01640625 0.17421875 0.0328125 0.0796875
12 0.89765625 0.26796875 0.09140625 0.0921875
8 0.75390625 0.27265625 0.07265625 0.12578125
8 0.9015625 0.3390625 0.07890625 0.1203125
11 0.75625 0.46796875 0.0578125 0.08125
16 0.678125 0.41953125 0.15625 0.3203125
11 0.90078125 0.53359375 0.06328125 0.08828125
16 0.8703125 0.47578125 0.15 0.2078125
14 0.87265625 0.40546875 0.1671875 0.3484375
12 0.75625 0.20859375 0.10390625 0.13671875
14 0.24921875 0.78984375 0.2546875 0.4203125
16 0.2546875 0.803125 0.225 0.39375
8 0.18359375 0.609375 0.0890625 0.059375
2 0.79296875 0.81171875 0.3859375 0.3765625