12 0.00625 0.1953125 0.0125 0.040625
14 0.01796875 0.334375 0.0359375 0.309375
12 0.33203125 0.15078125 0.0984375 0.09140625
14 0.34140625 0.29609375 0.1921875 0.3859375
16 0.009375 0.30703125 0.01875 0.1484375
16 0.3296875 0.3625 0.153125 0.253125
8 0.69296875 0.0921875 0.1078125 0.184375
14 0.7046875 0.24453125 0.15 0.4890625
11 0.70625 0.2421875 0.05703125 0.2
9 0.70546875 0.0375 0.0921875 0.075
2 0.6296875 0.7694661453125 0.59140625 0.734375 0.56640625 0.721875 0.50546875 0.703125 0.47578125 0.7015625 0.459375 0.70859375 0.4546875 0.71484375 0.45703125 0.728125 0.49609375 0.734375 0.51015625 0.75 0.54453125 0.7671875 0.62109375 0.821875 0.625 0.84921875 0.559375 0.92890625 0.49609375 0.9859375 0.47578125 0.990625 0.459375 0.97578125 0.45703125 0.9640625 0.45234375 0.971875 0.43828125 0.971875 0.403125 0.99609375 0.4025240390625 1 0.5603207234375 1 0.56640625 0.996875 0.57890625 0.98125 0.58671875 0.98125 0.584375 0.97109375 0.62109375 0.9328125 0.62890625 0.9359375 0.6296875 0.9338541671874999 0.6296875 0.7694661453125
2 0.12942708281249998 0.4890625 0.128125 0.48984375 0.1375 0.49296875 0.1140625 0.51328125 0.0890625 0.57734375 0.0921875 0.60859375 0.0859375 0.63046875 0.103125 0.65234375 0.109375 0.67421875 0.12734375 0.6921875 0.19140625 0.7296875 0.23203125 0.7375 0.2671875 0.73359375 0.26484375 0.7125 0.22578125 0.7125 0.16796875 0.690625 0.13671875 0.6703125 0.128125 0.66015625 0.13125 0.65390625 0.1125 0.64140625 0.1109375 0.61796875 0.121875 0.57890625 0.14296875 0.5453125 0.24765625 0.5609375 0.31640625 0.5609375 0.35859375 0.546875 0.37890625 0.546875 0.434375 0.60703125 0.4296875 0.66484375 0.41328125 0.684375 0.36171875 0.7109375 0.303125 0.71953125 0.31484375 0.7421875 0.33125 0.74296875 0.38671875 0.7296875 0.4234375 0.70078125 0.453125 0.65546875 0.446875 0.62890625 0.4515625 0.59609375 0.428125 0.55078125 0.375 0.49921875 0.3704861109375 0.4890625 0.12942708281249998 0.4890625
5 0.68046875 0.7609375 0.1015625 0.478125
5 0.81484375 0.746875 0.3703125 0.50625