8 0.6765625 0.28984375 0.0828125 0.17734375
8 0.821875 0.20234375 0.09765625 0.2015625
8 0.57109375 0.1890625 0.08359375 0.18046875
8 0.51015625 0.31875 0.07265625 0.16640625
8 0.3578125 0.27734375 0.08515625 0.16953125
8 0.225 0.20703125 0.08515625 0.16484375
4 0.22890625 0.20859375 0.0546875 0.03359375
4 0.36015625 0.26875 0.05703125 0.04375
4 0.50625 0.30546875 0.05546875 0.0390625
4 0.56484375 0.1890625 0.05234375 0.03828125
4 0.66640625 0.29453125 0.05078125 0.02890625
4 0.81640625 0.209375 0.0640625 0.0359375
3 0.85859375 0.2234375 0.01953125 0.05078125
3 0.3265625 0.28046875 0.015625 0.04375
3 0.5390625 0.32734375 0.01875 0.03984375
3 0.19375 0.2265625 0.0140625 0.04453125