8 0.19453125 0.24140625 0.14921875 0.2390625
14 0.240625 0.275 0.48125 0.55
16 0.215625 0.4484375 0.43125 0.203125
12 0.20234375 0.05703125 0.2203125 0.1140625
9 0.17109375 0.153125 0.12421875 0.0890625
3 0.27734375 0.18046875 0.03359375 0.11640625
11 0.94765625 0.453125 0.071875 0.078125
5 0.8546875 0.475 0.1015625 0.13984375
16 0.29296875 0.64296875 0.2796875 0.1859375
14 0.28359375 0.775 0.2703125 0.45
10 0.29609375 0.7609375 0.1390625 0.09609375
8 0.64453125 0.6421875 0.2890625 0.165625
14 0.75 0.775 0.5 0.45
16 0.7 0.8421875 0.4 0.315625
12 0.659375 0.57265625 0.31875 0.0453125