16 0.1015625 0.0890625 0.203125 0.178125
10 0.02890625 0.1078125 0.0578125 0.078125
10 0.13828125 0.1265625 0.06640625 0.07421875
14 0.10703125 0.2 0.2140625 0.4
12 0.40078125 0.19140625 0.059375 0.0578125
12 0.51953125 0.22578125 0.05078125 0.059375
12 0.6109375 0.24609375 0.0609375 0.0421875
14 0.5125 0.25859375 0.0625 0.12421875
12 0.85859375 0.26796875 0.04140625 0.03984375
8 0.61171875 0.2984375 0.05 0.0515625
14 0.440625 0.28203125 0.13125 0.2359375
16 0.4625 0.3171875 0.10703125 0.1140625
12 0.5390625 0.32734375 0.0484375 0.06171875
10 0.71015625 0.36640625 0.065625 0.0578125
14 0.87421875 0.31875 0.0953125 0.1625
14 0.62109375 0.3109375 0.1046875 0.178125
16 0.61328125 0.36328125 0.0859375 0.0734375
16 0.88125 0.37890625 0.09375 0.0421875
12 0.50703125 0.69375 0.16953125 0.1015625
8 0.525 0.78359375 0.10390625 0.10625
14 0.49765625 0.8203125 0.3203125 0.359375
16 0.50234375 0.93671875 0.2734375 0.1265625