16 0.07421875 0.1890625 0.084375 0.165625
16 0.81953125 0.21328125 0.07734375 0.1171875
16 0.8921875 0.2375 0.05546875 0.14375
14 0.0765625 0.25546875 0.084375 0.3859375
14 0.81875 0.28359375 0.07109375 0.3546875
16 0.59921875 0.29140625 0.16875 0.3515625
14 0.89140625 0.3015625 0.06171875 0.3625
14 0.5390625 0.465625 0.32421875 0.896875
13 0.534375 0.04609375 0.075 0.078125
13 0.08515625 0.08203125 0.02734375 0.0421875
8 0.52265625 0.1 0.046875 0.06875
13 0.81484375 0.11796875 0.034375 0.028125
13 0.88515625 0.13515625 0.03984375 0.0328125
15 0.646875 0.87890625 0.12109375 0.08125
15 0.4265625 0.77421875 0.11484375 0.1046875
15 0.07578125 0.434375 0.04765625 0.0421875
15 0.80859375 0.4453125 0.03203125 0.0390625
15 0.8359375 0.44765625 0.025 0.0375