12 0.3359375 0.20390625 0.028125 0.1109375
8 0.19375 0.22421875 0.065625 0.13828125
14 0.178125 0.303125 0.265625 0.453125
12 0.21640625 0.125 0.11796875 0.09609375
12 0.02109375 0.12578125 0.0421875 0.1046875
3 0.01953125 0.2140625 0.02265625 0.05625
3 0.24375 0.2203125 0.0234375 0.06484375
4 0.19609375 0.18984375 0.0640625 0.0421875
10 0.64296875 0.344443359375 0.6791015609375 0.4002929703125 0.7240234390625 0.43146484375 0.81875 0.4535449234375 0.8402343765625 0.357431640625 0.7806640625 0.3249609359375 0.7181640625 0.2600195296875 0.69765625 0.282099609375 0.7201171875 0.3405468734375 0.64296875 0.344443359375
9 0.8272127265624999 0 0.82265625 0.032724609375000005 0.83046875 0.045712890625 0.8568359375 0.04181640625 0.9130484656250001 0 0.8272127265624999 0
9 0.6282474671875 0 0.6234374984375 0.0015527328125 0.6341796859375 0.0288281265625 0.65078125 0.0353222671875 0.6693359375 0.02103515625 0.7142578125 0.02103515625 0.7220703140625 0.00025390625 0.73671875 0.0015527328125 0.73321634375 0 0.6282474671875 0
3 0.9208505828125 0 0.9009732406250001 0.0614272 0.9435726062499998 0.07142131406249999 0.971137009375 0.0081251171875 0.954017628125 0 0.9208505828125 0
3 0.7287610796875 0 0.7268931750000001 0.0242441734375 0.7458216765625 0.0242441734375 0.7483662890625 0 0.7287610796875 0
8 0.69765625 0.08467773281249999 0.7123046859375 0.08078125 0.726953125 0.05610351718749999 0.7181640625 0.018437500000000002 0.6410156234375 0.032724609375000005 0.6595703140625 0.08078125 0.69765625 0.08467773281249999
8 0.8978515609375 0.008046873437500001 0.8880859375 0.008046873437500001 0.8724609375 0.0288281265625 0.8529296859375 0.04181640625 0.8353515609375 0.04181640625 0.83046875 0.045712890625 0.83046875 0.0794824234375 0.83828125 0.11065429687499999 0.8548828125 0.1301367203125 0.8587890625 0.1327343734375 0.867578125 0.131435546875 0.88125 0.115849609375 0.9125 0.045712890625 0.9115234390625 0.039218750000000004 0.898828125 0.0353222671875 0.896875 0.024931640625 0.8978515609375 0.008046873437500001
2 0.19296875 0.603125 0.2 0.0671875
2 0.18671875 0.71953125 0.18671875 0.06484375
2 0.16953125 0.8390625 0.20703125 0.07109375
2 0.1828125 0.953125 0.1796875 0.0734375
2 0.61171875 0.6234375 0.1046875 0.1875