14 0.48203125 0.2 0.1359375 0.4
14 0.1953125 0.2 0.384375 0.4
16 0.175 0.2515625 0.35 0.296875
16 0.48203125 0.30859375 0.1359375 0.1828125
12 0.1890625 0.01953125 0.25 0.0390625
8 0.1625 0.09375 0.1296875 0.13359375
8 0.53203125 0.14765625 0.0359375 0.1578125
9 0.14921875 0.06015625 0.1234375 0.05703125
9 0.5296875 0.1078125 0.040625 0.05625
8 0.928125 0.21328125 0.14375 0.3046875
14 0.775 0.2 0.45 0.4
12 0.91796875 0.078125 0.1640625 0.15625
3 0.84453125 0.14296875 0.046875 0.11015625
4 0.9421875 0.14453125 0.115625 0.1265625
10 0.2578125 0.56484375 0.11796875 0.128125
5 0.0984375 0.91015625 0.196875 0.1765625
1 0.690625 0.7828125 0.1671875 0.25703125
12 0.8921875 0.67578125 0.215625 0.2953125
14 0.690625 0.7 0.28125 0.6