12 0.63671875 0.1875 0.0453125 0.121875
14 0.65390625 0.27578125 0.0703125 0.4484375
10 0.67265625 0.35234375 0.0328125 0.1203125
15 0.6734375 0.465625 0.03125 0.059375
12 0.97421875 0.18046875 0.0515625 0.2265625
11 0.89765625 0.3984375 0.1265625 0.190625
14 0.93515625 0.2921875 0.1296875 0.49375
3 0.96328125 0.31015625 0.02421875 0.078125
12 0.378125 0.8546875 0.01328125 0.02890625
14 0.3859375 0.91953125 0.05625 0.1609375
14 0.5734375 0.740625 0.01796875 0.0921875
14 0.63359375 0.725 0.015625 0.09609375
16 0.38359375 0.9421875 0.0328125 0.115625
16 0.5703125 0.728125 0.01796875 0.04765625
1 0.8515625 0.76015625 0.296875 0.4421875