14 0.60390625 0.04609375 0.1578125 0.0921875
16 0.621875 0.03984375 0.090625 0.0796875
14 0.053125 0.16484375 0.10625 0.3296875
10 0.01171875 0.184375 0.0234375 0.0875
12 1 0.1648437515625 0.9912109375 0.16133514375 0.9609375 0.1891116203125 0.9472656234375 0.24174073593749998 0.9472656234375 0.25635993749999997 0.95703125 0.259283775 0.95703125 0.24174073593749998 0.9755859375 0.22273577812499998 1 0.22273577812499998 1 0.1648437515625
13 0.8916015625 0.3016794546875 0.8896484375 0.2987556140625 0.8759765625 0.2987556140625 0.8740234375 0.3016794546875 0.8662109375 0.3016794546875 0.8623046875 0.30460329375 0.8515625 0.3206844125 0.8515625 0.3236082515625 0.8544921875 0.3279940125 0.8583984375 0.3279940125 0.8701171875 0.31922249062499997 0.8769531234375 0.3265320921875 0.8769531234375 0.3353036109375 0.87890625 0.341151290625 0.8876953125 0.35430856875 0.8935546875 0.35430856875 0.8974609375 0.3484608921875 0.9033203125 0.3484608921875 0.9072265625 0.35723241093749997 0.91015625 0.355770490625 0.91015625 0.3353036109375 0.9082031234375 0.332379771875 0.9082031234375 0.3236082515625 0.90625 0.317760571875 0.8955078125 0.3016794546875 0.8916015625 0.3016794546875
4 0.8503092625 0.3660304875 0.8773447765625001 0.3641155171875 0.8762249656250001 0.34257213750000004 0.8499274953124999 0.34468937187500004 0.8503092625 0.3660304875
8 0.855108465625 0.4004998921875 0.8581479625 0.40744165 0.8624672406249999 0.4136653078125 0.885343459375 0.4052873078125 0.8976614093749999 0.3995424046875 0.8947818812499999 0.389728203125 0.8901426625 0.3796746234375 0.88406366875 0.372493496875 0.8738253640625 0.369860421875 0.8659866640624999 0.36746670937500003 0.8527274953124999 0.36894086875 0.8506292156249999 0.377280915625 0.8515890546874999 0.38230770937499997 0.8547885234375 0.38470141562500004 0.8546285515625 0.388531346875 0.8541486265625 0.3949943625 0.855108465625 0.4004998921875
3 0.9064257640625 0.35404693125 0.90130660625 0.3485414015625 0.8965274953125 0.35037799375 0.894267771875 0.37295723281250004 0.894267771875 0.37894150625 0.90130660625 0.3806171015625 0.9053059421875 0.37367534375 0.9064257640625 0.35404693125
11 0.71875 0.397501659375 0.7246093765625 0.39670424843749996 0.7490234375 0.3952423296875 0.75 0.39085656874999997 0.7470703125 0.3864708078125 0.7451171875 0.3864708078125 0.7421875 0.3820850484375 0.7421875 0.379161209375 0.75 0.37038968906249997 0.7451171875 0.3630800890625 0.7373046875 0.35723241093749997 0.7333984375 0.35723241093749997 0.7255859375 0.35138473124999997 0.7197265625 0.35138473124999997 0.71875 0.3499228125 0.71875 0.397501659375
0 0.453125 0.71953125 0.3390625 0.2640625
0 0.0765625 0.671875 0.153125 0.221875
1 0.93984375 0.8140625 0.1203125 0.371875