16 0.10546875 0.12109375 0.1046875 0.2421875
14 0.10234375 0.23984375 0.2046875 0.4796875
10 0.01484375 0.21953125 0.0296875 0.0578125
12 0.76796875 0.0453125 0.1484375 0.090625
12 0.5796875 0.07265625 0.103125 0.1453125
8 0.8140625 0.09140625 0.11015625 0.1234375
8 0.60546875 0.1421875 0.0578125 0.065625
10 0.54453125 0.18671875 0.08984375 0.0828125
16 0.7453125 0.25 0.22890625 0.35546875
16 0.9234375 0.23984375 0.153125 0.4796875
14 0.6671875 0.23984375 0.39375 0.4796875
10 0.4890625 0.43984375 0.06875 0.0796875
3 0.82890625 0.02578125 0.0421875 0.0515625
2 0.3796875 0.9138772546875 0.32734375 0.859375 0.23671875 0.796875 0.2265625 0.78359375 0.2265625 0.77734375 0.25546875 0.7515625 0.19453125 0.7671875 0.14609375 0.7640625 0.10546875 0.778125 0.11640625 0.78125 0.121875 0.79453125 0.11015625 0.8078125 0.07109375 0.8296875 0.0421875 0.86171875 0.025 0.89296875 0.0015625 0.96171875 0.00390625 0.9671875 0.025 0.95078125 0.0375 0.92734375 0.11484375 0.846875 0.15234375 0.81875 0.18046875 0.8171875 0.23984375 0.8484375 0.36328125 0.94375 0.3796875 0.9624454937500001 0.3796875 0.9138772546875
11 0.67421875 0.5765625 0.09921875 0.13671875
14 0.58046875 0.73984375 0.2984375 0.5203125
16 0.5515625 0.72890625 0.2125 0.4984375
10 0.96015625 0.75546875 0.0796875 0.1578125