12 0.41875 0.39140625 0.021875 0.0546875
12 0.52265625 0.1703125 0.046875 0.0453125
8 0.52265625 0.21875 0.05 0.05703125
12 0.953125 0.23125 0.0390625 0.04375
12 0.6140625 0.2359375 0.04296875 0.04375
12 0.803125 0.2421875 0.04296875 0.03984375
12 0.71015625 0.24453125 0.0453125 0.03828125
12 0.88984375 0.2703125 0.0421875 0.0453125
8 0.95703125 0.2734375 0.034375 0.0515625
8 0.6109375 0.27890625 0.03984375 0.05703125
8 0.80859375 0.2796875 0.04375 0.046875
8 0.7109375 0.2875 0.0359375 0.05390625
8 0.8875 0.303125 0.0296875 0.05
16 0.5109375 0.33203125 0.1 0.1734375
16 0.95625 0.359375 0.0875 0.11875
16 0.80078125 0.3640625 0.0890625 0.109375
16 0.60390625 0.35546875 0.0921875 0.1265625
16 0.7109375 0.371875 0.090625 0.09375
16 0.8859375 0.375 0.0625 0.0875
14 0.5140625 0.28125 0.10625 0.275
14 0.9609375 0.315625 0.078125 0.20625
14 0.8015625 0.31953125 0.090625 0.1984375
14 0.61328125 0.3140625 0.1078125 0.209375
14 0.70546875 0.32265625 0.0859375 0.1921875
14 0.88515625 0.33203125 0.0671875 0.1734375
9 0.9546875 0.259375 0.03515625 0.0203125
9 0.8046875 0.271875 0.0296875 0.025
5 0.21484375 0.709375 0.4296875 0.58125
1 0.67421875 0.60078125 0.1765625 0.3640625
14 0.65546875 0.709375 0.3203125 0.58125