16 0.01796875 0.24375 0.0359375 0.328125
16 0.0921875 0.33984375 0.13203125 0.29765625
14 0.03203125 0.3 0.0640625 0.6
14 0.3421875 0.3 0.1375 0.6
14 0.103125 0.34921875 0.1875 0.5015625
10 0.425 0.46015625 0.04609375 0.07265625
12 0.07890625 0.03046875 0.0796875 0.0609375
12 0.328125 0.040625 0.07578125 0.08046875
8 0.07890625 0.078125 0.034375 0.08046875
12 0.15625 0.1359375 0.0796875 0.07265625
16 0.26875 0.1640625 0.07421875 0.328125
14 0.30390625 0.23984375 0.1359375 0.4796875
14 0.9234375 0.39375 0.153125 0.4125
11 0.97578125 0.23203125 0.0484375 0.0734375
12 0.27265625 0.628125 0.0828125 0.05625
12 0.3359375 0.64765625 0.05390625 0.075
8 0.52890625 0.65546875 0.0203125 0.0828125
8 0.26171875 0.66328125 0.05234375 0.08828125
12 0.14375 0.6890625 0.10390625 0.1125
8 0.3390625 0.69921875 0.0546875 0.065625
12 0.42890625 0.70546875 0.0796875 0.0828125
8 0.409375 0.76484375 0.04375 0.08046875
8 0.146875 0.7671875 0.07109375 0.08046875
16 0.51953125 0.8015625 0.0390625 0.25625
16 0.2328125 0.8328125 0.0953125 0.290625
11 0.2515625 0.8671875 0.06015625 0.0828125
16 0.34296875 0.86640625 0.0890625 0.2671875
16 0.44296875 0.89375 0.1203125 0.2125
11 0.52578125 0.95546875 0.0265625 0.0828125
16 0.10625 0.89375 0.134375 0.2125
14 0.246875 0.8 0.134375 0.4
14 0.34609375 0.8078125 0.1015625 0.384375
14 0.10625 0.81640625 0.171875 0.3671875
14 0.4453125 0.8328125 0.13125 0.334375
9 0.4109375 0.74609375 0.0484375 0.04140625
3 0.125 0.74609375 0.01875 0.03984375
3 0.2484375 0.6453125 0.0203125 0.04140625
2 0.5390625 0.7001708984375 0.59375 0.77109375 0.65859375 0.8203125 0.684375 0.82578125 0.70703125 0.8015625 0.72578125 0.8 0.740625 0.78359375 0.7421875 0.75546875 0.734375 0.74453125 0.734375 0.72421875 0.728125 0.72265625 0.73125 0.74453125 0.7203125 0.75234375 0.7265625 0.76328125 0.67890625 0.803125 0.64453125 0.79375 0.540625 0.67578125 0.5390625 0.6731649703125 0.5390625 0.7001708984375