0 0.5991773296875 0 0.591651759375 0.031625021875 0.6088363828125 0.1909076296875 0.6916351828125 0.34394389687500004 0.9728384921875 0.44232440781250004 1 0.381990434375 1 0.117157659375 0.941397025 0 0.5991773296875 0
8 0.09765625 0.52890625 0.1171875 0.0578125
16 0.16328125 0.6875 0.3265625 0.26875
14 0.16328125 0.75 0.3265625 0.5
10 0.24453125 0.934375 0.115625 0.0703125
9 0.08671875 0.50625 0.1296875 0.0125
8 0.6171875 0.59453125 0.15 0.1890625
14 0.7171875 0.75 0.375 0.5
16 0.6921875 0.8375 0.325 0.325
9 0.59375 0.5125 0.125 0.025
3 0.7 0.5328125 0.034375 0.065625