12 0.43515625 0.11640625 0.021875 0.02578125
12 0.25625 0.084375 0.01875 0.0171875
12 0.20390625 0.1109375 0.01171875 0.01171875
12 0.47265625 0.09375 0.01171875 0.01015625
12 0.06171875 0.065625 0.00859375 0.00859375
16 0.0578125 0.0828125 0.0109375 0.015625
16 0.2078125 0.1234375 0.0078125 0.0171875
16 0.25390625 0.11328125 0.01484375 0.034375
16 0.5921875 0.11015625 0.034375 0.0796875
16 0.46953125 0.11796875 0.01328125 0.021875
16 0.43515625 0.1421875 0.0453125 0.034375
14 0.059375 0.078125 0.021875 0.04765625
14 0.20546875 0.125 0.025 0.04609375
14 0.2546875 0.1265625 0.028125 0.09765625
14 0.43828125 0.18125 0.05 0.15234375
14 0.5828125 0.153125 0.053125 0.2
15 0.4484375 0.246875 0.021875 0.028125
15 0.41171875 0.246875 0.02265625 0.025
15 0.240625 0.16796875 0.01015625 0.01953125
15 0.2578125 0.175 0.0109375 0.0109375
14 0.70625 0.14453125 0.19375 0.2890625
14 0.85859375 0.14453125 0.2828125 0.2890625
16 0.80859375 0.14453125 0.2296875 0.2890625
12 0.0796875 0.57421875 0.0390625 0.04140625
12 0.02734375 0.6453125 0.03125 0.03671875
12 0.215625 0.584375 0.040625 0.05
12 0.10625 0.63828125 0.0234375 0.021875
12 0.1875 0.60234375 0.0203125 0.0296875
12 0.2828125 0.678125 0.02421875 0.028125
12 0.32578125 0.6453125 0.03515625 0.03671875
12 0.365625 0.6296875 0.0328125 0.03984375
12 0.42421875 0.5765625 0.03984375 0.0484375
14 0.08125 0.7765625 0.090625 0.446875
14 0.21875 0.78203125 0.0875 0.4359375
14 0.27890625 0.8234375 0.04609375 0.31875
14 0.42890625 0.77890625 0.1015625 0.4421875
14 0.34921875 0.8046875 0.0703125 0.390625
14 0.025 0.8140625 0.05 0.371875
14 0.1484375 0.828125 0.03515625 0.3140625
16 0.021875 0.77109375 0.04375 0.1546875
16 0.07265625 0.7296875 0.09453125 0.18515625
16 0.215625 0.7421875 0.0953125 0.2015625
16 0.31015625 0.76328125 0.03828125 0.1453125
16 0.353125 0.75234375 0.05859375 0.1703125
16 0.41875 0.72265625 0.09765625 0.190625
15 0.09140625 0.99375 0.0234375 0.0125
15 0.2828125 0.96328125 0.01953125 0.028125