12 0.22890625 0.31328125 0.0484375 0.10234375
16 0.296875 0.35390625 0.090625 0.1296875
12 0.20078125 0.39140625 0.0453125 0.0546875
16 0.15234375 0.40390625 0.0578125 0.0296875
14 0.28359375 0.3390625 0.1328125 0.159375
16 0.6875 0.04765625 0.109375 0.0953125
16 0.47578125 0.08828125 0.0890625 0.1765625
16 0.81640625 0.09921875 0.1453125 0.1984375
16 0.57578125 0.13046875 0.1203125 0.2609375
14 0.69140625 0.209375 0.1234375 0.41875
11 0.6859375 0.12109375 0.07890625 0.0828125
14 0.81328125 0.209375 0.1578125 0.41875
14 0.47890625 0.209375 0.1015625 0.41875
14 0.578125 0.209375 0.13125 0.41875
1 0.209375 0.73125 0.41875 0.5375
12 0.81015625 0.5328125 0.04609375 0.07421875
12 0.9328125 0.5375 0.04140625 0.05234375
12 0.56796875 0.5578125 0.0328125 0.04765625
12 0.7578125 0.56015625 0.02734375 0.05
12 0.509375 0.56484375 0.0296875 0.0421875
10 0.71640625 0.5703125 0.040625 0.0703125
8 0.80390625 0.5765625 0.034375 0.078125
8 0.92734375 0.578125 0.0328125 0.05390625
12 0.4578125 0.584375 0.02890625 0.04609375
8 0.57109375 0.58515625 0.025 0.0359375
12 0.6421875 0.59140625 0.0328125 0.06015625
8 0.50546875 0.59921875 0.01875 0.04375
12 0.6953125 0.6078125 0.02734375 0.03984375
8 0.4609375 0.6125 0.01953125 0.05390625
8 0.69296875 0.6296875 0.01953125 0.04375
16 0.5046875 0.68828125 0.05078125 0.16171875
16 0.5671875 0.70546875 0.0453125 0.184375
14 0.57109375 0.70859375 0.0515625 0.3578125
16 0.76015625 0.709375 0.04765625 0.1640625
16 0.9484375 0.7125 0.06875 0.2296875
16 0.45703125 0.7234375 0.05078125 0.18828125
16 0.63828125 0.73125 0.04765625 0.19609375
16 0.81484375 0.7328125 0.07421875 0.2703125
16 0.69765625 0.7453125 0.04921875 0.1796875
14 0.51171875 0.7546875 0.05546875 0.4296875
14 0.46484375 0.77890625 0.0765625 0.4421875
14 0.76328125 0.76953125 0.0515625 0.4609375
14 0.63828125 0.78515625 0.06015625 0.428125
11 0.4859375 0.79375 0.01171875 0.03984375
14 0.6953125 0.79453125 0.046875 0.4109375
14 0.94375 0.75625 0.08125 0.4875
11 0.440625 0.80625 0.015625 0.04609375
14 0.8 0.75234375 0.10625 0.4953125
15 0.7640625 0.98203125 0.03125 0.0359375
15 0.70625 0.98046875 0.01953125 0.03828125
15 0.68671875 0.97734375 0.0234375 0.0421875
15 0.6546875 0.9703125 0.01953125 0.05234375
15 0.51796875 0.94921875 0.02578125 0.03984375