14 0.278125 0.225 0.284375 0.45
16 0.26796875 0.21953125 0.1953125 0.3859375
11 0.4109375 0.40390625 0.053125 0.0921875
10 0.1421875 0.39765625 0.078125 0.1046875
8 0.26953125 0.01875 0.0890625 0.0375
2 0.6776315796875 0 0.6640625 0.07734375 0.659375 0.08349609375 0.659375 0.19343749999999998 0.66640625 0.1953125 0.6765625 0.20859375 0.671875 0.23046875 0.6859375 0.30703125 0.67421875 0.3125 0.66171875 0.303125 0.659375 0.3028645828125 0.659375 0.32975 0.67421875 0.325 0.68125 0.35078125 0.69140625 0.3609375 0.7046875 0.36171875 0.72265625 0.353125 0.7453125 0.33046875 0.7546875 0.31640625 0.75625 0.29140625 0.74453125 0.2859375 0.73671875 0.2734375 0.72890625 0.290625 0.7078125 0.29140625 0.7 0.20546875 0.70859375 0.1984375 0.72734375 0.2 0.76796875 0.190625 0.771875 0.15703125 0.76484375 0.1375 0.690625 0.08359375 0.6975911453125 0 0.6776315796875 0
2 0.659375 0.7283854171874999 0.65 0.73984375 0.64765625 0.753125 0.63359375 0.7453125 0.615625 0.74921875 0.615625 0.84609375 0.6046875 0.95703125 0.62890625 0.978125 0.6484375 0.920028125 0.659375 0.964902309375 0.659375 0.7283854171874999
8 0.778125 0.684375 0.096875 0.2203125
14 0.8546875 0.725 0.290625 0.55
16 0.84453125 0.8734375 0.2609375 0.253125
12 0.79765625 0.53671875 0.1703125 0.1734375
3 0.83203125 0.6359375 0.0359375 0.10546875
14 0.76484375 0.62421875 0.05390625 0.08125