14 0.1375 0.24453125 0.275 0.4890625
14 0.5984375 0.24453125 0.103125 0.4890625
16 0.12890625 0.171875 0.2578125 0.34375
11 0.4390625 0.1375 0.1015625 0.17890625
1 0.825 0.06015625 0.35 0.1203125
14 0.49140625 0.79921875 0.2421875 0.4015625
14 0.18515625 0.8046875 0.3578125 0.390625
12 0.50546875 0.65625 0.1 0.1125
13 0.1828125 0.6875 0.17734375 0.11796875
8 0.50546875 0.75625 0.08046875 0.146875
8 0.184375 0.81015625 0.103125 0.15703125
14 0.18515625 0.775 0.103125 0.0703125
14 0.5078125 0.72734375 0.0734375 0.06484375