14 0.34765625 0.04609375 0.0640625 0.0921875
14 0.03125 0.02890625 0.0625 0.0578125
16 0.0265625 0.02109375 0.053125 0.0421875
16 0.34765625 0.0296875 0.0546875 0.059375
16 0.40390625 0.03671875 0.0765625 0.0734375
16 0.51015625 0.04375 0.0609375 0.0875
11 0.53828125 0.0203125 0.0421875 0.040625
14 0.03671875 0.11953125 0.0734375 0.2390625
14 0.278125 0.11953125 0.14375 0.2390625
14 0.159375 0.11953125 0.121875 0.2390625
16 0.1609375 0.08671875 0.103125 0.1734375
14 0.5640625 0.11953125 0.071875 0.2390625
14 0.51328125 0.11953125 0.0734375 0.2390625
14 0.40703125 0.11953125 0.0796875 0.2390625
16 0.578125 0.096875 0.04375 0.19375
16 0.28671875 0.1078125 0.1359375 0.215625
16 0.015625 0.11953125 0.03125 0.2390625
14 0.9078125 0.11953125 0.184375 0.2390625
16 0.909375 0.11953125 0.18125 0.2390625
10 0.2609375 0.5890625 0.059375 0.07265625
16 0.265625 0.59921875 0.1015625 0.32109375
16 0.55234375 0.64921875 0.0921875 0.3453125
10 0.3828125 0.65546875 0.0390625 0.103125
10 0.4375 0.6890625 0.0484375 0.06640625
14 0.265625 0.6390625 0.13125 0.721875
14 0.534375 0.659375 0.11875 0.68125
10 0.425 0.7375 0.06328125 0.07890625
12 0.26953125 0.328125 0.06484375 0.096875
12 0.525 0.35859375 0.08515625 0.103125
8 0.26796875 0.41875 0.0453125 0.07890625
10 0.75 0.48828125 0.0125 0.03203125
14 0.7984375 0.48828125 0.090625 0.39609375
12 0.6078125 0.5078125 0.015625 0.0375
10 0.82578125 0.50859375 0.02578125 0.04296875
8 0.6046875 0.5359375 0.009375 0.040625
14 0.6203125 0.6765625 0.040625 0.38125
10 0.625 0.69453125 0.02734375 0.04609375
12 0.81796875 0.31796875 0.0328125 0.04296875
15 0.6046875 0.84765625 0.009375 0.0328125