16 0.0515625 0.36953125 0.103125 0.4296875
14 0.05390625 0.3546875 0.1078125 0.709375
14 0.16015625 0.3546875 0.1390625 0.709375
9 0.640625 0.44765625 0.321875 0.2015625
8 0.69140625 0.5265625 0.178125 0.334375
13 0.5953125 0.178125 0.39921875 0.271875
14 0.5375 0.39140625 0.615625 0.6359375
3 0.46328125 0.475 0.09296875 0.18515625
0 0 0.709375 0 1 0.01778773125 1 0.057213492187500006 0.9269483734375001 0.0812767453125 0.709375 0 0.709375
16 0.68828125 0.96953125 0.2609375 0.0609375
12 0.65078125 0.83671875 0.19453125 0.0765625
14 0.64609375 0.8984375 0.4140625 0.203125