14 0.32109375 0.2046875 0.1765625 0.409375
16 0.334375 0.20859375 0.15 0.2484375
11 0.2625 0.33125 0.0625 0.053125
7 0.3828125 0.05625 0.053125 0.071875
13 0.38046875 0.0140625 0.0578125 0.028125
10 0.9765625 0.2703125 0.034375 0.128125
16 0.27109375 0.4921875 0.1890625 0.165625
10 0.17421875 0.60078125 0.05546875 0.0421875
10 0.3796875 0.596875 0.05546875 0.053125
6 0.2265625 0.74296875 0.071875 0.0953125
6 0.3421875 0.74375 0.08046875 0.103125
14 0.26015625 0.60546875 0.2984375 0.3921875
14 0.621875 0.7046875 0.365625 0.590625
16 0.6015625 0.6234375 0.24453125 0.2375
10 0.728125 0.775 0.09140625 0.065625
10 0.48515625 0.76640625 0.05546875 0.0546875
6 0.70703125 0.94921875 0.0890625 0.1015625
6 0.5734375 0.9421875 0.121875 0.115625
9 0.5671875 0.4609375 0.10859375 0.0296875
7 0.57578125 0.475 0.11640625 0.065625
12 0.59140625 0.43125 0.1796875 0.04375