14 0.259375 0.2296875 0.340625 0.459375
16 0.2859375 0.0375 0.2875 0.075
15 0.24375 0.38671875 0.19453125 0.10078125
15 0.37421875 0.40859375 0.1109375 0.1203125
11 0.13828125 0.08984375 0.084375 0.06953125
11 0.42109375 0.0953125 0.0171875 0.0625
14 0.62890625 0.278125 0.3640625 0.38125
16 0.61484375 0.3484375 0.24453125 0.2375
9 0.57578125 0.17578125 0.10546875 0.0359375
7 0.58984375 0.1953125 0.128125 0.071875
12 0.60078125 0.13046875 0.18046875 0.075
14 0.16875 0.7015625 0.3375 0.465625
15 0.059375 0.87265625 0.11875 0.0890625
15 0.2046875 0.8765625 0.15390625 0.09375
11 0.28046875 0.53515625 0.0890625 0.08203125
10 0.62734375 0.6875 0.0984375 0.10078125
10 0.84453125 0.65703125 0.07109375 0.07578125
7 0.7484375 0.4796875 0.078125 0.021875
14 0.72578125 0.69609375 0.2671875 0.4546875