14 0.15 0.29375 0.3 0.23125
9 0.10078125 0.240625 0.12265625 0.03828125
7 0.1015625 0.2609375 0.1203125 0.07421875
13 0.096875 0.20078125 0.1609375 0.05546875
16 0.121875 0.353125 0.24375 0.1125
0 1 0.409375 1 0 0.7096913203125 0 0.6931685828124999 0.08172640625000001 0.715039975 0.3347047546875 0.6898550109375 0.409375 1 0.409375
0 0.5390625 0 0.5390625 0.409375 0.654396884375 0.409375 0.6650482046875 0.328458471875 0.7197266265625 0.0848496078125 0.7080985859375 0 0.5390625 0
14 0.16953125 0.6265625 0.3390625 0.434375
16 0.12578125 0.4765625 0.2515625 0.134375
10 0.28125 0.5515625 0.06640625 0.065625
6 0.20625 0.7734375 0.1140625 0.125
6 0.04765625 0.7671875 0.0953125 0.121875
2 0.76953125 0.7046875 0.4609375 0.590625