14 0.103125 0.74453125 0.0703125 0.359375
16 0.43828125 0.79375 0.16796875 0.33203125
14 0.45078125 0.73671875 0.1859375 0.5265625
11 0.54453125 0.93203125 0.0296875 0.1046875
11 0.34375 0.95234375 0.04375 0.0953125
12 0.440625 0.5109375 0.08984375 0.06875
12 0.09921875 0.5796875 0.034375 0.0421875
12 0.3375 0.5890625 0.02578125 0.0296875
8 0.45 0.59375 0.071875 0.09296875
12 0.29921875 0.59453125 0.03828125 0.04765625
12 0.03828125 0.60234375 0.015625 0.0328125
12 0.1625 0.60390625 0.02421875 0.01796875
12 0.4015625 0.60546875 0.0296875 0.0390625
12 0.2046875 0.60703125 0.01171875 0.01796875
12 0.05546875 0.61171875 0.02578125 0.0328125
12 0.19140625 0.6125 0.0140625 0.01796875
12 0.2546875 0.6140625 0.028125 0.0328125
12 0.17421875 0.615625 0.015625 0.01796875
16 0.159375 0.6546875 0.02578125 0.05390625
14 0.15703125 0.659375 0.03828125 0.16484375
16 0.1953125 0.66796875 0.05 0.08671875
16 0.2546875 0.67109375 0.04765625 0.08671875
14 0.0546875 0.68046875 0.04375 0.18828125
16 0.315625 0.690625 0.06171875 0.13203125
14 0.1984375 0.6953125 0.04765625 0.20078125
14 0.25234375 0.6953125 0.06015625 0.19453125
14 0.31640625 0.7234375 0.06796875 0.26328125
15 0.1046875 0.9125 0.03203125 0.06015625
15 0.078125 0.89765625 0.03203125 0.071875
12 0.628125 0.48828125 0.1375 0.0765625
12 0.7890625 0.5046875 0.153125 0.109375
8 0.61171875 0.53671875 0.1046875 0.1578125
8 0.784375 0.56328125 0.09765625 0.1109375
16 0.971875 0.73359375 0.05625 0.4765625
14 0.7828125 0.725 0.234375 0.55
14 0.62421875 0.725 0.1296875 0.55
16 0.6015625 0.79609375 0.084375 0.4078125
11 0.9390625 0.84609375 0.121875 0.1171875
16 0.76640625 0.803125 0.2078125 0.39375