1 0.4640625 0.03515625 0.1625 0.0703125
14 0.44609375 0.19453125 0.2109375 0.3890625
11 0.79140625 0.02265625 0.0296875 0.0453125
11 0.71171875 0.025 0.0296875 0.05
11 0.86015625 0.07421875 0.0453125 0.04296875
11 0.91171875 0.0765625 0.04296875 0.053125
11 0.975 0.0890625 0.05 0.059375
14 0.73359375 0.19453125 0.1296875 0.3890625
11 0.990625 0.1578125 0.01875 0.0875
14 0.82578125 0.19453125 0.1109375 0.3890625
14 0.9109375 0.19453125 0.071875 0.3890625
14 0.97109375 0.19453125 0.0578125 0.3890625
8 0.30234375 0.54765625 0.20703125 0.271875
14 0.29453125 0.69453125 0.5890625 0.6109375
11 0.2390625 0.9171875 0.14375 0.165625
11 0.40078125 0.93046875 0.1171875 0.1390625
9 0.334375 0.52890625 0.165625 0.13203125
3 0.20078125 0.43828125 0.0453125 0.0984375
14 0.871875 0.853125 0.25625 0.29375