1 0.12265625 0.22578125 0.2453125 0.4515625
14 0.64609375 0.05078125 0.0796875 0.1015625
14 0.97109375 0.0609375 0.0578125 0.121875
10 0.51015625 0.2140625 0.0421875 0.084375
14 0.52265625 0.26953125 0.0671875 0.5390625
15 0.53671875 0.4796875 0.0359375 0.09140625
15 0.50390625 0.51171875 0.0296875 0.0546875
15 0.6515625 0.07109375 0.01640625 0.05
15 0.66171875 0.059375 0.01875 0.040625
7 0.2625 0.66640625 0.03203125 0.05703125
14 0.0953125 0.68828125 0.06484375 0.23203125
14 0.40625 0.7296875 0.13671875 0.29296875
14 0.271875 0.7515625 0.08984375 0.346875
10 0.2765625 0.88828125 0.02265625 0.06796875
10 0.25 0.89375 0.02421875 0.07890625
13 0.440625 0.596875 0.02734375 0.03203125
13 0.26640625 0.6 0.0421875 0.05
13 0.0984375 0.58046875 0.02109375 0.021875
11 0.43046875 0.68515625 0.01875 0.03046875
11 0.41640625 0.6796875 0.01875 0.03046875
11 0.08046875 0.696875 0.0125 0.02890625
11 0.0984375 0.65 0.01484375 0.021875
15 0.35625 0.8484375 0.0265625 0.0515625
15 0.10546875 0.7734375 0.02109375 0.04453125
15 0.084375 0.77734375 0.021875 0.05
2 0.69140625 0.73125 0.3796875 0.384375