1 0.2 0.284375 0.4 0.56875
4 0.18984375 0.11015625 0.3796875 0.2203125
10 0.48359375 0.18828125 0.13671875 0.0984375
10 0.7453125 0.20234375 0.1421875 0.0796875
14 0.625 0.28828125 0.45 0.5609375
13 0.628125 0.05703125 0.146875 0.08203125
7 0.6203125 0.115625 0.103125 0.0984375
9 0.621875 0.1 0.14921875 0.06484375
11 0.1734375 0.609375 0.09375 0.08125
14 0.1984375 0.784375 0.265625 0.43125
11 0.87734375 0.86533203125 0.887109375 0.89169921875 0.8890625 0.91513671875 0.9017578125 0.93125 0.9203125 0.93271484375 0.941796875 0.91220703125 0.93984375 0.87119140625 0.9095703125 0.8667968765625 0.9017578125 0.8404296875 0.8802734375 0.8521484375 0.87734375 0.86533203125
10 0.709375 0.88583984375 0.7142578125 0.89609375 0.730859375 0.90341796875 0.740625 0.89169921875 0.746484375 0.86826171875 0.7201171875 0.8462890625 0.7064453125 0.8462890625 0.703515625 0.86240234375 0.709375 0.88583984375
10 0.7474609375 0.84921875 0.742578125 0.85654296875 0.746484375 0.89169921875 0.7552734375 0.9048828125 0.789453125 0.91220703125 0.797265625 0.89755859375 0.797265625 0.87998046875 0.7826171875 0.8609375 0.7748046875 0.8550781234375 0.7533203125 0.8580078125 0.7474609375 0.84921875
10 0.5921875 0.94150390625 0.615625 0.94443359375 0.63515625 0.92392578125 0.633203125 0.91513671875 0.6126953125 0.9019531234375 0.5990234375 0.9019531234375 0.590234375 0.92099609375 0.5921875 0.94150390625
10 0.6439453125 0.9458984375 0.65859375 0.94736328125 0.66640625 0.93857421875 0.6634765625 0.9048828125 0.6517578125 0.8990234375 0.633203125 0.91220703125 0.633203125 0.92685546875 0.6439453125 0.9458984375
9 0.9359375 0.60458984375 0.9212890625 0.6060546875 0.8900390625 0.6265625 0.891015625 0.64267578125 0.902734375 0.64853515625 0.9359375 0.60458984375
9 0.8138671875 0.6587890625 0.82265625 0.64560546875 0.82265625 0.64267578125 0.824609375 0.63974609375 0.824609375 0.63388671875 0.828515625 0.62509765625 0.8216796875 0.6236328125 0.8177734375 0.6294921875 0.8138671875 0.6294921875 0.8119140625 0.6324218765625 0.8060546875 0.6324218765625 0.8041015625 0.6353515625 0.7845703125 0.6353515625 0.7826171875 0.63828125 0.7708984375 0.63828125 0.76796875 0.64267578125 0.76796875 0.65146484375 0.769921875 0.65439453125 0.769921875 0.65732421875 0.7748046875 0.6646484375 0.7767578125 0.6646484375 0.7787109375 0.6675781234375 0.781640625 0.66611328125 0.7884765625 0.6558593765625 0.7904296875 0.6558593765625 0.7962890625 0.66171875 0.8099609375 0.66171875 0.8119140625 0.6587890625 0.8138671875 0.6587890625
9 0.6615234375 0.6822265625 0.6517578125 0.6734375 0.6439453125 0.6734375 0.6419921875 0.6705078125 0.6380859375 0.6705078125 0.6361328125 0.6675781234375 0.6302734375 0.6675781234375 0.6244140625 0.66171875 0.621484375 0.66318359375 0.621484375 0.66611328125 0.6244140625 0.6705078125 0.6302734375 0.6705078125 0.6322265625 0.6734375 0.6361328125 0.6734375 0.6390625 0.67783203125 0.641015625 0.68662109375 0.6498046875 0.6998046875 0.6537109375 0.6998046875 0.6556640625 0.696875 0.6576171875 0.696875 0.6634765625 0.7056640625 0.66640625 0.70419921875 0.6703125 0.69833984375 0.6703125 0.69541015625 0.672265625 0.69248046875 0.672265625 0.68662109375 0.6693359375 0.6822265625 0.6615234375 0.6822265625
9 0.5033203125 0.6001953125 0.504296875 0.59580078125 0.5033203125 0.5943359375 0.4955078125 0.5943359375 0.4935546875 0.5972656234375 0.4916015625 0.5972656234375 0.48671875 0.60458984375 0.48671875 0.60751953125 0.4876953125 0.6089843765625 0.488671875 0.60751953125 0.4896484375 0.6060546875 0.4935546875 0.6060546875 0.4955078125 0.603125 0.4994140625 0.603125 0.5013671875 0.6001953125 0.5033203125 0.6001953125
9 0.5365234375 0.603125 0.5345703125 0.603125 0.5287109375 0.5972656234375 0.5189453125 0.5972656234375 0.5169921875 0.5943359375 0.5130859375 0.5943359375 0.512109375 0.59580078125 0.5140625 0.59873046875 0.5140625 0.60166015625 0.5169921875 0.6060546875 0.531640625 0.61337890625 0.531640625 0.62509765625 0.53359375 0.62802734375 0.53359375 0.64267578125 0.5365234375 0.6470703125 0.5375 0.64560546875 0.5375 0.64267578125 0.54140625 0.63681640625 0.54140625 0.63388671875 0.543359375 0.63095703125 0.543359375 0.61337890625 0.5365234375 0.603125
13 0.6205078125 0.6646484375 0.6361328125 0.66171875 0.6478515625 0.6470703125 0.6556640625 0.6470703125 0.6712890625 0.6587890625 0.672265625 0.64560546875 0.6615234375 0.6265625 0.6400390625 0.61484375 0.6380859375 0.6177734375 0.6244140625 0.6207031234375 0.617578125 0.63095703125 0.605859375 0.66611328125 0.6078125 0.67197265625 0.6078125 0.68662109375 0.605859375 0.68955078125 0.60390625 0.72470703125 0.6078125 0.72470703125 0.615625 0.69833984375 0.615625 0.68955078125 0.61171875 0.68076171875 0.61171875 0.66611328125 0.6166015625 0.66171875 0.6205078125 0.6646484375
13 0.7938151046874999 0.56875 0.7923828125 0.5708984375 0.7865234375 0.5738281234375 0.77578125 0.58994140625 0.7767578125 0.6001953125 0.7865234375 0.5972656234375 0.7923828125 0.603125 0.7962890625 0.5972656234375 0.8001953125 0.5972656234375 0.8021484375 0.6001953125 0.8041015625 0.5972656234375 0.8119140625 0.6060546875 0.8138671875 0.6060546875 0.8216796875 0.6207031234375 0.8314453125 0.6207031234375 0.832421875 0.61923828125 0.832421875 0.61044921875 0.83046875 0.60751953125 0.83046875 0.59580078125 0.828515625 0.59287109375 0.828515625 0.58701171875 0.8197265625 0.5738281234375 0.8177734375 0.5738281234375 0.8143880203125 0.56875 0.7938151046874999 0.56875
13 0.8836588546874999 0.56875 0.879296875 0.57529296875 0.879296875 0.58115234375 0.875390625 0.58994140625 0.875390625 0.59580078125 0.8861328125 0.6060546875 0.8939453125 0.5972656234375 0.9017578125 0.5972656234375 0.9134765625 0.6060546875 0.9369140625 0.6060546875 0.9466796875 0.5972656234375 0.9515625 0.60166015625 0.9583984375 0.6207031234375 0.9642578125 0.6265625 0.9671875 0.62509765625 0.96328125 0.58701171875 0.957421875 0.56943359375 0.95711805625 0.56875 0.8836588546874999 0.56875
3 0.6171875 0.6765625 0.01171875 0.03125
3 0.50703125 0.61796875 0.0109375 0.04765625
3 0.83359375 0.6375 0.01171875 0.03203125
3 0.946875 0.61796875 0.01328125 0.040625
13 0.421380559375 0.56875 0.414453125 0.58115234375 0.4125 0.60166015625 0.422265625 0.65439453125 0.4369140625 0.6529296875 0.4515625 0.67197265625 0.4779296875 0.6587890625 0.488671875 0.64267578125 0.4984375 0.61630859375 0.4974609375 0.5972656234375 0.5248046875 0.5972656234375 0.535546875 0.58408203125 0.5317138671875 0.56875 0.421380559375 0.56875
8 0.828515625 0.68076171875 0.834375 0.67783203125 0.834375 0.67490234375 0.83046875 0.66611328125 0.83046875 0.65732421875 0.832421875 0.65439453125 0.832421875 0.64853515625 0.828515625 0.64267578125 0.8275390625 0.63828125 0.8255859375 0.63828125 0.82265625 0.64267578125 0.82265625 0.64560546875 0.8138671875 0.6587890625 0.8119140625 0.6587890625 0.8099609375 0.66171875 0.7982421875 0.66171875 0.7923828125 0.6558593765625 0.7884765625 0.6558593765625 0.7796875 0.66904296875 0.785546875 0.68955078125 0.7923828125 0.6998046875 0.8021484375 0.6998046875 0.8041015625 0.7027343765625 0.8109375 0.70126953125 0.8158203125 0.696875 0.8236328125 0.696875 0.8265625 0.69248046875 0.8265625 0.68662109375 0.828515625 0.68369140625 0.828515625 0.68076171875
8 0.656640625 0.71591796875 0.660546875 0.70712890625 0.660546875 0.69833984375 0.6556640625 0.696875 0.6537109375 0.6998046875 0.6517578125 0.6998046875 0.6498046875 0.696875 0.6478515625 0.696875 0.641015625 0.68662109375 0.6390625 0.67783203125 0.6361328125 0.6734375 0.6263671875 0.6734375 0.6234375 0.67783203125 0.6234375 0.68662109375 0.621484375 0.68955078125 0.621484375 0.69541015625 0.6234375 0.69833984375 0.6234375 0.70126953125 0.621484375 0.70419921875 0.621484375 0.71005859375 0.61953125 0.71298828125 0.61953125 0.73056640625 0.6224609375 0.7349609375 0.6283203125 0.7349609375 0.6341796875 0.74375 0.63515625 0.74228515625 0.6400390625 0.7378906234375 0.6478515625 0.7378906234375 0.6546875 0.72763671875 0.6546875 0.72470703125 0.656640625 0.72177734375 0.656640625 0.71591796875
8 0.9515625 0.63095703125 0.945703125 0.62509765625 0.945703125 0.61630859375 0.93984375 0.61044921875 0.941796875 0.60751953125 0.9408203125 0.6060546875 0.9232421875 0.6119140625 0.9203125 0.61630859375 0.918359375 0.62509765625 0.9037109375 0.6470703125 0.8939453125 0.6470703125 0.891015625 0.65732421875 0.8958984375 0.6675781234375 0.8998046875 0.6675781234375 0.9046875 0.67490234375 0.906640625 0.68369140625 0.910546875 0.68955078125 0.9115234375 0.696875 0.9232421875 0.6998046875 0.9251953125 0.7027343765625 0.926171875 0.70126953125 0.9369140625 0.6998046875 0.9408203125 0.696875 0.94765625 0.68369140625 0.945703125 0.67783203125 0.949609375 0.67197265625 0.9515625 0.63095703125