1 0.0875 0.08671875 0.16875 0.1734375
1 0.0828125 0.39296875 0.165625 0.1515625
7 0.70234375 0.33203125 0.2453125 0.2734375
14 0.68359375 0.23515625 0.5859375 0.4671875
13 0.6296875 0.12734375 0.25 0.16796875
8 0.85 0.20546875 0.15 0.29453125
13 0.95859375 0.215625 0.0828125 0.29375
11 0.85234375 0.40390625 0.1140625 0.1296875
3 0.553125 0.409375 0.065625 0.11875
4 0.70703125 0.265625 0.20625 0.13359375
13 0.175 0.72109375 0.1453125 0.1421875
8 0.19765625 0.89375 0.1484375 0.2125
14 0.1609375 0.82109375 0.278125 0.3578125
9 0.24375 0.865625 0.1 0.1125
5 0.803125 0.85390625 0.2625 0.2921875
5 0.51796875 0.76875 0.2328125 0.4203125