14 0.0875 0.24453125 0.175 0.4890625
12 0.7015625 0.4296875 0.084375 0.06015625
12 0.36171875 0.44375 0.0234375 0.0625
14 0.7015625 0.43671875 0.175 0.1046875
5 0.17890625 0.90078125 0.3421875 0.1953125
12 0.759375 0.6125 0.08046875 0.07578125
12 0.55546875 0.66328125 0.04765625 0.04296875
12 0.39375 0.6765625 0.0859375 0.08125
8 0.55625 0.709375 0.05078125 0.071875
11 0.4828125 0.79296875 0.03125 0.06484375
16 0.56484375 0.81953125 0.1078125 0.18203125
16 0.78515625 0.85 0.1171875 0.3
14 0.77421875 0.7875 0.1390625 0.425
16 0.4015625 0.88671875 0.103125 0.2265625
14 0.559375 0.81484375 0.13125 0.3703125
11 0.61953125 0.928125 0.028125 0.0796875
14 0.40234375 0.81796875 0.1046875 0.3640625
11 0.50390625 0.96640625 0.034375 0.059375
8 0.98046875 0.57734375 0.0390625 0.0921875