14 0.08203125 0.7796875 0.1640625 0.440625
11 0.2203125 0.5890625 0.059375 0.059375
16 0.3796875 0.6578125 0.175 0.196875
16 0.15390625 0.675 0.0859375 0.23125
16 0.0765625 0.72734375 0.153125 0.3359375
14 0.178125 0.7796875 0.128125 0.440625
14 0.3875 0.7796875 0.240625 0.440625
14 0.56953125 0.7796875 0.1796875 0.440625
11 0.5390625 0.7234375 0.0484375 0.06015625
11 0.49375 0.7546875 0.0390625 0.11328125
16 0.63515625 0.759375 0.0484375 0.4
11 0.3 0.81875 0.040625 0.0890625
14 0.72265625 0.7796875 0.1265625 0.440625