1 0.321875 0.0375 0.034375 0.075
14 0.66953125 0.22734375 0.6609375 0.4546875
1 0.43359375 0.12265625 0.1890625 0.2453125
1 0.88828125 0.10859375 0.1890625 0.2171875
4 0.6515625 0.0421875 0.33125 0.084375
11 0.0125 0.94296875 0.025 0.0984375
10 0.92890625 0.47578125 0.0203125 0.0140625
10 0.88203125 0.4859375 0.0265625 0.034375
12 0.61640625 0.48984375 0.0546875 0.0421875
8 0.621875 0.52578125 0.05703125 0.078125
10 0.678125 0.575 0.07109375 0.053125
16 0.85546875 0.60625 0.1421875 0.275
14 0.86015625 0.734375 0.1765625 0.53125
14 0.6328125 0.734375 0.24375 0.53125
10 0.5234375 0.859375 0.0484375 0.06953125
16 0.63984375 0.70078125 0.12265625 0.275