11 0.359375 0 0.335435565625 0 0.33671875 0.0011638546874999998 0.34453125 0.01887879375 0.346484375 0.03659373125 0.3337890625 0.0419082125 0.3298828125 0.027736262499999997 0.3162109375 0.027736262499999997 0.3083984375 0.0348222359375 0.2888671875 0.038365224999999996 0.283984375 0.04367970625 0.283984375 0.06848062031249999 0.2888671875 0.0773380890625 0.3044921875 0.0808810765625 0.3142578125 0.07379510156249999 0.3240234375 0.07379510156249999 0.340625 0.0897385453125 0.3396484375 0.0985960140625 0.325 0.1074534828125 0.325 0.125168421875 0.3279296875 0.134025890625 0.3318359375 0.13756887812500002 0.3416015625 0.134025890625 0.34453125 0.13934037187499998 0.340625 0.164141284375 0.3328125 0.1889422 0.32890625 0.224372075 0.3201171875 0.24031551874999998 0.3162109375 0.24031551874999998 0.2927734375 0.2828313703125 0.2810546875 0.2934603328125 0.2517578125 0.297003321875 0.2341796875 0.31471825937500003 0.2341796875 0.325347221875 0.2283203125 0.321804234375 0.225390625 0.327118715625 0.2302734375 0.335976184375 0.2458984375 0.346605146875 0.2634765625 0.3678630734375 0.2888671875 0.410378925 0.2927734375 0.410378925 0.3083984375 0.4280938640625 0.323046875 0.45466627031250006 0.325 0.4652952328125 0.334765625 0.4794671828125 0.3396484375 0.4776956890625 0.34453125 0.4688382203125 0.34453125 0.4475802953125 0.3474609375 0.4422658140625 0.359375 0.4403010671875 0.359375 0
4 0.09570722499999999 0 0.2559829375 0.0763969125 0.267070921875 0 0.09570722499999999 0
8 0.0155425421875 0 0.0099519 0.026186803125 0 0.10501281874999999 0 0.21004597500000002 0.0461642796875 0.3158602515625 0.10048280624999999 0.3486900703125 0.176102725 0.28689290624999997 0.2165753984375 0.19805974531249998 0.2559829375 0.08412149218750001 0.16159909374999998 0.036239434375000004 0.08962324687499999 0 0.0155425421875 0
10 0.70234375 0.28125 0.040625 0.0671875
10 0.43828125 0.28203125 0.0453125 0.06953125
14 0.578125 0.29296875 0.3375 0.4734375
7 0.5875 0.134375 0.0796875 0.08203125
2 0.3017241375 1 0.3171875 0.96796875 0.3234375 0.93515625 0.325 0.91328125 0.31328125 0.9109375 0.303125 0.96640625 0.28570601875 1 0.3017241375 1
2 0.359375 0.84443359375 0.35390625 0.84375 0.3375 0.82734375 0.34375 0.75078125 0.340625 0.72109375 0.33359375 0.7203125 0.328125 0.72734375 0.3203125 0.86015625 0.33046875 0.8734375 0.34296875 0.865625 0.359375 0.8689961468749999 0.359375 0.84443359375
13 0.88828125 0.65546875 0.05546875 0.03125
13 0.4984375 0.68125 0.0359375 0.021875
13 0.68515625 0.68984375 0.03828125 0.02890625
13 0.5609375 0.69140625 0.0265625 0.021875
13 0.640625 0.69609375 0.0265625 0.0171875
8 0.89296875 0.69609375 0.040625 0.05546875
8 0.503125 0.70703125 0.0265625 0.03828125
8 0.640625 0.7078125 0.021875 0.03125
8 0.6859375 0.71015625 0.0359375 0.03125
8 0.5625 0.71015625 0.02890625 0.0265625
11 0.9578125 0.7625 0.00703125 0.009375
11 0.4109375 0.78125 0.0046875 0.009375
10 0.596875 0.803125 0.0171875 0.01953125
10 0.5515625 0.80390625 0.0171875 0.0171875
11 0.7375 0.8078125 0.02421875 0.01953125
14 0.64140625 0.809375 0.0578125 0.24765625
11 0.68359375 0.81015625 0.021875 0.02421875
14 0.57578125 0.8171875 0.06953125 0.26953125
14 0.7078125 0.82578125 0.09375 0.2953125
14 0.50390625 0.83515625 0.1109375 0.3296875
10 0.971875 0.853125 0.03125 0.03828125
10 0.8859375 0.85703125 0.0359375 0.03125
11 0.39296875 0.87265625 0.01171875 0.01953125
14 0.9046875 0.82578125 0.165625 0.3484375
15 0.8703125 0.984375 0.05 0.03125
15 0.509375 0.96171875 0.03359375 0.040625