12 0.225 0.375 0.45 0.2125
4 0.03046875 0.50859375 0.0609375 0.0984375
4 0.16171875 0.52890625 0.1640625 0.1203125
14 0.603125 0.21953125 0.30625 0.4390625
16 0.5875 0.05234375 0.275 0.1046875
10 0.61328125 0.1484375 0.103125 0.075
10 0.4640625 0.1078125 0.028125 0.059375
6 0.60859375 0.36171875 0.15 0.1453125
6 0.528125 0.31640625 0.15625 0.1234375
14 0.20625 0.79453125 0.36875 0.4109375
16 0.26015625 0.846875 0.278125 0.3
10 0.0546875 0.9921875 0.071875 0.015625
12 0.21484375 0.6078125 0.2140625 0.0375
3 0.87890625 0.79140625 0.040625 0.10703125
4 0.94609375 0.7875 0.1078125 0.1125