1 0.2171875 0.12109375 0.140625 0.2421875
4 0.2265625 0.07421875 0.07578125 0.06953125
8 0.8421875 0.015625 0.15625 0.03125
10 0.97421875 0.1546875 0.0515625 0.1125
10 0.728125 0.175 0.0375 0.1125
10 0.7828125 0.21640625 0.146875 0.0921875
14 0.84765625 0.21484375 0.2765625 0.4296875
3 0.76484375 0.00546875 0.0484375 0.0109375
8 0.45390625 0.46875 0.3234375 0.078125
11 0.04921875 0.4890625 0.0984375 0.11875
14 0.3546875 0.71484375 0.709375 0.5703125
16 0.43515625 0.73359375 0.5484375 0.5328125
1 0.8546875 0.71484375 0.290625 0.5703125