1 0.3484375 0.196875 0.140625 0.39375
14 0.209375 0.24453125 0.41875 0.4890625
13 0.571875 0.08828125 0.025 0.053125
13 0.63203125 0.0953125 0.0703125 0.0578125
7 0.734375 0.1015625 0.01484375 0.0359375
13 0.90546875 0.10390625 0.0171875 0.04921875
13 0.8078125 0.13515625 0.0328125 0.0578125
7 0.63828125 0.190625 0.07265625 0.1421875
16 0.634375 0.36953125 0.2 0.2390625
14 0.81328125 0.2640625 0.06015625 0.32421875
14 0.65078125 0.28203125 0.2578125 0.4140625
14 0.91171875 0.24375 0.07734375 0.33359375
14 0.9875 0.22578125 0.025 0.2921875
13 0.9953125 0.09921875 0.009375 0.0390625
15 0.80703125 0.40390625 0.0171875 0.03984375
15 0.8265625 0.3859375 0.02734375 0.0359375
15 0.7421875 0.38203125 0.03515625 0.04453125
15 0.9046875 0.36171875 0.025 0.04453125
15 0.921875 0.384375 0.0203125 0.04453125
15 0.99453125 0.33203125 0.0109375 0.0453125
1 0.08671875 0.70859375 0.1734375 0.4390625
14 0.9890625 0.6046875 0.021875 0.23125
14 0.73984375 0.62890625 0.0546875 0.2796875
14 0.82109375 0.6203125 0.0734375 0.2625
14 0.92421875 0.62890625 0.0609375 0.2796875
14 0.65859375 0.74453125 0.2234375 0.5109375
16 0.65546875 0.79296875 0.1953125 0.4140625
13 0.81796875 0.50234375 0.0328125 0.0265625
14 0.565625 0.55546875 0.078125 0.1328125
7 0.6484375 0.55078125 0.071875 0.1234375
15 0.81796875 0.753125 0.02265625 0.0359375
15 0.8375 0.7375 0.02265625 0.0359375
15 0.9140625 0.71796875 0.02265625 0.03984375
15 0.9328125 0.7421875 0.0171875 0.04453125