1 0.125 0.034375 0.25 0.06875
5 0.459375 0.159375 0.41875 0.31875
5 0.80625 0.15546875 0.3875 0.3109375
10 0.2328125 0.74453125 0.034375 0.0640625
16 0.4140625 0.48828125 0.2140625 0.1796875
10 0.5375 0.596875 0.05 0.05
10 0.3265625 0.60859375 0.0609375 0.0484375
6 0.39765625 0.74921875 0.075 0.0953125
6 0.515625 0.74609375 0.08359375 0.0984375
9 0.390625 0.35546875 0.1 0.025
7 0.39453125 0.36953125 0.09453125 0.0546875
12 0.3890625 0.33359375 0.103125 0.0296875
14 0.4265625 0.56171875 0.3 0.4859375