1 0.0359375 0.09296875 0.071875 0.1859375
14 0.0921875 0.184375 0.184375 0.36875
4 0.12109375 0.01953125 0.0703125 0.0390625
3 0.74140625 0.29453125 0.0671875 0.1484375
3 0.8921875 0.2859375 0.05859375 0.1546875
3 0.68046875 0.3140625 0.03203125 0.06953125
3 0.54140625 0.29765625 0.03203125 0.06953125
12 0.49296875 0.3796875 0.0328125 0.021875
12 0.61875 0.3796875 0.021875 0.021875
8 0.49140625 0.3921875 0.0203125 0.046875
16 0.51640625 0.39609375 0.0171875 0.0109375
8 0.62109375 0.403125 0.0234375 0.02578125
16 0.53984375 0.421875 0.0296875 0.04375
14 0.53984375 0.43515625 0.0296875 0.1296875
16 0.47421875 0.4453125 0.0109375 0.1125
14 0.88203125 0.47109375 0.11328125 0.1015625
12 0.7046875 0.47421875 0.08125 0.0859375
16 0.903125 0.4796875 0.0671875 0.06953125
14 0.61484375 0.5 0.0703125 0.2625
14 0.48203125 0.53203125 0.0265625 0.3265625
10 0.49453125 0.53828125 0.028125 0.046875
16 0.5140625 0.55 0.06015625 0.0921875
16 0.8203125 0.56015625 0.13125 0.184375
8 0.7109375 0.56484375 0.040625 0.08125
14 0.76796875 0.7171875 0.2109375 0.565625
10 0.7171875 0.78125 0.05625 0.078125
10 0.89296875 0.8 0.05234375 0.0828125
15 0.7875 0.9875 0.078125 0.025
15 0.74765625 0.9625 0.0546875 0.075
15 0.47578125 0.6859375 0.0140625 0.0625
15 0.5953125 0.61796875 0.021875 0.040625