14 0.16484375 0.26484375 0.2515625 0.5296875
14 0.37734375 0.26484375 0.1453125 0.5296875
1 0.39453125 0.01328125 0.0359375 0.0265625
1 0.14375 0.028125 0.046875 0.05625
11 0.6984375 0.0515625 0.03125 0.08203125
14 0.834375 0.17734375 0.146875 0.3546875
11 0.971875 0.1140625 0.05078125 0.1296875
11 0.62578125 0.1875 0.0359375 0.0625
13 0.6828125 0.2703125 0.0765625 0.125
13 0.97578125 0.271875 0.0484375 0.1
11 0.88046875 0.2875 0.0265625 0.0671875
11 0.68984375 0.35078125 0.053125 0.084375
11 0.784375 0.4890625 0.0453125 0.0578125
13 0.62265625 0.48515625 0.1390625 0.0890625
11 0.8265625 0.034375 0.02890625 0.0484375
8 0.90625 0.60625 0.1875 0.153125
14 0.81328125 0.76484375 0.3734375 0.4703125
10 0.8015625 0.8375 0.2046875 0.19453125
10 0.8671875 0.93203125 0.2125 0.1359375
4 0.90546875 0.5421875 0.1890625 0.025