1 0.275 0.14453125 0.409375 0.2890625
4 0.37421875 0.05625 0.1296875 0.1125
12 0.890625 0.05 0.21875 0.1
14 0.68125 0.14453125 0.225 0.2890625
8 0.83984375 0.0921875 0.1265625 0.184375
16 0.68828125 0.14453125 0.2171875 0.2890625
11 0.678125 0.140625 0.0578125 0.121875
11 0.7234375 0.20703125 0.1015625 0.1109375
14 0.86484375 0.14453125 0.2703125 0.2890625
16 0.8046875 0.228125 0.390625 0.121875
3 0.8875 0.04921875 0.0375 0.0984375
1 0.02890625 0.3859375 0.0578125 0.19375
4 0.00859375 0.32890625 0.0171875 0.0640625
2 0.79140625 0.65390625 0.3265625 0.6921875