1 0.196875 0.2109375 0.17890625 0.25234375
9 0.7140625 0.36015625 0.2375 0.0984375
8 0.7140625 0.3625 0.2125 0.09375
13 0.7375 0.165625 0.23046875 0.178125
16 0.2328125 0.66875 0.15859375 0.1375
10 0.12734375 0.75234375 0.046875 0.0359375
10 0.3359375 0.75078125 0.046875 0.0453125
6 0.175 0.87421875 0.053125 0.0734375
6 0.24140625 0.87421875 0.0640625 0.0796875
12 0.25390625 0.5734375 0.096875 0.0609375
7 0.2453125 0.6078125 0.0609375 0.025
14 0.2359375 0.73359375 0.25859375 0.38125
11 0.965625 0.64609375 0.0625 0.07421875
8 0.75 0.76953125 0.11328125 0.1203125
13 0.76640625 0.65078125 0.16328125 0.15859375
14 0.959375 0.68203125 0.08125 0.2859375