1 0.1921875 0.2796875 0.384375 0.559375
4 0.2359375 0.325 0.1921875 0.2453125
16 0.69609375 0.19140625 0.1890625 0.1671875
10 0.5765625 0.3015625 0.05546875 0.046875
10 0.82421875 0.29921875 0.0390625 0.0515625
6 0.7328125 0.45703125 0.071875 0.1140625
6 0.6171875 0.42265625 0.05859375 0.0765625
12 0.715625 0.0515625 0.11640625 0.0703125
7 0.715625 0.09609375 0.0859375 0.05
9 0.7203125 0.08671875 0.096875 0.028125
14 0.69921875 0.27109375 0.3203125 0.5203125
16 0.434375 0.7265625 0.209375 0.284375
10 0.3046875 0.88984375 0.0609375 0.0671875
7 0.465625 0.571875 0.146875 0.025
14 0.40078125 0.7796875 0.2765625 0.440625
5 0.76953125 0.9125 0.4609375 0.175