1 0.13515625 0.41875 0.2703125 0.45
14 0.48125 0.23359375 0.025 0.4671875
11 0.475 0.28671875 0.0125 0.0421875
14 0.32734375 0.846875 0.0765625 0.2875
14 0.41640625 0.86640625 0.0953125 0.2671875
7 0.325 0.75234375 0.025 0.0234375
13 0.328125 0.7125 0.02421875 0.02109375
13 0.440625 0.72890625 0.02890625 0.02890625
11 0.4109375 0.890625 0.0125 0.03359375
11 0.3203125 0.8703125 0.01796875 0.02890625
11 0.31875 0.81640625 0.02109375 0.02109375
8 0.4375 0.76484375 0.02421875 0.04296875
15 0.3140625 0.96953125 0.02578125 0.0515625
15 0.3421875 0.96015625 0.0265625 0.05859375