14 0.18984375 0.21953125 0.3796875 0.4390625
0 0.65859375 0.22421875 0.5578125 0.4296875
0 0.834375 0.21953125 0.33125 0.4390625
5 0.18984375 0.759375 0.3796875 0.48125
5 0.18984375 0.8875 0.3796875 0.225
12 0.3796875 0.602355515625 0.4783203125 0.6296875 0.5154296875 0.65703125 0.54765625 0.6638671875 0.526171875 0.6365234375 0.526171875 0.5447265625 0.4958984375 0.502734375 0.4529296875 0.48125 0.4099609375 0.479296875 0.3796875 0.489892578125 0.3796875 0.602355515625
12 0.48515625 0.7595703125 0.483203125 0.7888671875 0.584765625 0.8005859375 0.635546875 0.7869140625 0.61796875 0.7751953125 0.596484375 0.7244140625 0.5642578125 0.7 0.5134765625 0.705859375 0.48515625 0.7595703125
12 0.7576171875 0.744921875 0.7234375 0.8142578125 0.7380859375 0.826953125 0.8796875 0.8376953125 0.8796875 0.7908203125 0.869921875 0.7654296875 0.8474609375 0.741015625 0.8201171875 0.73125 0.7771484375 0.733203125 0.7576171875 0.744921875
3 0.473103159375 0.6554486875000001 0.4444862625 0.6538138078125 0.43720889218750003 0.6985019593749999 0.45605336718749995 0.7236163624999999 0.472205746875 0.7101622140625 0.46861637500000003 0.6796661640625 0.473103159375 0.6554486875000001
3 0.5018185453124999 0.8581578578125001 0.5242524609375 0.8527762781250001 0.5116894546874999 0.8016504375 0.49194763437500005 0.8079291156250001 0.5018185453124999 0.8581578578125001
4 0.6073046296875 0.8197682499999999 0.60581683125 0.8011790078125 0.5466758781250001 0.8056404203125 0.547791728125 0.8257167640624999 0.6073046296875 0.8197682499999999
8 0.5775481796874999 0.8900354453125001 0.5957740125 0.8773948031250001 0.6020972734375001 0.85954914375 0.6076766078125 0.84542134375 0.60618878125 0.8268321296875 0.59210364375 0.8233177156250001 0.576804278125 0.83240889375 0.5377489375 0.83240889375 0.5317976515625 0.8524852375 0.540352615625 0.875164075 0.5637858312499999 0.8918943671874999 0.5775481796874999 0.8900354453125001