1 0.25 0.08984375 0.4 0.1796875
0 0.52890625 0.4609375 0.07578125 0.0578125
0 0.64296875 0.41328125 0.0609375 0.10625
16 0.290625 0.80703125 0.1359375 0.1359375
10 0.18671875 0.88125 0.03359375 0.034375
10 0.38828125 0.8890625 0.0359375 0.040625
6 0.26171875 0.98203125 0.0609375 0.0359375
6 0.3625 0.98515625 0.059375 0.0296875
9 0.24765625 0.709375 0.05859375 0.0265625
7 0.26015625 0.71796875 0.06953125 0.0484375
12 0.284375 0.68984375 0.096875 0.0453125
14 0.2890625 0.8296875 0.265625 0.340625
14 0.5453125 0.76484375 0.190625 0.4703125