12 0.25078125 0.1734375 0.5015625 0.30625
1 0.284375 0.43125 0.56875 0.2375
14 0.28984375 0.28671875 0.5796875 0.5265625
4 0.20703125 0.396875 0.28125 0.171875
12 0.7796875 0.02890625 0.0234375 0.025
12 0.68046875 0.034375 0.03125 0.03828125
12 0.82734375 0.0578125 0.03828125 0.0421875
8 0.6859375 0.06484375 0.0234375 0.03828125
16 0.7796875 0.08515625 0.0328125 0.0703125
14 0.59296875 0.1046875 0.0265625 0.18125
16 0.5921875 0.11875 0.025 0.115625
14 0.78125 0.11953125 0.0453125 0.19765625
11 0.6921875 0.1375 0.0328125 0.0421875
16 0.6875 0.14375 0.0609375 0.11953125
16 0.82890625 0.1640625 0.071875 0.14296875
14 0.68671875 0.1984375 0.07734375 0.34921875
14 0.82734375 0.228125 0.07734375 0.37421875
1 0.26953125 0.775 0.5390625 0.45