3 0.298785828125 0.4388671875 0.28715830625 0.3900390625 0.278437665625 0.3744140625 0.24936886249999998 0.3470703125 0.230474140625 0.336328125 0.20431221718749998 0.33046875 0.17233653437500002 0.332421875 0.15634869375 0.3392578125 0.162162453125 0.3568359375 0.1461746109375 0.348046875 0.13309365 0.3607421875 0.1301867703125 0.3724609375 0.1301867703125 0.3802734375 0.13600053125 0.3880859375 0.13309365 0.4076171875 0.15634869375 0.4232421875 0.17088309375 0.4408203125 0.20431221718749998 0.46328125 0.21593973906250002 0.46328125 0.2217535 0.459375 0.23919478125000002 0.459375 0.247915421875 0.465234375 0.2551826234375 0.4642578125 0.2551826234375 0.4583984375 0.2624498234375 0.453515625 0.27117046562499997 0.4515625 0.27989110625 0.44375 0.291518628125 0.44375 0.298785828125 0.4388671875
9 0.32349431093750003 0.340234375 0.27262390625 0.3490234375 0.27262390625 0.3568359375 0.28570486562499997 0.363671875 0.308959909375 0.363671875 0.3322149515625 0.36953125 0.364190634375 0.367578125 0.3816319171875 0.3734375 0.3859922375 0.3724609375 0.394712878125 0.3607421875 0.394712878125 0.3451171875 0.3859922375 0.3275390625 0.3787250359375 0.32265625 0.367097515625 0.32265625 0.32349431093750003 0.340234375
8 0.3147312265625 0.424362140625 0.2974874328125 0.4438665015625 0.274798246875 0.45849475625 0.29113441875 0.48043717187499996 0.3156387796875 0.498722484375 0.364647434375 0.5017700390625001 0.412748465625 0.49567495156249997 0.42454686875 0.4779991640625 0.408210628125 0.460323284375 0.41365601874999997 0.44874258749999996 0.40548796718749996 0.42680017187499997 0.41547119375 0.4152194734375 0.40639552031250004 0.40181022187500004 0.42273169218750006 0.395105609375 0.4327149890625 0.384743915625 0.4027652375 0.363411025 0.38370633593750003 0.37560124687499996 0.3474036390625 0.378039278125 0.312008496875 0.3835248875 0.30747066093750003 0.39693413906249997 0.3147312265625 0.424362140625
16 0.734375 0.4203125 0.53125 0.565625
11 0.6 0.53046875 0.2484375 0.24609375
12 0.61484375 0.040625 0.2921875 0.08125
8 0.63671875 0.17109375 0.22421875 0.27890625
14 0.734375 0.375 0.53125 0.75
9 0.6359375 0.109375 0.22890625 0.165625
14 0.69140625 0.875 0.3234375 0.25
14 0.92109375 0.875 0.1578125 0.25
16 0.70078125 0.875 0.2359375 0.25
16 0.946875 0.875 0.10625 0.25
1 0.959375 0.77578125 0.08125 0.0515625