12 0.78203125 0.02578125 0.0578125 0.0515625
16 0.42421875 0.103125 0.0890625 0.20625
16 0.846875 0.0984375 0.14296875 0.17890625
10 0.93828125 0.1515625 0.0390625 0.07890625
14 0.45625 0.246875 0.153125 0.49375
11 0.3875 0.2015625 0.015625 0.05
12 0.7265625 0.2296875 0.06953125 0.08203125
14 0.85390625 0.2546875 0.2078125 0.509375
16 0.66484375 0.328125 0.10546875 0.13828125
14 0.6859375 0.34921875 0.175 0.3203125
10 0.715625 0.48125 0.040625 0.05625
15 0.39375 0.4734375 0.028125 0.06875
15 0.47265625 0.46796875 0.075 0.0734375
15 0.6421875 0.48515625 0.075 0.0484375
15 0.7734375 0.48828125 0.065625 0.0421875
15 0.934375 0.48125 0.05 0.05625
1 0.66484375 0.65 0.2078125 0.28125