1 0.24609375 0.10234375 0.1265625 0.2046875
14 0.721875 0.19921875 0.425 0.3984375
16 0.7265625 0.046875 0.278125 0.09375
10 0.87421875 0.10859375 0.05546875 0.0546875
10 0.578125 0.10234375 0.06640625 0.0578125
6 0.81328125 0.32578125 0.10546875 0.1234375
6 0.65078125 0.32578125 0.096875 0.11875
8 0.26953125 0.53515625 0.0796875 0.0515625
11 0.0140625 0.8125 0.028125 0.084375
14 0.04296875 0.7546875 0.0859375 0.490625
14 0.20546875 0.7546875 0.2078125 0.490625
16 0.61875 0.61171875 0.15 0.1453125
10 0.5296875 0.69765625 0.04453125 0.0390625
10 0.6921875 0.70546875 0.053125 0.0453125
6 0.565625 0.83203125 0.0890625 0.0828125
6 0.653125 0.821875 0.05859375 0.075
9 0.58125 0.51328125 0.053125 0.0078125
7 0.58984375 0.52265625 0.0578125 0.0265625
14 0.61796875 0.69609375 0.2390625 0.3734375