1 0.0890625 0.3 0.178125 0.6
4 0.07578125 0.28359375 0.1375 0.146875
16 0.82890625 0.05234375 0.1515625 0.1046875
12 0.53359375 0.06484375 0.2171875 0.1296875
11 0.828125 0.06640625 0.05390625 0.0453125
14 0.83828125 0.1609375 0.2515625 0.321875
14 0.53046875 0.3 0.3640625 0.6
16 0.5265625 0.40390625 0.321875 0.3921875
15 0.8046875 0.28984375 0.0484375 0.04609375
15 0.85859375 0.2890625 0.0484375 0.05703125
11 0.17265625 0.94140625 0.1171875 0.1171875
14 0.1484375 0.8 0.28125 0.4
16 0.16484375 0.94296875 0.2484375 0.1140625
12 0.20546875 0.653125 0.1671875 0.10625
8 0.22109375 0.73828125 0.125 0.21328125
0 0.7269980765625 1 0.746268940625 0.797280778125 0.6166029234374999 0.6629836609375 0.602542853125 0.7129546421875 0.607377265625 1 0.7269980765625 1
0 0.593560003125 1 0.5900448796875001 0.756679340625 0.5900448796875001 0.7067083000000001 0.4980468390625 0.7164062515625 0.43382081875 0.8269511015625 0.46442292500000004 1 0.593560003125 1