1 0.284375 0.07421875 0.153125 0.1484375
14 0.28828125 0.16953125 0.3703125 0.3390625
7 0.6875 0.11484375 0.02421875 0.04296875
14 0.69296875 0.2 0.0703125 0.278125
14 0.59296875 0.209375 0.0921875 0.259375
14 0.87265625 0.215625 0.1703125 0.246875
13 0.88828125 0.1671875 0.071875 0.06640625
13 0.58359375 0.09375 0.0265625 0.0265625
13 0.68515625 0.08359375 0.0203125 0.021875
11 0.6359375 0.23515625 0.0140625 0.0359375
11 0.684375 0.2265625 0.01015625 0.025
11 0.6921875 0.22734375 0.01171875 0.0265625
15 0.6828125 0.28671875 0.025 0.05546875
13 0.2921875 0.3890625 0.071875 0.06953125
14 0.30234375 0.66953125 0.2046875 0.6609375
10 0.2484375 0.76875 0.03359375 0.090625
2 0.575 0.7515625 0.08125 0.178125
2 0.77578125 0.73203125 0.0953125 0.184375
2 0.85390625 0.58984375 0.05625 0.16875
2 0.6890625 0.3828125 0.05 0.0875
2 0.75 0.4015625 0.053125 0.125
2 0.8140625 0.45546875 0.05 0.1453125