1 0.25546875 0.26484375 0.16875 0.3015625
1 0.50078125 0.19609375 0.16171875 0.30859375
14 0.24921875 0.25390625 0.2640625 0.3515625
14 0.540625 0.2171875 0.278125 0.425
9 0.50703125 0.2078125 0.1046875 0.0734375
9 0.26640625 0.2453125 0.1171875 0.0546875
9 0.825 0.09140625 0.290625 0.1765625
8 0.78515625 0.196875 0.2109375 0.35625
3 0.98515625 0.16953125 0.0296875 0.1984375
8 0.19765625 0.46875 0.1609375 0.078125
14 0.2140625 0.71484375 0.428125 0.5703125
16 0.7796875 0.609375 0.1859375 0.1625
10 0.9046875 0.7 0.053125 0.05
6 0.7515625 0.83203125 0.08046875 0.0859375
6 0.853125 0.85703125 0.08359375 0.0984375
9 0.753125 0.48984375 0.08046875 0.0265625
7 0.75546875 0.50078125 0.09140625 0.0515625
12 0.77109375 0.46015625 0.1109375 0.053125
14 0.81640625 0.67734375 0.2734375 0.4953125