1 0.19296875 0.059375 0.1296875 0.11875
4 0.2375 0.0203125 0.040625 0.040625
16 0.77109375 0.21796875 0.1796875 0.1234375
12 0.78203125 0.11796875 0.10546875 0.065625
7 0.78203125 0.15546875 0.06953125 0.03125
14 0.78515625 0.17890625 0.2796875 0.2015625
16 0.36328125 0.49453125 0.2328125 0.2734375
10 0.28046875 0.640625 0.05 0.0625
6 0.365625 0.87421875 0.096875 0.1234375
14 0.340625 0.6109375 0.278125 0.6625
16 0.77109375 0.5109375 0.275 0.265625
6 0.69453125 0.8734375 0.1109375 0.14375
6 0.8546875 0.88125 0.096875 0.15
12 0.75625 0.29609375 0.184375 0.0328125
14 0.765625 0.63125 0.4125 0.703125