5 0.24453125 0.2265625 0.4890625 0.453125
16 0.78828125 0.16171875 0.303125 0.2671875
10 0.63984375 0.32421875 0.078125 0.0609375
10 0.96015625 0.32109375 0.0796875 0.0765625
6 0.921875 0.534375 0.13046875 0.13125
6 0.68125 0.5375 0.121875 0.1375
7 0.784375 0.009375 0.15 0.01875
14 0.78046875 0.3046875 0.4390625 0.609375
16 0.2140625 0.7515625 0.24140625 0.209375
10 0.35 0.85703125 0.03046875 0.0484375
10 0.10390625 0.89296875 0.0609375 0.0546875
7 0.22734375 0.62421875 0.1109375 0.0296875
14 0.21484375 0.8046875 0.3671875 0.390625
16 0.6828125 0.803125 0.2859375 0.25625
10 0.5296875 0.94765625 0.075 0.0609375
10 0.8046875 0.92265625 0.01953125 0.0453125
14 0.68515625 0.8046875 0.3921875 0.390625