5 0.2375 0.134375 0.475 0.26875
2 0.05625 0.38828125 0.1125 0.2234375
2 0.40078125 0.38828125 0.1515625 0.2390625
2 0.06875 0.84453125 0.1375 0.2265625
2 0.37421875 0.85546875 0.17578125 0.2578125
4 0.05234375 0.68359375 0.06171875 0.01953125
2 0.15859375 0.2921875 0.0546875 0.046875
2 0.24921875 0.28203125 0.0578125 0.0265625
2 0.5296875 0.278125 0.053125 0.01875
2 0.515625 0.71640625 0.06171875 0.07578125
1 0.9484375 0.3 0.103125 0.0625
1 0.6890625 0.3015625 0.15 0.065625
16 0.7390625 0.6234375 0.340625 0.59375