5 0.26953125 0.209375 0.5390625 0.41875
16 0.921875 0.24765625 0.15625 0.3421875
14 0.9109375 0.209375 0.178125 0.41875
8 0.96328125 0.046875 0.0734375 0.09375
9 0.98203125 0.01015625 0.0359375 0.0203125
12 0.2125 0.584375 0.03515625 0.046875
12 0.48671875 0.59375 0.04140625 0.0359375
12 0.2859375 0.5953125 0.03515625 0.046875
10 0.403125 0.61015625 0.025 0.046875
10 0.2515625 0.6203125 0.025 0.0375
8 0.28203125 0.62890625 0.02109375 0.0390625
12 0.353125 0.63359375 0.03515625 0.05625
16 0.190625 0.6796875 0.0453125 0.11015625
16 0.2703125 0.6984375 0.059375 0.09921875
16 0.49375 0.71875 0.0578125 0.121875
16 0.35546875 0.7265625 0.05625 0.10703125
14 0.5 0.75 0.075 0.3484375
14 0.265625 0.75625 0.07109375 0.35390625
14 0.1953125 0.7640625 0.05703125 0.3875
14 0.3671875 0.77578125 0.09296875 0.321875
10 0.3046875 0.79609375 0.01796875 0.0546875
16 0.625 0.49375 0.171875 0.15
14 0.64296875 0.709375 0.2078125 0.58125
10 0.66640625 0.7265625 0.065625 0.1
15 0.66796875 0.9515625 0.1234375 0.096875