5 0.2046875 0.08671875 0.409375 0.1734375
8 0.1328125 0.3078125 0.1546875 0.13359375
14 0.2046875 0.58984375 0.409375 0.8203125
16 0.1328125 0.665625 0.265625 0.528125
12 0.125 0.21796875 0.2125 0.0765625
11 0.02421875 0.94921875 0.0484375 0.1015625
11 0.35625 0.94921875 0.10625 0.1015625
9 0.15703125 0.28359375 0.1109375 0.05234375
3 0.04140625 0.3109375 0.0453125 0.059375
12 0.671875 0.60234375 0.13046875 0.1
12 0.91640625 0.60234375 0.11328125 0.07890625
8 0.70078125 0.67578125 0.05234375 0.08515625
8 0.91171875 0.69375 0.0609375 0.09140625
14 0.64140625 0.77890625 0.1984375 0.4421875
14 0.9203125 0.7828125 0.159375 0.434375
11 0.82421875 0.8390625 0.09375 0.08046875
16 0.6546875 0.8453125 0.1625 0.309375