5 0.80078125 0.228125 0.3984375 0.18125
9 0.225 0.509375 0.45 0.1875
11 0.33359375 0.7875 0.2328125 0.425
8 0.1765625 0.565625 0.2546875 0.2953125
13 0.275 0.3625 0.35 0.0875
3 0.4140625 0.60625 0.071875 0.134375
11 0.6375 0.4328125 0.05546875 0.13671875
11 0.81796875 0.515625 0.06484375 0.115625
11 0.95 0.58203125 0.05546875 0.0890625
13 0.90546875 0.646875 0.08203125 0.0796875
13 0.49609375 0.65703125 0.0921875 0.1015625
13 0.66484375 0.66953125 0.08203125 0.071875
14 0.85859375 0.68515625 0.24765625 0.43515625
8 0.91484375 0.72109375 0.0671875 0.084375
8 0.66875 0.7546875 0.0796875 0.1078125
14 0.7375 0.80859375 0.29296875 0.34140625
11 0.5234375 0.8234375 0.0578125 0.09140625
11 0.971875 0.86796875 0.05625 0.0859375
14 0.503125 0.81171875 0.10625 0.3765625
14 0.94765625 0.85 0.1046875 0.3
11 0.79140625 0.946875 0.06015625 0.05546875
9 0.66640625 0.73671875 0.0765625 0.040625
9 0.92265625 0.69375 0.06484375 0.040625