0 0.30078125 0.4 0.4359375 0.45
12 0.709375 0.03671875 0.38125 0.0734375
8 0.7609375 0.171875 0.2546875 0.2234375
14 0.759375 0.325 0.48125 0.65
16 0.7546875 0.45625 0.471875 0.3875
9 0.7359375 0.1140625 0.259375 0.07109375
10 0.93671875 0.55625 0.1265625 0.146875
8 0.4640625 0.72265625 0.109375 0.1453125
14 0.43203125 0.825 0.1734375 0.35
16 0.43984375 0.915625 0.1578125 0.16875
3 0.41953125 0.68203125 0.0171875 0.0640625
4 0.47265625 0.6640625 0.0921875 0.028125
3 0.89921875 0.79140625 0.0296875 0.08046875
4 0.8265625 0.75 0.1078125 0.0765625