14 0.22421875 0.26953125 0.4484375 0.5390625
11 0.3875 0.171875 0.08828125 0.115625
11 0.1 0.10390625 0.13203125 0.0734375
2 0.68828125 0.2875 0.6828125 0.27265625 0.6859375 0.26015625 0.678125 0.24296875 0.67265625 0.2484375 0.6671875 0.24140625 0.66875 0.23359375 0.65625 0.21796875 0.6421875 0.17734375 0.64375 0.15078125 0.6515625 0.13984375 0.6578125 0.10546875 0.68125 0.07734375 0.65234375 0.06875 0.63984375 0.075 0.61484375 0.1046875 0.60234375 0.10625 0.59375 0.10234375 0.57578125 0.075 0.55703125 0.075 0.540625 0.08671875 0.5515625 0.09765625 0.5734375 0.16328125 0.5640625 0.20546875 0.5359375 0.26796875 0.5296875 0.30390625 0.51953125 0.31875 0.51484375 0.3125 0.5125 0.32109375 0.503125 0.32421875 0.50625 0.35234375 0.521875 0.37734375 0.51875 0.38359375 0.53828125 0.3890625 0.559375 0.38203125 0.54140625 0.375 0.6066765625 0.1975859375 0.660653125 0.30838125 0.6819609375 0.34957343750000003 0.6848015625 0.358096875 0.6904828125 0.3566765625 0.6904828125 0.3623578125 0.6933234374999999 0.3595171875 0.69474375 0.36803906249999996 0.6861899328125001 0.3701297125 0.68515625 0.3734375 0.69140625 0.378125 0.70390625 0.3703125 0.71484375 0.3734375 0.715625 0.35703125 0.7015625 0.32265625 0.69375 0.25703125 0.68828125 0.2875
16 0.09375 0.6421875 0.1875 0.20625
10 0.2015625 0.77421875 0.071875 0.0640625
6 0.146875 0.95390625 0.103125 0.0921875
14 0.13125 0.76953125 0.2625 0.4609375
9 0.7078125 0.75234375 0.31953125 0.146875
8 0.8 0.79921875 0.1296875 0.228125
13 0.70234375 0.57578125 0.3484375 0.0734375
13 0.9296875 0.69296875 0.1203125 0.12265625
14 0.7328125 0.76953125 0.4875 0.4609375
3 0.6015625 0.73203125 0.08125 0.121875