14 0.52109375 0.259375 0.1171875 0.51875
12 0.91796875 0.2734375 0.08359375 0.0640625
8 0.925 0.31953125 0.06015625 0.08515625
14 0.93046875 0.38125 0.1015625 0.275
11 0.959375 0.4984375 0.053125 0.040625
16 0.92109375 0.45390625 0.1265625 0.1296875
3 0.89765625 0.31875 0.01796875 0.02890625
4 0.93359375 0.30078125 0.03359375 0.03125
13 0.35390625 0.61796875 0.05546875 0.06640625
8 0.3546875 0.6796875 0.05390625 0.06328125
12 0.26640625 0.6984375 0.075 0.06953125
8 0.27578125 0.746875 0.03671875 0.05390625
12 0.13515625 0.7546875 0.159375 0.18203125
14 0.36875 0.76796875 0.0796875 0.31796875
14 0.275 0.83203125 0.134375 0.3359375
8 0.12109375 0.87421875 0.09296875 0.16171875
16 0.28125 0.88125 0.115625 0.2375
11 0.33203125 0.90859375 0.03515625 0.05859375
14 0.10703125 0.82734375 0.2140625 0.3453125
4 0.13984375 0.8484375 0.07421875 0.08671875
3 0.06796875 0.8078125 0.03203125 0.08203125
12 0.95703125 0.54375 0.0859375 0.05
12 0.7375 0.5375 0.103125 0.0375
8 0.74375 0.56484375 0.0703125 0.06953125
8 0.96796875 0.5921875 0.0640625 0.103125
16 0.76640625 0.72890625 0.1953125 0.209375
14 0.71015625 0.759375 0.2265625 0.48125
14 0.93359375 0.759375 0.1328125 0.48125
11 0.87109375 0.82734375 0.0484375 0.06484375
11 0.76640625 0.85390625 0.04765625 0.06484375
11 0.66875 0.86953125 0.04296875 0.06484375
11 0.92109375 0.8734375 0.046875 0.09765625
9 0.7390625 0.5515625 0.04296875 0.02265625
9 0.96640625 0.56328125 0.0671875 0.0328125
3 0.9984375 0.57265625 0.003125 0.0421875
3 0.77109375 0.55 0.01171875 0.04453125