14 0.359375 0.275 0.159375 0.55
11 0.415625 0.0703125 0.046875 0.090625
16 0.82890625 0.1609375 0.303125 0.265625
6 0.76796875 0.50703125 0.0890625 0.0859375
6 0.9359375 0.50390625 0.128125 0.0921875
14 0.7890625 0.275 0.421875 0.55
14 0.34453125 0.775 0.1890625 0.45
16 0.3625 0.70625 0.153125 0.3125
16 0.5703125 0.74296875 0.2625 0.2703125
10 0.74375 0.89140625 0.05546875 0.0640625
9 0.57890625 0.55859375 0.1453125 0.0171875
7 0.57265625 0.57890625 0.1421875 0.0578125
14 0.61796875 0.775 0.3578125 0.45