14 0.1796875 0.209375 0.290625 0.41875
8 0.10625 0.01171875 0.078125 0.0234375
14 0.84765625 0.2578125 0.1484375 0.321875
14 0.63125 0.2875 0.24375 0.2625
13 0.5359375 0.28671875 0.053125 0.1921875
13 0.80703125 0.125 0.0484375 0.0484375
7 0.321875 0.4796875 0.0390625 0.05546875
14 0.31953125 0.4921875 0.1015625 0.146875
14 0.01953125 0.55390625 0.0390625 0.2703125
14 0.29453125 0.7828125 0.1609375 0.434375
10 0.21640625 0.96171875 0.0328125 0.0765625
13 0.3078125 0.6 0.0734375 0.0765625
13 0.32578125 0.425 0.0421875 0.0125
5 0.7546875 0.709375 0.490625 0.58125