14 0.14453125 0.20078125 0.2890625 0.4015625
11 0.271875 0.0640625 0.034375 0.09375
13 0.63515625 0.025 0.08359375 0.0421875
7 0.63828125 0.078125 0.08359375 0.0625
14 0.80546875 0.2046875 0.3140625 0.409375
14 0.37421875 0.2046875 0.1703125 0.409375
14 0.6265625 0.2046875 0.253125 0.409375
14 0.03515625 0.81953125 0.0703125 0.3609375
9 0.0078125 0.80078125 0.015625 0.0421875
7 0.54609375 0.6515625 0.2421875 0.484375
14 0.50078125 0.7046875 0.4234375 0.590625
11 0.928125 0.7921875 0.0828125 0.10390625
11 0.62265625 0.87109375 0.1546875 0.2578125