14 0.29453125 0.184375 0.5890625 0.36875
11 0.053125 0.2234375 0.10625 0.15
11 0.56171875 0.21875 0.0546875 0.14375
7 0.4421875 0.7328125 0.03359375 0.0875
10 0.3875 0.746875 0.03515625 0.0984375
14 0.43359375 0.81796875 0.1515625 0.3640625
13 0.471875 0.66875 0.07265625 0.05390625
14 0.94375 0.5015625 0.0640625 0.146875
14 0.653125 0.78828125 0.128125 0.4234375
10 0.69375 0.9140625 0.04609375 0.06640625
13 0.9375 0.4546875 0.02265625 0.02109375
8 0.9359375 0.48203125 0.01953125 0.03359375
15 0.9515625 0.66875 0.02890625 0.0515625
15 0.9234375 0.671875 0.028125 0.04609375