14 0.278125 0.2546875 0.55 0.509375
11 0.43125 0.45625 0.078125 0.1015625
11 0.078125 0.46328125 0.1125 0.0921875
7 0.23984375 0.10625 0.13671875 0.0671875
3 0.14453125 0.090625 0.03515625 0.05625
14 0.7546875 0.2546875 0.309375 0.509375
13 0.6609375 0.02421875 0.121875 0.0484375
7 0.66484375 0.165625 0.1296875 0.225
13 0.5796875 0.87109375 0.040625 0.0328125
13 0.3484375 0.875 0.07890625 0.025
7 0.34453125 0.9015625 0.05625 0.0421875
8 0.48125 0.9625 0.0296875 0.0296875
14 0.3515625 0.92578125 0.20625 0.1484375
5 0.9375 0.8609375 0.125 0.278125
5 0.7171875 0.86640625 0.234375 0.2671875