14 0.4265625 0.209375 0.5 0.41875
7 0.39296875 0.015625 0.1234375 0.03125
11 0.2453125 0.3234375 0.0921875 0.07578125
11 0.56015625 0.30546875 0.07421875 0.0875
12 0.49140625 0.4983810234375 0.485546875 0.5355798187499999 0.4953125 0.5414533125000001 0.5236328125 0.522853915625 0.6095703125 0.528727409375 0.596875 0.48271837343749996 0.5509765625 0.4523719875 0.5236328125 0.4621611453125 0.49140625 0.4983810234375
4 0.5033372093749999 0.5767212671874999 0.5924545453125 0.5733518078125 0.5913335890625 0.5390955734375 0.503373175 0.5437774984375 0.5033372093749999 0.5767212671874999
8 0.5677931375 0.641302746875 0.5918940671875 0.622209084375 0.598059409375 0.60255385 0.5952569765625 0.5845833687499999 0.5599463203124999 0.5823370484375 0.54471590625 0.5746836578125001 0.5218332734375 0.5834601875 0.5055791640625 0.5974996390625 0.51790984375 0.62726329375 0.538647865625 0.6429874984375 0.5677931375 0.641302746875
11 0.616130809375 1 0.63203125 0.9760918671875001 0.63203125 0.9643448796874999 0.626171875 0.9525978921875 0.6076171875 0.935956325 0.5939453125 0.93791415625 0.5705078125 0.9535768078124999 0.551953125 0.9780496984374999 0.551953125 0.9878388546875 0.56953125 0.9956701812500001 0.571484375 0.99958584375 0.5712777953125 1 0.616130809375 1
3 0.611126128125 0.5863706875 0.6173126328125 0.5729404984375 0.6183436999999999 0.5595103187499999 0.616281540625 0.54435831875 0.6015026796875 0.55158996875 0.6004716125 0.5636426968749999 0.5963472671875001 0.5794834124999999 0.5963472671875001 0.59463541875 0.60184639375 0.5984234140625 0.611126128125 0.5863706875
3 0.5011439906249999 0.5891255921875 0.5032061484375 0.577072865625 0.5001129109375 0.5619208796875 0.4997752859375 0.5461217546875 0.492551634375 0.5481463328125 0.4908331640625 0.559165959375 0.4901457734375 0.5739736 0.4963322671875 0.58671504375 0.5011439906249999 0.5891255921875
14 0.796875 0.70703125 0.134375 0.5765625
11 0.75625 0.59296875 0.053125 0.0921875