14 0.05859375 0.18984375 0.1171875 0.3796875
11 0.0671875 0.040625 0.090625 0.08125
9 0.68125 0.14296875 0.44375 0.2859375
11 0.8796875 0.17109375 0.240625 0.3421875
8 0.60703125 0.20703125 0.2953125 0.3453125
16 0.29921875 0.47890625 0.2453125 0.1984375
6 0.1703125 0.84609375 0.209375 0.1390625
6 0.3453125 0.79375 0.159375 0.11875
14 0.24609375 0.64921875 0.3703125 0.5390625
9 0.9015625 0.66484375 0.196875 0.1609375
8 0.9109375 0.79609375 0.178125 0.4078125
13 0.88515625 0.4390625 0.2296875 0.11875