14 0.3421875 0.41171875 0.315625 0.2359375
8 0.42578125 0.38984375 0.0453125 0.0546875
3 0.4828125 0.36875 0.034375 0.053125
11 0.3421875 0.34375 0.078125 0.07421875
1 0.74765625 0.2703125 0.4953125 0.51875
16 0.4265625 0.5609375 0.1125 0.0625
12 0.18828125 0.53984375 0.0296875 0.0203125
16 0.15390625 0.60078125 0.06796875 0.1109375
10 0.39921875 0.62109375 0.05 0.0546875
14 0.41484375 0.73828125 0.1703125 0.4171875
14 0.16171875 0.6765625 0.0796875 0.29375
10 0.165625 0.68828125 0.02578125 0.05390625
15 0.1265625 0.80078125 0.05703125 0.0421875
15 0.41015625 0.925 0.075 0.0671875
15 0.48125 0.90703125 0.0375 0.0734375
12 0.82734375 0.79765625 0.06171875 0.053125
12 0.61796875 0.821875 0.06171875 0.053125
12 0.7046875 0.82421875 0.06171875 0.053125
8 0.8296875 0.84375 0.0546875 0.0625
8 0.70078125 0.86953125 0.0453125 0.05546875
8 0.6125 0.87265625 0.0453125 0.0796875
16 0.84921875 0.93984375 0.1140625 0.1203125
16 0.7140625 0.94609375 0.1125 0.1078125
16 0.59453125 0.953125 0.1140625 0.09375
14 0.86015625 0.8828125 0.1546875 0.234375
14 0.7234375 0.890625 0.128125 0.21875
14 0.59921875 0.89609375 0.1046875 0.2078125