14 0.2859375 0.33203125 0.278125 0.2953125
8 0.253125 0.26796875 0.04375 0.0359375
3 0.29453125 0.253125 0.01875 0.03515625
11 0.36796875 0.38515625 0.05859375 0.0859375
16 0.72734375 0.346875 0.3921875 0.265625
11 0.55859375 0.4359375 0.1578125 0.0875
12 0.740625 0.03125 0.29375 0.0625
8 0.71953125 0.1359375 0.2140625 0.1234375
14 0.7328125 0.23984375 0.50625 0.4796875
12 0.10234375 0.50859375 0.1390625 0.0578125
8 0.10703125 0.59140625 0.10390625 0.15390625
14 0.30625 0.73984375 0.315625 0.5203125
11 0.0625 0.6640625 0.07734375 0.0953125
11 0.125 0.68046875 0.0765625 0.0765625
14 0.09921875 0.73984375 0.1984375 0.5203125
16 0.29296875 0.74765625 0.2453125 0.5046875
16 0.096875 0.78515625 0.19375 0.4296875
16 0.44296875 0.81953125 0.0734375 0.3609375
9 0.09296875 0.55625 0.09375 0.06171875
3 0.16015625 0.5421875 0.02109375 0.08203125
16 0.74296875 0.73671875 0.31640625 0.2734375
10 0.675 0.69921875 0.1359375 0.0671875
10 0.80859375 0.71015625 0.11953125 0.0828125
12 0.73984375 0.5125 0.1953125 0.065625
9 0.746875 0.553125 0.15625 0.03671875
14 0.7515625 0.73984375 0.496875 0.5203125