0 0.209375 0.21796875 0.41875 0.2234375
12 0.46328125 0.0824593 0.4769531234375 0.08538314062499999 0.5140625 0.0678401015625 0.5082031234375 0.038601703125 0.4955078125 0.022520584375 0.4779296875 0.025444425 0.4652343765625 0.0444493828125 0.46328125 0.0824593
12 0.4769531234375 0.135088415625 0.490625 0.14385993749999998 0.5189453125 0.1394741765625 0.5394531234375 0.12046921875000001 0.5169921875 0.0751497 0.4974609375 0.0722258625 0.47890625 0.0883069796875 0.4769531234375 0.135088415625
12 0.6107421875 0.10438809843750001 0.63515625 0.1029261796875 0.6605468765625 0.0824593 0.6527343765625 0.0444493828125 0.6419921875 0.0312921015625 0.6136718765625 0.047373221874999996 0.6058593765625 0.0912308203125 0.6107421875 0.10438809843750001
12 0.5511718765625 0.0444493828125 0.5384765625 0.0079013828125 0.5189453125 0.0079013828125 0.5082031234375 0.0210586640625 0.5160156234375 0.0561447421875 0.5511718765625 0.0444493828125
12 0.7273425781249999 0 0.7328125 0.0327540234375 0.72890625 0.061992421875 0.74453125 0.0678401015625 0.8133462390625 0 0.7273425781249999 0
12 0.6947265625 0.0166729046875 0.6800781234375 0.02690634375 0.6878906234375 0.047373221874999996 0.7015625 0.038601703125 0.6947265625 0.0166729046875
12 0.6670750921874999 0 0.65859375 0.023982503125 0.6703125 0.0327540234375 0.68203125 0.015210984375 0.6681754265625 0 0.6670750921874999 0
3 1 0.0170648234375 0.95546875 0.0298301828125 0.9583984375 0.0780735390625 0.9701171875 0.083921221875 0.9916015625 0.0722258625 1 0.08022655 1 0.0170648234375
3 0.81484375 0.035677862500000004 0.8041015625 0.010825224999999999 0.7816406234375 0.035677862500000004 0.7894531234375 0.061992421875 0.79921875 0.0678401015625 0.81484375 0.035677862500000004
4 0.87734375 0.023982503125 0.8802734375 0.0429874609375 0.8949218765625 0.0444493828125 0.9417968765625 0.0210586640625 0.87734375 0.023982503125
10 0.5697265625 0.21841784999999997 0.5394531234375 0.2491181703125 0.5511718765625 0.26958504843750003 0.57265625 0.2461943296875 0.5697265625 0.21841784999999997
8 0.9349609375 0.0283682640625 0.9251953125 0.0283682640625 0.9212890625 0.03421594375 0.9154296875 0.037139784375 0.8998046875 0.0400636234375 0.8900390625 0.0517589828125 0.8861328125 0.045911303125000004 0.8783203125 0.045911303125000004 0.8753906234375 0.0502970625 0.87734375 0.08538314062499999 0.88515625 0.10877385937499999 0.88515625 0.11462153906250001 0.8919921875 0.1248549765625 0.8978515625 0.1277788171875 0.9183593765625 0.1263168984375 0.92421875 0.12046921875000001 0.94765625 0.07661162031249999 0.9417968765625 0.0502970625 0.93984375 0.0298301828125 0.9369140625 0.025444425 0.9349609375 0.0283682640625
8 0.7865234375 0.0400636234375 0.7767578125 0.0400636234375 0.7484375 0.0678401015625 0.7484375 0.070763940625 0.7621093765625 0.0912308203125 0.7660156234375 0.1058500171875 0.7689453125 0.110235778125 0.7728515625 0.1131596171875 0.7816406234375 0.111697696875 0.79140625 0.0970785 0.7972656234375 0.0795354609375 0.7972656234375 0.0678401015625 0.79140625 0.0532209015625 0.79140625 0.047373221874999996 0.7865234375 0.0400636234375
0 0.209375 0.66484375 0.41875 0.6703125
1 0.79921875 0.50390625 0.4015625 0.3484375