14 0.3171875 0.25 0.425 0.5
15 0.2203125 0.4703125 0.146875 0.059375
15 0.40390625 0.47578125 0.1890625 0.0484375
16 0.33984375 0.0953125 0.3796875 0.190625
14 0.90546875 0.25 0.1890625 0.5
16 0.90546875 0.184375 0.1890625 0.21875
10 0.91171875 0.3296875 0.0890625 0.053125
6 0.91875 0.46875 0.15625 0.0625
6 0.97734375 0.46015625 0.0453125 0.0796875
9 0.9703125 0.01796875 0.059375 0.0296875
7 0.9625 0.03359375 0.075 0.0640625
12 0.93046875 0.0078125 0.1390625 0.015625
14 0.91328125 0.75 0.1734375 0.5
15 0.87578125 0.9546875 0.1515625 0.090625
11 0.859375 0.68515625 0.0671875 0.071875
16 0.91953125 0.59921875 0.1609375 0.1984375