16 0.41875 0.13828125 0.31640625 0.2609375
10 0.57265625 0.29453125 0.0546875 0.0703125
10 0.29453125 0.3109375 0.09140625 0.06875
6 0.3515625 0.515625 0.09453125 0.159375
6 0.52421875 0.509375 0.1390625 0.14375
14 0.39609375 0.3046875 0.4078125 0.609375
2 0.89921875 0.2484375 0.2015625 0.496875
16 0.16484375 0.87265625 0.3296875 0.2546875
9 0.2328125 0.66953125 0.10859375 0.04375
7 0.21171875 0.6984375 0.13046875 0.0921875
12 0.15 0.6375 0.265625 0.05625
14 0.20390625 0.8046875 0.4078125 0.390625
9 0.86796875 0.70234375 0.2640625 0.1859375
8 0.92890625 0.775 0.1421875 0.33125
14 0.8 0.8046875 0.4 0.390625
3 0.71953125 0.721875 0.09296875 0.18515625