16 0.3125 0.03203125 0.278125 0.0640625
10 0.4125 0.10234375 0.1 0.0703125
10 0.16640625 0.08046875 0.0640625 0.0640625
6 0.23046875 0.28828125 0.146875 0.1390625
6 0.378125 0.31953125 0.1140625 0.1546875
14 0.32578125 0.2 0.4453125 0.4
16 0.85390625 0.3640625 0.2921875 0.3
10 0.7046875 0.50703125 0.071875 0.0640625
12 0.890625 0.090625 0.20546875 0.1015625
14 0.8125 0.2875 0.375 0.503125
16 0.1703125 0.86875 0.340625 0.2625
12 0.1765625 0.6140625 0.20546875 0.1015625
14 0.22578125 0.7796875 0.4515625 0.440625