10 0.453125 0.1453125 0.071875 0.075
6 0.39296875 0.35703125 0.1921875 0.1046875
6 0.4609375 0.3125 0.05625 0.125
14 0.353125 0.2046875 0.271875 0.409375
10 0.896875 0.14453125 0.053125 0.0734375
6 0.93515625 0.3515625 0.1296875 0.115625
14 0.91484375 0.2046875 0.1703125 0.409375
16 0.25546875 0.52109375 0.3109375 0.2234375
10 0.38828125 0.68046875 0.06953125 0.0765625
6 0.29375 0.92421875 0.253125 0.1421875
6 0.2296875 0.8671875 0.225 0.1359375
14 0.2703125 0.7015625 0.375 0.584375
9 0.73125 0.66875 0.23046875 0.115625
8 0.73828125 0.73203125 0.16796875 0.21171875
13 0.7265625 0.56171875 0.25234375 0.196875
14 0.7703125 0.7234375 0.459375 0.553125