16 0.15234375 0.14140625 0.1890625 0.1703125
10 0.03984375 0.22265625 0.04140625 0.0390625
10 0.2625 0.234375 0.04140625 0.04375
6 0.21875 0.37265625 0.06640625 0.0953125
6 0.13046875 0.3796875 0.078125 0.08125
12 0.14375 0.00546875 0.096875 0.0109375
14 0.15078125 0.21640625 0.2890625 0.4328125
5 0.50859375 0.4390625 0.3171875 0.240625
5 0.840625 0.409375 0.31875 0.3
16 0.25 0.67421875 0.2 0.2296875
14 0.2359375 0.7796875 0.228125 0.440625
2 0.7634280625 0.559375 0.7609375 0.57421875 0.75 0.60390625 0.73515625 0.621875 0.71640625 0.615625 0.7125 0.62734375 0.73515625 0.659375 0.77421875 0.6703125 0.796875 0.66953125 0.828125 0.63359375 0.8328125 0.60078125 0.815625 0.59609375 0.79140625 0.65 0.7625 0.63515625 0.7828125 0.56484375 0.7836167281249999 0.559375 0.7634280625 0.559375