16 0.2328125 0.19453125 0.33359375 0.2921875
10 0.371875 0.34296875 0.05 0.0734375
10 0.053125 0.340625 0.0640625 0.071875
6 0.3015625 0.5859375 0.1 0.128125
6 0.1375 0.5890625 0.115625 0.121875
14 0.2171875 0.325 0.434375 0.65
16 0.83984375 0.2546875 0.3203125 0.321875
10 0.8921875 0.47578125 0.09453125 0.0765625
6 0.903125 0.61484375 0.15 0.0703125
7 0.915625 0.04375 0.121875 0.0875
14 0.8296875 0.325 0.340625 0.65
2 0.334423828125 0.65 0.3375 0.73203125 0.3546875 0.73046875 0.35546875 0.6828125 0.37109375 0.68125 0.39609375 0.6921875 0.41953125 0.690625 0.4328125 0.71015625 0.440625 0.75234375 0.4515625 0.75859375 0.44558486249999996 0.65 0.42255859375 0.65 0.421875 0.65546875 0.41484375 0.659375 0.39140625 0.65625 0.379273896875 0.65 0.334423828125 0.65
1 0.83515625 0.87109375 0.3296875 0.2578125