14 0.0859375 0.1765625 0.171875 0.353125
10 0.13359375 0.08515625 0.046875 0.0609375
6 0.08125 0.27109375 0.1625 0.1234375
11 0.64375 0.49140625 0.178125 0.0953125
2 0.1529411765625 1 0.153125 0.99921875 0.146875 0.94453125 0.15 0.88359375 0.13125 0.79453125 0.128125 0.72890625 0.12109375 0.721875 0.1125 0.73359375 0.115625 0.83203125 0.090625 0.83984375 0.10078125 0.8421875 0.10078125 0.85 0.065625 0.84609375 0.059375 0.81328125 0.06875 0.73203125 0.06171875 0.721875 0.0390625 0.83984375 0.0359375 0.95859375 0.024258814062500002 1 0.040714651562499996 1 0.0515625 0.90546875 0.06796875 0.8578125 0.11015625 0.859375 0.11875 0.86484375 0.1265625 0.92578125 0.1359375 0.94453125 0.1359375 1 0.1529411765625 1
11 0.47578125 0.8953125 0.1328125 0.146875
8 0.80625 0.684375 0.125 0.1109375
13 0.79296875 0.56796875 0.1515625 0.0578125
14 0.81953125 0.76953125 0.3609375 0.4609375
8 0.4828125 0.7796875 0.05078125 0.05078125
13 0.465625 0.74453125 0.05078125 0.03359375
4 0.79765625 0.64453125 0.1515625 0.08046875
3 0.89765625 0.64296875 0.040625 0.05625