16 0.51953125 0.109375 0.2609375 0.21875
10 0.3046875 0.21875 0.0640625 0.071875
6 0.5859375 0.3671875 0.084375 0.025
14 0.4484375 0.18984375 0.403125 0.3796875
16 0.934375 0.32578125 0.13125 0.1078125
9 0.971875 0.22578125 0.05625 0.0296875
7 0.971875 0.24140625 0.05625 0.0578125
12 0.95390625 0.1921875 0.0921875 0.071875
14 0.9015625 0.26796875 0.196875 0.2234375
16 0.3125 0.66796875 0.1140625 0.0984375
6 0.32109375 0.8125 0.046875 0.05625
6 0.278125 0.81796875 0.05 0.0640625
12 0.3109375 0.5796875 0.0625 0.03125
14 0.3171875 0.709375 0.19375 0.29375
16 0.953125 0.55390625 0.09375 0.2609375
10 0.9265625 0.7078125 0.0609375 0.046875
6 0.89765625 0.94140625 0.2046875 0.1171875
9 0.91171875 0.38515625 0.0828125 0.0109375
7 0.92578125 0.403125 0.1109375 0.046875
14 0.8953125 0.68984375 0.209375 0.6203125