16 0.15078125 0.40625 0.29453125 0.34375
10 0.37265625 0.60859375 0.071875 0.0796875
12 0.19921875 0.0984375 0.26640625 0.096875
14 0.22265625 0.36171875 0.4453125 0.6359375
16 0.64140625 0.37734375 0.26953125 0.2765625
10 0.68203125 0.559375 0.11640625 0.0625
10 0.5 0.52109375 0.053125 0.0734375
9 0.5734375 0.178125 0.09453125 0.0359375
7 0.58984375 0.196875 0.11640625 0.0765625
12 0.6359375 0.12421875 0.196875 0.08125
14 0.65234375 0.38125 0.3671875 0.596875
16 0.30859375 0.765625 0.3203125 0.171875
14 0.30546875 0.83984375 0.3265625 0.3203125
16 0.90546875 0.803125 0.1890625 0.246875
10 0.934375 0.96953125 0.09140625 0.0609375
14 0.88359375 0.83984375 0.2328125 0.3203125