14 0.29140625 0.21484375 0.3578125 0.4296875
16 0.30078125 0.10390625 0.2921875 0.2078125
6 0.296875 0.4140625 0.20625 0.03125
10 0.278125 0.253125 0.10546875 0.08125
6 0.26875 0.38125 0.225 0.096875
14 0.85625 0.21484375 0.2875 0.4296875
16 0.86953125 0.18046875 0.2609375 0.2234375
10 0.8171875 0.33125 0.0859375 0.05625
9 0.89921875 0.01875 0.11640625 0.034375
7 0.8921875 0.0328125 0.1109375 0.0625
12 0.8625 0.0078125 0.153125 0.015625
14 0.12890625 0.71875 0.2578125 0.5625
16 0.0984375 0.6609375 0.196875 0.2
6 0.03125 0.95 0.0625 0.1
6 0.16875 0.95 0.115625 0.1
10 0.2125 0.77890625 0.046875 0.0515625
9 0.075 0.50859375 0.1 0.0234375
7 0.075 0.521875 0.1 0.05625
12 0.0671875 0.47265625 0.13359375 0.0578125
8 0.70078125 0.5421875 0.3015625 0.225
10 0.60234375 0.8828125 0.1046875 0.234375