14 0.34140625 0.21328125 0.2359375 0.4265625
16 0.3515625 0.071875 0.215625 0.14375
10 0.359375 0.1875 0.0859375 0.053125
6 0.3578125 0.36328125 0.171875 0.1296875
6 0.41484375 0.328125 0.0890625 0.11875
1 0.73515625 0.22421875 0.1921875 0.4484375
12 0.915625 0.18984375 0.13828125 0.13828125
14 0.78828125 0.26640625 0.4234375 0.4859375
10 0.68046875 0.284375 0.2359375 0.45
10 0.271875 0.54375 0.05546875 0.040625
6 0.35078125 0.68046875 0.075 0.0953125
6 0.4390625 0.67734375 0.040625 0.0953125
14 0.33671875 0.61953125 0.2453125 0.2203125
2 0.5278907312500001 0.509375 0.5640625 0.5724437499999999 0.6279828125 0.7017046875 0.5967328125 0.7940343750000001 0.5328125 0.8295453125 0.49872187500000004 0.8579546875 0.4788359375 0.8267046875 0.4625 0.86328125 0.46484375 0.8796875 0.48984375 0.896875 0.528125 0.90078125 0.55703125 0.9 0.56640625 0.890625 0.59140625 0.8921875 0.603125 0.88515625 0.615625 0.86171875 0.6140625 0.84609375 0.6375 0.80703125 0.65703125 0.7515625 0.6765625 0.78046875 0.67890625 0.821875 0.7046875 0.76796875 0.6984375 0.74765625 0.659375 0.70703125 0.65625 0.69609375 0.65625 0.66953125 0.6671875 0.65859375 0.6734375 0.63828125 0.68125 0.55390625 0.64453125 0.60625 0.60623183125 0.509375 0.5278907312500001 0.509375