16 0.4359375 0.12734375 0.1359375 0.1359375
10 0.33203125 0.2015625 0.03359375 0.034375
10 0.5328125 0.209375 0.034375 0.040625
6 0.40703125 0.31875 0.0609375 0.06875
6 0.50859375 0.33125 0.05859375 0.08125
9 0.39296875 0.0296875 0.05859375 0.0265625
7 0.40546875 0.03828125 0.06953125 0.0484375
12 0.4296875 0.01640625 0.096875 0.0328125
14 0.42578125 0.1921875 0.2484375 0.384375
16 0.59140625 0.046875 0.0828125 0.09375
10 0.66484375 0.10390625 0.0390625 0.0421875
6 0.609375 0.2359375 0.06640625 0.078125
12 0.625 0.1375 0.15 0.275
6 0.47109375 0.61875 0.1109375 0.08125
6 0.40859375 0.6375 0.0859375 0.0875
14 0.43515625 0.6125 0.2296875 0.146875
1 0.71640625 0.7828125 0.3328125 0.434375