16 0.22578125 0.24765625 0.2609375 0.2765625
10 0.3984375 0.40234375 0.053125 0.0328125
12 0.246875 0.01796875 0.18125 0.0359375
14 0.253125 0.209375 0.375 0.41875
14 0.83984375 0.209375 0.3203125 0.41875
16 0.88359375 0.2203125 0.2328125 0.315625
10 0.70859375 0.38125 0.0578125 0.075
16 0.528125 0.57578125 0.13359375 0.1109375
10 0.61796875 0.63828125 0.025 0.0328125
10 0.4515625 0.646875 0.0359375 0.034375
6 0.5359375 0.7421875 0.0609375 0.071875
6 0.49140625 0.75 0.05 0.06875
12 0.53203125 0.475 0.078125 0.034375
9 0.540625 0.49453125 0.05859375 0.0171875
7 0.534375 0.50234375 0.05546875 0.0328125
14 0.53046875 0.61875 0.221875 0.3359375
10 0.8640625 0.4609375 0.04140625 0.046875
6 0.92109375 0.57734375 0.0609375 0.0828125
6 0.990625 0.5796875 0.01875 0.08125
14 0.91328125 0.5203125 0.1734375 0.203125