1 0.93671875 0.27265625 0.04375 0.11953125
9 0.96953125 0.24375 0.0609375 0.078125
14 0.9 0.25390625 0.2 0.3921875
16 0.31015625 0.7234375 0.30546875 0.26875
10 0.24609375 0.671875 0.13359375 0.071875
10 0.37578125 0.684375 0.11953125 0.075
9 0.28671875 0.52265625 0.15546875 0.0390625
7 0.28828125 0.54453125 0.15 0.0796875
12 0.28984375 0.48359375 0.1890625 0.0671875
14 0.3453125 0.725 0.446875 0.55
1 0.9703125 0.64609375 0.059375 0.1578125
14 0.8796875 0.725 0.240625 0.55
16 0.8796875 0.859375 0.240625 0.28125
10 0.8421875 0.88359375 0.1015625 0.21015625
9 0.896875 0.56015625 0.09375 0.0921875