10 0.3359375 0.0140625 0.10625 0.028125
6 0.25234375 0.16953125 0.18359375 0.1234375
6 0.35234375 0.20625 0.0734375 0.15625
14 0.23984375 0.1421875 0.2984375 0.284375
16 0.6828125 0.07265625 0.153125 0.1453125
10 0.58515625 0.1625 0.04453125 0.040625
10 0.7859375 0.16171875 0.0359375 0.0390625
6 0.6421875 0.29296875 0.0640625 0.0890625
6 0.69453125 0.27421875 0.053125 0.0765625
14 0.68125 0.17109375 0.253125 0.3421875
10 0.0078125 0.43515625 0.015625 0.0328125
6 0.00703125 0.53671875 0.0140625 0.0671875
5 0.69453125 0.6796875 0.6109375 0.521875