14 0.28828125 0.21953125 0.3390625 0.4390625
16 0.31171875 0.04375 0.2921875 0.0875
10 0.2890625 0.13671875 0.09453125 0.0703125
6 0.3125 0.36171875 0.19140625 0.146875
6 0.27109375 0.29765625 0.2 0.1421875
14 0.85546875 0.2015625 0.2890625 0.403125
16 0.88515625 0.04609375 0.2296875 0.0921875
10 0.7828125 0.103125 0.046875 0.06875
6 0.98359375 0.328125 0.0328125 0.11875
6 0.85078125 0.3296875 0.09453125 0.121875
10 0.20546875 0.8546875 0.0421875 0.05390625
10 0.2046875 0.89609375 0.0453125 0.05390625
14 0.26953125 0.83515625 0.1671875 0.3296875
13 0.3125 0.640625 0.0734375 0.0625
1 0.4875 0.6828125 0.0375 0.19375
14 0.53671875 0.78515625 0.1359375 0.4296875