14 0.34765625 0.34765625 0.2640625 0.6828125
16 0.35703125 0.3015625 0.2453125 0.26875
10 0.35625 0.478125 0.0859375 0.075
6 0.38046875 0.65859375 0.1921875 0.0609375
7 0.303125 0.11484375 0.11953125 0.071875
9 0.290625 0.09453125 0.1 0.0375
12 0.34921875 0.04609375 0.228125 0.0859375
6 0.321875 0.62734375 0.19375 0.1234375
16 0.77890625 0.15390625 0.1640625 0.3078125
6 0.7734375 0.628125 0.05 0.096875
6 0.828125 0.634375 0.071875 0.103125
14 0.41171875 0.82578125 0.1359375 0.2734375
6 0.41953125 0.88515625 0.1203125 0.1484375
1 0.6421875 0.88203125 0.325 0.2359375
1 0.89765625 0.84453125 0.2046875 0.3109375