16 0.28671875 0.3390625 0.253125 0.26875
10 0.21640625 0.48203125 0.0703125 0.0140625
7 0.2484375 0.16640625 0.10546875 0.0734375
12 0.30078125 0.09765625 0.196875 0.0765625
14 0.2734375 0.27109375 0.340625 0.4359375
2 0.78515625 0.2515625 0.03359375 0.096875
16 0.20546875 0.61171875 0.225 0.2015625
10 0.05546875 0.71171875 0.04140625 0.0453125
10 0.3 0.72890625 0.04140625 0.0453125
6 0.11796875 0.890625 0.08359375 0.128125
6 0.2234375 0.88359375 0.06640625 0.0890625
14 0.19375 0.72265625 0.33125 0.4671875
2 0.6 0.4890625 0.6 0.6410763890625 0.69453125 0.7125 0.73359375 0.7328125 0.7921875 0.75234375 0.78515625 0.778125 0.75625 0.77890625 0.7453125 0.83046875 0.7609375 0.84453125 0.771875 0.94609375 0.72578125 0.9578125 0.68828125 0.975 0.684375 0.99453125 0.673640046875 1 1 1 1 0.4890625 0.8990844718750001 0.4890625 0.89375 0.50390625 0.8796875 0.52578125 0.85390625 0.546875 0.84140625 0.54375 0.778650103125 0.4890625 0.6 0.4890625