16 0.19296875 0.09453125 0.2859375 0.1890625
6 0.28046875 0.4796875 0.1390625 0.15
6 0.1609375 0.43359375 0.1 0.1390625
14 0.1984375 0.28359375 0.303125 0.5671875
16 0.8203125 0.19921875 0.25859375 0.2640625
10 0.7578125 0.36640625 0.071875 0.0640625
6 0.7859375 0.5515625 0.2 0.075
7 0.76953125 0.0328125 0.0890625 0.065625
14 0.81875 0.29453125 0.321875 0.5890625
14 0.29375 0.7859375 0.1125 0.39375
6 0.32421875 0.84609375 0.0515625 0.1390625
16 0.6546875 0.75078125 0.328125 0.3234375
10 0.72265625 0.96484375 0.0953125 0.0703125
14 0.646875 0.79453125 0.39375 0.4109375