16 0.08515625 0.159375 0.1703125 0.31875
10 0.19296875 0.3109375 0.0390625 0.075
10 0.01015625 0.3765625 0.0203125 0.071875
6 0.11953125 0.50546875 0.2171875 0.0484375
14 0.1265625 0.26484375 0.253125 0.5296875
2 0.7171875 0 0.7171875 0.00390625 0.71953125 0.0125 0.72265625 0.0046875 0.7328125 0.01015625 0.7265625 0.15234375 0.71875 0.18671875 0.73125 0.22578125 0.7328125 0.27890625 0.715625 0.32734375 0.703125 0.34296875 0.6953125 0.37734375 0.7015625 0.41328125 0.6859375 0.46328125 0.6875 0.50546875 0.6818014703124999 0.5296875 0.7465024031249999 0.5296875 0.74765625 0.5046875 0.789165684375 0.5296875 1 0.5296875 1 0.0816472453125 0.92578125 0.01875 0.921875 0.00703125 0.91171875 0.003125 0.9092516453125 0 0.7171875 0
16 0.33828125 0.6953125 0.2015625 0.30625
10 0.38828125 0.9078125 0.1015625 0.071875
14 0.32109375 0.76484375 0.2359375 0.4703125
16 0.75859375 0.8765625 0.3109375 0.246875
9 0.75546875 0.68515625 0.153125 0.05
12 0.72890625 0.63515625 0.18359375 0.0828125
7 0.746875 0.7046875 0.1390625 0.0859375
14 0.7609375 0.79453125 0.428125 0.4109375