16 0.2515625 0.07421875 0.2 0.1484375
10 0.13828125 0.18046875 0.06640625 0.0453125
10 0.38984375 0.16796875 0.0359375 0.0546875
6 0.21484375 0.3359375 0.08046875 0.10625
6 0.2703125 0.3046875 0.053125 0.08125
14 0.2546875 0.2015625 0.353125 0.403125
16 0.9125 0.2453125 0.1640625 0.16875
10 0.98828125 0.34921875 0.0234375 0.0421875
6 0.92578125 0.48046875 0.1359375 0.0578125
6 0.8375 0.45703125 0.06953125 0.0765625
12 0.91796875 0.0984375 0.1359375 0.0546875
7 0.953125 0.1390625 0.0640625 0.04375
14 0.8890625 0.28515625 0.221875 0.4484375
16 0.35703125 0.7 0.246875 0.2625
10 0.3296875 0.88046875 0.103125 0.0734375
6 0.1828125 0.98046875 0.228125 0.0390625
9 0.296875 0.5171875 0.071875 0.015625
7 0.3125 0.53984375 0.1 0.0609375
14 0.2984375 0.7546875 0.46875 0.490625
16 0.6328125 0.86796875 0.0875 0.2640625
14 0.67890625 0.79921875 0.1796875 0.4015625