16 0.2640625 0.13125 0.146875 0.1375
10 0.1625 0.2203125 0.04453125 0.034375
10 0.35703125 0.21875 0.03359375 0.046875
6 0.290625 0.3421875 0.06640625 0.08125
6 0.19375 0.3390625 0.05546875 0.08125
9 0.27265625 0.0265625 0.071875 0.01875
7 0.27109375 0.03828125 0.06953125 0.0359375
12 0.26640625 0.01015625 0.0828125 0.0203125
14 0.2609375 0.190625 0.259375 0.38125
14 0.69296875 0.309375 0.1265625 0.61875
10 0.6140625 0.6515625 0.03125 0.065625
6 0.44609375 0.87890625 0.171875 0.1390625
6 0.5390625 0.82109375 0.10859375 0.1015625
14 0.4609375 0.7921875 0.3375 0.346875