16 0.26015625 0.16171875 0.271875 0.2859375
10 0.4171875 0.31171875 0.046875 0.0734375
10 0.190625 0.3671875 0.1109375 0.075
6 0.3453125 0.48359375 0.19375 0.0328125
14 0.2578125 0.25 0.48125 0.5
9 0.74765625 0.3484375 0.07421875 0.0453125
8 0.9234375 0.328125 0.04296875 0.06015625
12 0.9171875 0.2734375 0.0890625 0.08671875
12 0.74765625 0.3 0.084375 0.071875
10 0.746875 0.41796875 0.03828125 0.0484375
10 0.78046875 0.42421875 0.03359375 0.04296875
14 0.90625 0.35859375 0.1875 0.2828125
14 0.76015625 0.3765625 0.1703125 0.246875
5 0.3046875 0.67109375 0.609375 0.3421875
0 0.652365278125 0.5 0.609375 0.518537178125 0.609375 0.8692414875000001 0.6814461406250001 1 0.7788729375 1 0.8587759921875 0.8519483734375001 0.8931452390625001 0.5411910093750001 0.8594295453124999 0.5 0.652365278125 0.5