16 0.0609375 0.33828125 0.121875 0.1078125
10 0.12734375 0.41015625 0.03046875 0.0328125
6 0.0125 0.4984375 0.025 0.05625
6 0.0796875 0.51015625 0.0640625 0.0640625
12 0.06328125 0.24296875 0.08046875 0.040625
9 0.07578125 0.2625 0.05546875 0.01875
7 0.071875 0.2703125 0.06640625 0.0359375
14 0.0796875 0.3828125 0.159375 0.3375
16 0.6703125 0.3703125 0.30546875 0.278125
10 0.5140625 0.5703125 0.10546875 0.084375
10 0.86328125 0.52578125 0.0640625 0.0765625
9 0.7046875 0.1609375 0.14453125 0.0390625
7 0.6921875 0.1828125 0.146875 0.0828125
12 0.68125 0.10625 0.2140625 0.0859375
14 0.66484375 0.3515625 0.4796875 0.596875
16 0.10078125 0.9828125 0.1890625 0.034375
12 0.1203125 0.909375 0.11640625 0.0703125
7 0.1203125 0.95390625 0.0859375 0.05
9 0.125 0.94453125 0.096875 0.028125
14 0.13203125 0.934375 0.2640625 0.13125
14 0.703125 0.76875 0.371875 0.2375
6 0.7703125 0.825 0.19453125 0.128125
6 0.63671875 0.7953125 0.103125 0.121875