16 0.11015625 0.1234375 0.2203125 0.246875
10 0.259375 0.26171875 0.05859375 0.0640625
6 0.1203125 0.48984375 0.09140625 0.1328125
14 0.14921875 0.28046875 0.2984375 0.5609375
16 0.625 0.2078125 0.23125 0.284375
10 0.7578125 0.3375 0.05546875 0.071875
6 0.58203125 0.62265625 0.1453125 0.1609375
9 0.703125 0.01484375 0.075 0.0296875
7 0.69453125 0.0359375 0.1078125 0.071875
14 0.659375 0.359375 0.3 0.71875
16 0.4140625 0.90625 0.190625 0.1875
12 0.3796875 0.7375 0.18125 0.0375
7 0.3359375 0.77421875 0.078125 0.0671875
7 0.36171875 0.859375 0.2953125 0.28125