16 0.46015625 0.22734375 0.2859375 0.2578125
10 0.32421875 0.3859375 0.0859375 0.06875
10 0.5953125 0.384375 0.046875 0.06875
9 0.46328125 0.0359375 0.1359375 0.0421875
7 0.46328125 0.0546875 0.121875 0.071875
12 0.465625 0.0140625 0.171875 0.028125
14 0.4265625 0.2296875 0.384375 0.459375
14 0.95 0.2296875 0.1 0.459375
14 0.2984375 0.7296875 0.45 0.540625
11 0.125 0.73359375 0.084375 0.084375
11 0.4515625 0.75390625 0.084375 0.09375
5 0.809375 0.60078125 0.38125 0.2828125
5 0.91875 0.875 0.1625 0.25