16 0.50703125 0.18671875 0.2046875 0.2828125
10 0.3578125 0.33828125 0.06640625 0.0671875
14 0.46328125 0.21484375 0.2921875 0.4296875
10 0.96953125 0.18125 0.053125 0.071875
6 0.97265625 0.37890625 0.0546875 0.1015625
14 0.9609375 0.21484375 0.078125 0.4296875
16 0.1859375 0.71875 0.28359375 0.30625
10 0.08515625 0.9265625 0.10859375 0.078125
10 0.3484375 0.87265625 0.053125 0.0765625
9 0.1921875 0.49609375 0.1359375 0.0453125
7 0.1765625 0.5171875 0.15546875 0.084375
12 0.13984375 0.45859375 0.2296875 0.0578125
14 0.20078125 0.71484375 0.4015625 0.5703125