14 0.23984375 0.31953125 0.4109375 0.6390625
16 0.29609375 0.240625 0.28046875 0.278125
10 0.103125 0.4078125 0.06640625 0.0625
6 0.1984375 0.603125 0.18125 0.071875
6 0.3453125 0.59296875 0.13125 0.0921875
12 0.24296875 0.01484375 0.2046875 0.0296875
14 0.84375 0.2828125 0.30625 0.565625
16 0.82109375 0.165625 0.246875 0.215625
10 0.821875 0.315625 0.071875 0.05
6 0.82109375 0.49296875 0.1640625 0.1265625
6 0.890625 0.45703125 0.125 0.1140625
9 0.88125 0.00546875 0.075 0.0109375
7 0.86640625 0.0203125 0.0859375 0.040625
5 0.2328125 0.965625 0.396875 0.06875