14 0.17421875 0.159375 0.1890625 0.31875
16 0.19375 0.03984375 0.15 0.0796875
10 0.18125 0.1203125 0.1140625 0.046875
6 0.20078125 0.26796875 0.1359375 0.1015625
14 0.73203125 0.08671875 0.5015625 0.1734375
15 0.8890625 0.1140625 0.21875 0.09140625
15 0.6546875 0.13203125 0.15390625 0.10078125
7 0.20390625 0.40859375 0.0453125 0.09453125
10 0.1296875 0.4484375 0.03984375 0.08046875
14 0.17109375 0.609375 0.1953125 0.58125
10 0.12578125 0.6390625 0.03125 0.071875
13 0.23046875 0.34140625 0.0703125 0.0453125
1 0.83203125 0.4015625 0.2390625 0.165625