16 0.3078125 0.15703125 0.24453125 0.2578125
10 0.2203125 0.3328125 0.0640625 0.06875
6 0.21953125 0.5109375 0.1921875 0.096875
6 0.4421875 0.49375 0.14140625 0.1125
7 0.228125 0.01328125 0.084375 0.0265625
14 0.32734375 0.2796875 0.3890625 0.559375
16 0.26953125 0.58984375 0.1578125 0.0609375
10 0.40078125 0.63203125 0.046875 0.0484375
10 0.18046875 0.640625 0.05546875 0.046875
6 0.225 0.77890625 0.05546875 0.0953125
6 0.30234375 0.76640625 0.10546875 0.0796875
14 0.296875 0.6953125 0.3 0.271875
16 0.85078125 0.6375 0.2984375 0.15625
10 0.7171875 0.7703125 0.1140625 0.0875
6 0.8671875 0.9453125 0.125 0.109375
12 0.809375 0.7796875 0.38125 0.440625