10 0.421875 0.0375 0.0359375 0.0375
10 0.26328125 0.046875 0.053125 0.04375
6 0.384375 0.16640625 0.06640625 0.0828125
6 0.28125 0.14140625 0.0609375 0.0765625
14 0.33515625 0.10546875 0.2296875 0.2109375
16 0.9390625 0.259375 0.121875 0.140625
10 0.8828125 0.35078125 0.046875 0.0421875
6 0.92265625 0.465625 0.0609375 0.06875
9 0.96015625 0.1546875 0.0796875 0.021875
12 0.9515625 0.13046875 0.096875 0.0421875
7 0.95546875 0.1640625 0.075 0.040625
14 0.915625 0.303125 0.16875 0.39375
1 0.5 0.75 0.315625 0.5
5 0.825 0.83046875 0.271875 0.3390625