14 0.3625 0.175 0.33125 0.35
16 0.378125 0.17109375 0.28359375 0.2734375
10 0.36875 0.334375 0.096875 0.03125
7 0.30859375 0.01875 0.1109375 0.0375
14 0.88828125 0.22265625 0.2234375 0.2546875
16 0.91015625 0.28984375 0.1796875 0.1203125
12 0.94140625 0.12734375 0.1171875 0.0765625
9 0.4140625 0.62265625 0.18984375 0.13203125
8 0.1671875 0.7609375 0.14921875 0.17578125
8 0.4296875 0.65625 0.1703125 0.21171875
13 0.17109375 0.60703125 0.15625 0.11796875
13 0.421875 0.4640625 0.19453125 0.115625
13 0.125 0.4265625 0.1390625 0.09375
13 0.6140625 0.4171875 0.13125 0.084375
14 0.20234375 0.7671875 0.2984375 0.465625
14 0.5046875 0.690625 0.35 0.61875
14 0.84140625 0.68125 0.3171875 0.6375
11 0.72734375 0.90390625 0.0953125 0.1046875
12 0.9234375 0.409375 0.153125 0.0875
8 0.93984375 0.47734375 0.1203125 0.0859375