16 0.38515625 0.09453125 0.2671875 0.1890625
10 0.534375 0.2203125 0.0640625 0.065625
10 0.2703125 0.22890625 0.075 0.0609375
6 0.48984375 0.4125 0.10859375 0.134375
6 0.33828125 0.415625 0.09453125 0.134375
14 0.3984375 0.2484375 0.371875 0.496875
1 0.86953125 0.18671875 0.2609375 0.3734375
9 0.5109375 0.9296875 0.45625 0.140625
8 0.50859375 0.9234375 0.4609375 0.153125
9 0.83359375 0.72109375 0.1890625 0.0984375
9 0.97421875 0.88203125 0.0515625 0.1109375
8 0.828125 0.77734375 0.178125 0.2109375
13 0.82734375 0.55859375 0.1765625 0.0796875
14 0.86953125 0.759375 0.2609375 0.48125
14 0.95546875 0.7984375 0.0890625 0.403125