16 0.06015625 0.1328125 0.1203125 0.19375
6 0.0546875 0.3765625 0.10625 0.103125
14 0.0859375 0.2296875 0.171875 0.459375
9 0.471875 0.06953125 0.40625 0.1390625
8 0.4140625 0.1796875 0.290625 0.359375
11 0.7921875 0.0859375 0.415625 0.171875
13 0.040625 0.61640625 0.0375 0.03359375
7 0.0421875 0.6609375 0.03515625 0.05625
14 0.053125 0.79765625 0.10625 0.4046875
13 0.66015625 0.61328125 0.25234375 0.1046875
8 0.65859375 0.76484375 0.22265625 0.25234375
3 0.478125 0.72734375 0.0671875 0.08046875
4 0.6734375 0.6890625 0.22109375 0.096875