16 0.28515625 0.03359375 0.1546875 0.0671875
10 0.1890625 0.08359375 0.04453125 0.0359375
10 0.39140625 0.08203125 0.03359375 0.0421875
6 0.2953125 0.2 0.0640625 0.08125
6 0.23203125 0.209375 0.053125 0.0875
14 0.28671875 0.1296875 0.2609375 0.259375
10 0.8453125 0.01953125 0.053125 0.0390625
6 0.7296875 0.14296875 0.06640625 0.0859375
6 0.86484375 0.14453125 0.146875 0.0796875
14 0.80703125 0.09453125 0.2671875 0.1890625
16 0.45 0.83125 0.2375 0.278125
9 0.50703125 0.62109375 0.1234375 0.0390625
7 0.50078125 0.64296875 0.1359375 0.0828125
12 0.478125 0.57421875 0.18125 0.0703125
14 0.40390625 0.76953125 0.3296875 0.4609375
16 0.9015625 0.76015625 0.196875 0.2765625
14 0.88671875 0.76953125 0.2265625 0.4609375