6 0.0875 0.01640625 0.065625 0.0328125
6 0.01484375 0.0109375 0.0296875 0.021875
16 0.59765625 0.20703125 0.24140625 0.2609375
10 0.61953125 0.3953125 0.103125 0.06875
6 0.6921875 0.503125 0.171875 0.03125
7 0.53359375 0.03984375 0.1140625 0.0765625
9 0.51015625 0.01640625 0.0859375 0.0328125
14 0.603125 0.259375 0.346875 0.51875
16 0.040625 0.79921875 0.08125 0.1421875
10 0.11015625 0.88515625 0.03359375 0.0421875
6 0.02265625 0.98125 0.0453125 0.0375
9 0.02421875 0.69375 0.0484375 0.01875
7 0.025 0.703125 0.05 0.040625
12 0.028125 0.66953125 0.05625 0.0390625
14 0.06796875 0.82578125 0.1359375 0.3484375