16 0.20703125 0.13125 0.125 0.109375
10 0.13359375 0.20390625 0.04453125 0.0390625
10 0.28046875 0.19609375 0.03359375 0.0359375
6 0.2125 0.3 0.046875 0.065625
6 0.153125 0.2921875 0.0390625 0.059375
9 0.21796875 0.05234375 0.0609375 0.0171875
7 0.215625 0.0578125 0.0640625 0.0390625
12 0.209375 0.0328125 0.08359375 0.0375
14 0.203125 0.17890625 0.21953125 0.334375
10 0.93046875 0.26484375 0.053125 0.0640625
14 0.94609375 0.23984375 0.1078125 0.4796875
1 0.20859375 0.87734375 0.3046875 0.2453125
1 0.5328125 0.70234375 0.25078125 0.371875
16 0.9515625 0.753125 0.096875 0.3375
14 0.93515625 0.73984375 0.1296875 0.5203125