16 0.440625 0.246875 0.415625 0.20625
12 0.4484375 0.02265625 0.278125 0.0453125
14 0.46015625 0.175 0.5390625 0.35
16 0.30390625 0.6 0.31640625 0.278125
10 0.459375 0.73828125 0.0390625 0.0609375
10 0.1515625 0.74375 0.05546875 0.05625
6 0.390625 0.95625 0.096875 0.0875
6 0.228125 0.95625 0.09375 0.0875
12 0.3015625 0.36796875 0.175 0.0359375
14 0.29921875 0.675 0.4359375 0.65
16 0.759375 0.50703125 0.059375 0.2265625
10 0.7890625 0.64765625 0.071875 0.0609375
6 0.746875 0.825 0.034375 0.128125
14 0.78203125 0.63046875 0.1046875 0.5609375