16 0.2578125 0.21953125 0.2859375 0.2765625
10 0.39375 0.3953125 0.0859375 0.065625
10 0.109375 0.38046875 0.071875 0.0640625
6 0.17890625 0.58828125 0.1359375 0.1421875
6 0.33671875 0.59296875 0.0890625 0.1328125
9 0.24609375 0.0171875 0.1546875 0.034375
7 0.24765625 0.040625 0.1453125 0.08125
14 0.253125 0.3296875 0.4125 0.659375
0 0.70546875 0.609375 0.1390625 0.05078125
0 0.859375 0.57734375 0.08203125 0.09453125
14 0.22421875 0.896875 0.3421875 0.20625
16 0.22109375 0.95546875 0.2328125 0.0890625
12 0.22109375 0.8234375 0.1359375 0.0546875
16 0.73125 0.884375 0.278125 0.23125
9 0.73515625 0.71015625 0.128125 0.040625
7 0.73671875 0.72890625 0.125 0.0734375
12 0.734375 0.68046875 0.175 0.0421875
14 0.7296875 0.8296875 0.428125 0.340625