16 0.08828125 0.33203125 0.1765625 0.1953125
9 0.05078125 0.175 0.1015625 0.040625
7 0.04921875 0.196875 0.0984375 0.075
12 0.0546875 0.12578125 0.109375 0.0765625
14 0.1203125 0.25859375 0.240625 0.3421875
16 0.68203125 0.31953125 0.2890625 0.2203125
9 0.6625 0.153125 0.153125 0.0375
7 0.671875 0.1703125 0.153125 0.0890625
12 0.6640625 0.09921875 0.175 0.084375
14 0.678125 0.2453125 0.428125 0.36875
16 0.1140625 0.5125 0.140625 0.165625
6 0.10390625 0.93984375 0.0515625 0.0703125
6 0.153125 0.93515625 0.05 0.0796875
14 0.13671875 0.7078125 0.2734375 0.55625
9 0.48125 0.459375 0.271875 0.059375
8 0.4546875 0.51953125 0.2375 0.1796875
14 0.6546875 0.71484375 0.690625 0.5703125
3 0.634375 0.471875 0.084375 0.084375