16 0.371875 0.20859375 0.25 0.2515625
10 0.36484375 0.3828125 0.096875 0.071875
10 0.26640625 0.3609375 0.05546875 0.053125
6 0.42734375 0.51875 0.0890625 0.040625
9 0.25390625 0.0265625 0.0890625 0.03125
7 0.2703125 0.0453125 0.103125 0.0703125
14 0.34296875 0.26953125 0.3140625 0.5390625
16 0.92421875 0.12578125 0.1515625 0.2171875
10 0.821875 0.2375 0.053125 0.053125
6 0.9375 0.4453125 0.08359375 0.109375
6 0.98203125 0.40078125 0.0359375 0.0890625
14 0.88828125 0.25078125 0.2234375 0.5015625
16 0.46328125 0.5609375 0.1390625 0.04375
10 0.55 0.5953125 0.021875 0.0375
10 0.38984375 0.59453125 0.046875 0.0390625
6 0.41796875 0.696875 0.053125 0.065625
6 0.4828125 0.7125 0.05546875 0.075
14 0.4609375 0.65234375 0.25 0.2265625
16 0.79375 0.59921875 0.178125 0.1203125
10 0.90390625 0.67734375 0.046875 0.0484375
10 0.7125 0.68828125 0.046875 0.0453125
6 0.78046875 0.80703125 0.06640625 0.0859375
6 0.86796875 0.8203125 0.06953125 0.0875
14 0.8 0.70703125 0.278125 0.3359375