16 0.228125 0.315625 0.29140625 0.265625
10 0.37734375 0.4765625 0.0703125 0.065625
10 0.0984375 0.47890625 0.084375 0.0609375
9 0.20625 0.12578125 0.1390625 0.0375
7 0.2078125 0.1421875 0.13359375 0.0671875
12 0.20859375 0.0734375 0.175 0.0859375
14 0.22734375 0.2703125 0.4453125 0.478125
11 0.76171875 0.31171875 0.4515625 0.384375
8 0.684375 0.04765625 0.259375 0.0953125
16 0.27890625 0.8046875 0.1609375 0.24375
12 0.259375 0.56796875 0.0875 0.0765625
14 0.225 0.7546875 0.45 0.490625
16 0.7671875 0.7625 0.29140625 0.284375
10 0.93125 0.9203125 0.05859375 0.06875
10 0.6546875 0.95703125 0.1109375 0.0703125
9 0.76171875 0.55390625 0.146875 0.04375
7 0.753125 0.57421875 0.1609375 0.090625
12 0.71484375 0.528125 0.2203125 0.0375
14 0.7625 0.7546875 0.475 0.490625