16 0.11484375 0.0609375 0.1890625 0.121875
6 0.0703125 0.28984375 0.071875 0.0953125
6 0.1859375 0.290625 0.08125 0.103125
14 0.134375 0.17421875 0.26875 0.3484375
1 0.95390625 0.07421875 0.0921875 0.1484375
14 0.43828125 0.3546875 0.0984375 0.709375
14 0.8953125 0.3546875 0.209375 0.709375
14 0.09453125 0.8546875 0.1859375 0.290625
14 0.325 0.8546875 0.128125 0.290625
11 0.28671875 0.7359375 0.0265625 0.053125
15 0.14296875 0.8734375 0.06875 0.078125
15 0.09453125 0.965625 0.0578125 0.06875
15 0.31328125 0.97109375 0.0765625 0.0578125
7 0.6734375 0.74453125 0.03203125 0.05703125
14 0.50546875 0.7953125 0.0640625 0.171875
14 0.81640625 0.83125 0.1359375 0.24375
14 0.68203125 0.8546875 0.0890625 0.290625
10 0.68671875 0.965625 0.0234375 0.06875
10 0.66015625 0.965625 0.0234375 0.06875
11 0.84140625 0.76328125 0.01875 0.03046875
11 0.82734375 0.7578125 0.01875 0.03046875
11 0.49140625 0.775 0.0125 0.02890625
11 0.509375 0.728125 0.01484375 0.021875
15 0.76640625 0.92890625 0.03046875 0.053125
15 0.496875 0.85859375 0.021875 0.0484375
15 0.5171875 0.85 0.01953125 0.05703125