10 0.15546875 0.09609375 0.0640625 0.0546875
6 0.2203125 0.2390625 0.078125 0.109375
14 0.1953125 0.18203125 0.1875 0.3640625
16 0.60390625 0.20078125 0.1796875 0.3171875
14 0.59765625 0.21953125 0.6171875 0.4390625
16 0.20703125 0.8375 0.1640625 0.325
14 0.17734375 0.75546875 0.2234375 0.4890625
16 0.5921875 0.49921875 0.128125 0.1171875
10 0.66484375 0.56328125 0.0390625 0.0390625
10 0.5296875 0.56796875 0.046875 0.0328125
6 0.615625 0.66640625 0.0640625 0.0609375
6 0.55625 0.67265625 0.04453125 0.0640625
12 0.6265625 0.4453125 0.08125 0.0125
14 0.596875 0.575 0.2 0.271875