16 0.29453125 0.32734375 0.3109375 0.3390625
10 0.4140625 0.54609375 0.071875 0.0734375
12 0.31328125 0.040625 0.2703125 0.08125
7 0.375 0.11171875 0.13046875 0.09375
14 0.2953125 0.3546875 0.38125 0.709375
16 0.75859375 0.33359375 0.1390625 0.2984375
10 0.85625 0.48359375 0.05 0.0734375
6 0.7890625 0.68203125 0.2 0.0546875
9 0.73671875 0.096875 0.0953125 0.046875
7 0.7296875 0.12265625 0.08125 0.0953125
12 0.728125 0.04921875 0.078125 0.0984375
14 0.80390625 0.3546875 0.2296875 0.709375
12 0.44609375 0.81328125 0.2609375 0.10625
7 0.49765625 0.90234375 0.15 0.0984375
14 0.4546875 0.87890625 0.425 0.2421875
16 0.87421875 0.765625 0.2515625 0.1125
10 0.7765625 0.8640625 0.1 0.065625
14 0.84453125 0.8546875 0.3109375 0.290625