16 0.2890625 0.04375 0.325 0.0875
10 0.45859375 0.09765625 0.0421875 0.0640625
10 0.16015625 0.096875 0.05 0.0625
6 0.4078125 0.33046875 0.10546875 0.1234375
6 0.2453125 0.33046875 0.096875 0.1234375
14 0.28046875 0.19921875 0.3984375 0.3984375
16 0.928125 0.11875 0.14375 0.2375
10 0.853125 0.2640625 0.06953125 0.05625
14 0.90078125 0.209375 0.1984375 0.41875
16 0.38359375 0.615625 0.1921875 0.26875
10 0.31953125 0.80234375 0.10546875 0.0703125
6 0.3703125 0.9640625 0.096875 0.071875
9 0.41640625 0.4234375 0.1265625 0.009375
7 0.41328125 0.44609375 0.1328125 0.0546875
14 0.334375 0.709375 0.290625 0.58125
16 0.621875 0.5375 0.284375 0.2375
10 0.778125 0.69140625 0.071875 0.0671875
10 0.5109375 0.69140625 0.0625 0.0609375
6 0.728125 0.8921875 0.1109375 0.146875
6 0.5671875 0.8921875 0.1 0.140625
14 0.66015625 0.69140625 0.3609375 0.5453125