16 0.4296875 0.26015625 0.178125 0.1515625
10 0.53984375 0.35390625 0.046875 0.0484375
10 0.3484375 0.36484375 0.046875 0.0453125
12 0.42578125 0.12265625 0.1109375 0.0453125
9 0.43125 0.14921875 0.078125 0.0234375
7 0.4328125 0.1609375 0.075 0.0390625
14 0.4359375 0.2734375 0.278125 0.353125
2 0.88125 0.1859375 0.2296875 0.334375
16 0.33359375 0.77109375 0.1890625 0.1546875
10 0.24453125 0.8734375 0.05 0.040625
10 0.4390625 0.8625 0.03359375 0.040625
6 0.3984375 0.98203125 0.075 0.0359375
6 0.31171875 0.975 0.0578125 0.05
9 0.334375 0.65703125 0.075 0.0234375
7 0.33203125 0.6671875 0.078125 0.04375
12 0.325 0.62890625 0.10546875 0.0453125
14 0.3328125 0.803125 0.28125 0.39375
5 0.81953125 0.7875 0.3609375 0.425