16 0.090625 0.16640625 0.18125 0.1671875
6 0.1234375 0.4171875 0.071875 0.084375
6 0.01875 0.39765625 0.0375 0.0765625
12 0.10625 0.03046875 0.11875 0.0609375
14 0.12421875 0.2296875 0.2484375 0.459375
1 0.8640625 0.3 0.271875 0.31875
16 0.0640625 0.69765625 0.128125 0.2953125
10 0.12734375 0.84453125 0.053125 0.0640625
14 0.1140625 0.7296875 0.228125 0.540625
16 0.56171875 0.54140625 0.2578125 0.1640625
10 0.5 0.65859375 0.071875 0.0640625
6 0.528125 0.8671875 0.2 0.121875
14 0.5609375 0.69921875 0.321875 0.4796875