16 0.23671875 0.34765625 0.15 0.1390625
10 0.1359375 0.43203125 0.04140625 0.0390625
10 0.3609375 0.43125 0.04140625 0.040625
6 0.1953125 0.5703125 0.0609375 0.090625
6 0.25390625 0.55390625 0.0609375 0.0765625
12 0.26328125 0.2421875 0.09453125 0.0625
7 0.25625 0.278125 0.06953125 0.028125
14 0.25390625 0.41484375 0.29140625 0.41875
16 0.6390625 0.1421875 0.11875 0.265625
10 0.825 0.28203125 0.0640625 0.0640625
6 0.6953125 0.55234375 0.13359375 0.1703125
14 0.72890625 0.3265625 0.2984375 0.653125
16 0.4140625 0.9 0.284375 0.2
14 0.41015625 0.875 0.3390625 0.25
6 0.76015625 0.7734375 0.0609375 0.046875
6 0.85234375 0.77578125 0.0671875 0.0515625