14 0.06875 0.14765625 0.1375 0.2953125
6 0.05390625 0.2171875 0.1078125 0.121875
12 0.453125 0.05 0.06875 0.1
12 0.740625 0.1078125 0.23125 0.215625
16 0.51796875 0.290625 0.1984375 0.296875
16 0.884375 0.31875 0.23125 0.240625
14 0.7984375 0.21953125 0.403125 0.4390625
14 0.5375 0.21953125 0.2375 0.4390625
9 0.73671875 0.15859375 0.1890625 0.190625
1 0.86171875 0.10625 0.08515625 0.1453125
1 0.46875 0.17421875 0.07265625 0.08671875
14 0.28828125 0.6515625 0.1421875 0.425
15 0.2734375 0.828125 0.0375 0.09453125
15 0.30625 0.7984375 0.03671875 0.08046875
7 0.703125 0.5375 0.02421875 0.040625
14 0.70625 0.63515625 0.09453125 0.2625
14 0.63046875 0.76953125 0.1140625 0.4609375
10 0.5796875 0.91796875 0.03046875 0.071875
13 0.6328125 0.55234375 0.05078125 0.0359375
13 0.7046875 0.50234375 0.02578125 0.028125
11 0.70859375 0.63984375 0.0234375 0.03359375
11 0.7125 0.6328125 0.01796875 0.03046875