16 0.2109375 0.21328125 0.24453125 0.2609375
10 0.1078125 0.3671875 0.0609375 0.046875
10 0.2234375 0.39375 0.09140625 0.071875
9 0.09375 0.03203125 0.08359375 0.0375
12 0.14921875 0.00859375 0.1859375 0.0171875
7 0.1078125 0.05 0.1109375 0.071875
14 0.171875 0.25 0.34375 0.5
10 0.9 0.03515625 0.0390625 0.0609375
10 0.54453125 0.04921875 0.0609375 0.0703125
6 0.6828125 0.30859375 0.1890625 0.1453125
6 0.80234375 0.275 0.078125 0.125
14 0.72265625 0.1984375 0.4640625 0.396875
6 0.03046875 0.5109375 0.0609375 0.021875
16 0.93671875 0.78046875 0.1265625 0.1796875
10 0.853125 0.8984375 0.05859375 0.046875
9 0.96484375 0.6421875 0.0703125 0.028125
7 0.96796875 0.65859375 0.0640625 0.0546875
12 0.95390625 0.61171875 0.0921875 0.0546875
14 0.9046875 0.79296875 0.190625 0.4140625