16 0.44921875 0.04609375 0.2203125 0.0921875
6 0.39375 0.309375 0.175 0.13125
6 0.5046875 0.35625 0.109375 0.14375
14 0.4265625 0.21953125 0.265625 0.4390625
1 0.6765625 0.171875 0.234375 0.34375
5 0.2796875 0.80234375 0.559375 0.3953125
14 0.83359375 0.70703125 0.1890625 0.5359375
14 0.9546875 0.71953125 0.090625 0.5609375
11 0.82734375 0.46640625 0.0328125 0.0546875
11 0.92265625 0.53828125 0.0234375 0.04296875
15 0.828125 0.92265625 0.04453125 0.09453125
15 0.8921875 0.8953125 0.065625 0.078125