10 0.06484375 0.0578125 0.0859375 0.06875
10 0.35078125 0.05625 0.075 0.06875
6 0.28984375 0.2578125 0.10859375 0.146875
6 0.12734375 0.25390625 0.09453125 0.1421875
14 0.2140625 0.17109375 0.428125 0.3421875
2 0.6890625 0.4890625 1 0.4890625 1 0 0.70004595625 0 0.69453125 0.0078125 0.6890625 0.0096354171875 0.6890625 0.0440104171875 0.696875 0.05859375 0.71484375 0.0640625 0.728125 0.08046875 0.8359375 0.24296875 0.8296875 0.26640625 0.80234375 0.2671875 0.7765625 0.30703125 0.77734375 0.31875 0.8046875 0.32890625 0.8046875 0.34453125 0.759375 0.42578125 0.7453125 0.43203125 0.7359375 0.46640625 0.6890625 0.47295866875000003 0.6890625 0.4890625
16 0.503125 0.778125 0.3109375 0.29375
10 0.66953125 0.93984375 0.0390625 0.0765625
10 0.3953125 0.971875 0.109375 0.05625
9 0.51171875 0.5578125 0.153125 0.040625
7 0.49609375 0.5796875 0.153125 0.0953125
12 0.46796875 0.52109375 0.2046875 0.0640625
14 0.46796875 0.74453125 0.4421875 0.5109375
2 0.6890625 0.4890625 0.6890625 1 0.9675967265625001 1 0.971875 0.99609375 0.98203125 0.9765625 1 0.98055555625 1 0.873759190625 0.97421875 0.8671875 0.9671875 0.84609375 0.9578125 0.84296875 0.95625 0.83046875 0.94609375 0.8265625 0.89375 0.76953125 0.89375 0.75703125 0.91328125 0.7484375 0.96796875 0.75 0.9921875 0.74453125 0.9890625 0.73515625 0.996875 0.72890625 0.996875 0.71484375 0.9859375 0.67578125 0.96796875 0.6703125 0.94296875 0.6734375 0.925 0.64140625 0.90546875 0.6265625 0.81015625 0.6109375 0.80390625 0.615625 0.7859375 0.60703125 0.7859375 0.4890625 0.6890625 0.4890625