16 0.0296875 0.2390625 0.059375 0.309375
10 0.06328125 0.44296875 0.08359375 0.0703125
12 0.096875 0.259375 0.19375 0.51875
2 0.75546875 0.071875 0.73984375 0.065625 0.7375 0.07578125 0.75625 0.09453125 0.7796875 0.14453125 0.77734375 0.15625 0.75390625 0.1546875 0.7453125 0.16328125 0.75078125 0.171875 0.76328125 0.165625 0.790625 0.19140625 0.78828125 0.196875 0.7734375 0.19765625 0.784375 0.23359375 0.7640625 0.23828125 0.784375 0.24609375 0.778125 0.33515625 0.771875 0.34765625 0.76875 0.46484375 0.778125 0.48515625 0.79375 0.48984375 0.8078125 0.47265625 0.8125 0.42890625 0.815625 0.23359375 0.79375 0.13046875 0.7734375 0.09140625 0.75546875 0.071875
16 0.06875 0.590625 0.1375 0.14375
10 0.175 0.67421875 0.04453125 0.0453125
10 0.00625 0.690625 0.0125 0.04375
6 0.09140625 0.80625 0.1109375 0.08125
6 0.0359375 0.825 0.071875 0.0875
14 0.096875 0.69609375 0.19375 0.3546875
16 0.65 0.8296875 0.24140625 0.325
10 0.80234375 0.96796875 0.0578125 0.0640625
7 0.703125 0.61484375 0.14140625 0.0890625
9 0.72109375 0.59296875 0.1 0.0421875
12 0.65078125 0.5515625 0.2859375 0.065625
14 0.6625 0.759375 0.3875 0.48125