16 0.3140625 0.03671875 0.328125 0.0734375
10 0.48984375 0.08046875 0.0390625 0.0671875
10 0.18203125 0.0765625 0.053125 0.0625
14 0.30078125 0.1 0.4171875 0.2
16 0.17890625 0.5515625 0.253125 0.26875
10 0.109375 0.7171875 0.06953125 0.059375
6 0.13359375 0.92578125 0.20546875 0.1234375
6 0.1625 0.878125 0.19140625 0.109375
7 0.140625 0.37890625 0.10546875 0.0734375
12 0.19296875 0.31015625 0.196875 0.0765625
14 0.16796875 0.63125 0.3359375 0.73125
16 0.646875 0.4625 0.275 0.25625
10 0.8046875 0.62265625 0.071875 0.0671875
10 0.53359375 0.63359375 0.0484375 0.0703125
6 0.56328125 0.84296875 0.0890625 0.1515625
6 0.728125 0.83046875 0.1140625 0.1421875
12 0.64140625 0.2296875 0.1953125 0.059375
9 0.6390625 0.2671875 0.13046875 0.0390625
7 0.63828125 0.28125 0.1359375 0.075
14 0.696875 0.56015625 0.375 0.7203125