16 0.51953125 0.2609375 0.1984375 0.246875
10 0.3703125 0.40390625 0.05 0.0640625
12 0.50703125 0.046875 0.18359375 0.0703125
14 0.47265625 0.25390625 0.2921875 0.4921875
16 0.2046875 0.65703125 0.178125 0.1515625
10 0.31484375 0.75078125 0.046875 0.0484375
10 0.1234375 0.76171875 0.046875 0.0453125
6 0.19140625 0.88046875 0.06640625 0.0859375
6 0.27890625 0.89375 0.06953125 0.0875
12 0.20078125 0.52109375 0.1109375 0.0421875
9 0.20625 0.54609375 0.078125 0.0234375
7 0.2078125 0.5578125 0.075 0.0390625
14 0.2109375 0.72421875 0.278125 0.4484375
16 0.98046875 0.61015625 0.0390625 0.1328125
10 0.9421875 0.696875 0.05546875 0.040625
6 0.96796875 0.80078125 0.0640625 0.0703125
14 0.95078125 0.68359375 0.0984375 0.3671875