16 0.10703125 0.08359375 0.2140625 0.1671875
10 0.23203125 0.18359375 0.053125 0.0453125
10 0.0265625 0.19453125 0.053125 0.0421875
6 0.2140625 0.32890625 0.0890625 0.0953125
6 0.096875 0.334375 0.071875 0.096875
14 0.13671875 0.19453125 0.2734375 0.3890625
14 0.75234375 0.2640625 0.3171875 0.528125
16 0.76328125 0.08984375 0.2671875 0.1796875
10 0.7125 0.22109375 0.09453125 0.0734375
6 0.75 0.44921875 0.20859375 0.13125
14 0.18671875 0.79296875 0.3734375 0.3859375
15 0.1484375 0.90234375 0.103125 0.09375
15 0.25703125 0.92265625 0.09609375 0.09140625
11 0.33046875 0.66796875 0.06953125 0.0484375
11 0.0109375 0.67890625 0.021875 0.0453125
14 0.88515625 0.803125 0.2296875 0.39375
16 0.9078125 0.88203125 0.184375 0.2359375
9 0.8796875 0.6984375 0.1109375 0.0328125
7 0.88671875 0.7171875 0.1140625 0.0703125
12 0.91796875 0.65 0.1640625 0.075