16 0.13515625 0.03671875 0.1078125 0.0734375
10 0.0921875 0.084375 0.0390625 0.025
10 0.19375 0.08203125 0.0359375 0.0265625
6 0.17578125 0.17109375 0.05546875 0.0578125
6 0.10234375 0.15703125 0.04140625 0.0453125
14 0.1359375 0.10234375 0.146875 0.2046875
1 0.8296875 0.309375 0.340625 0.61875
16 0.14453125 0.76484375 0.125 0.1078125
10 0.07109375 0.83515625 0.03359375 0.0296875
10 0.21171875 0.83671875 0.03046875 0.0328125
6 0.090625 0.925 0.0390625 0.05625
6 0.1640625 0.93671875 0.0640625 0.0640625
12 0.14765625 0.66953125 0.08046875 0.040625
9 0.16015625 0.6890625 0.05546875 0.01875
7 0.15625 0.696875 0.06640625 0.0359375
14 0.1421875 0.809375 0.203125 0.3375
10 0.81875 0.70703125 0.0859375 0.0734375
6 0.8390625 0.9390625 0.228125 0.121875
6 0.66328125 0.87265625 0.14140625 0.1390625
14 0.77265625 0.81953125 0.4359375 0.3609375