14 0.27890625 0.2546875 0.3453125 0.509375
16 0.2375 0.2140625 0.221875 0.25625
10 0.4125 0.37265625 0.0609375 0.0671875
12 0.2703125 0.0140625 0.184375 0.028125
16 0.4078125 0.5703125 0.203125 0.121875
10 0.296875 0.64765625 0.075 0.0609375
6 0.4109375 0.8640625 0.13046875 0.10625
14 0.371875 0.7171875 0.275 0.415625
16 0.6078125 0.5671875 0.196875 0.115625
10 0.7171875 0.59609375 0.05859375 0.0765625
10 0.53125 0.7046875 0.04375 0.090625
6 0.571875 0.91328125 0.125 0.1734375
6 0.5875 0.85625 0.15 0.15625
14 0.65625 0.7546875 0.29375 0.490625