16 0.4171875 0.03828125 0.178125 0.0765625
10 0.32734375 0.1078125 0.053125 0.046875
10 0.534375 0.0875 0.028125 0.05
6 0.48984375 0.25234375 0.08359375 0.1015625
6 0.378125 0.22734375 0.06640625 0.0921875
14 0.4234375 0.15390625 0.290625 0.3078125
16 0.82734375 0.296875 0.178125 0.159375
10 0.70078125 0.3796875 0.04140625 0.040625
10 0.9046875 0.3859375 0.0390625 0.04375
6 0.8453125 0.5125 0.06953125 0.06875
6 0.7625 0.51328125 0.071875 0.0921875
12 0.81328125 0.15546875 0.10546875 0.0421875
12 0.80546875 0.346875 0.2640625 0.425
16 0.18046875 0.88515625 0.2359375 0.2078125
10 0.325 0.990625 0.046875 0.01875
9 0.215625 0.728125 0.1 0.03125
7 0.209375 0.74453125 0.096875 0.0625
12 0.203125 0.68984375 0.1359375 0.0609375
14 0.18125 0.828125 0.3625 0.34375