14 0.30390625 0.3296875 0.1515625 0.2
16 0.3078125 0.3296875 0.09453125 0.090625
6 0.25078125 0.3875 0.03046875 0.028125
6 0.37265625 0.3828125 0.0140625 0.03125
9 0.3046875 0.2625 0.05 0.0125
7 0.30625 0.26953125 0.04453125 0.028125
12 0.3046875 0.246875 0.05546875 0.028125
6 0.7875 0.05390625 0.06953125 0.0953125
6 0.8546875 0.03046875 0.05625 0.0609375
5 0.18984375 0.68671875 0.3796875 0.5140625
16 0.5671875 0.62265625 0.15546875 0.1390625
10 0.47109375 0.71328125 0.053125 0.0421875
10 0.66015625 0.71015625 0.04140625 0.0390625
6 0.59375 0.8328125 0.06953125 0.078125
6 0.5015625 0.83125 0.053125 0.075
9 0.57421875 0.51875 0.078125 0.0203125
7 0.57109375 0.528125 0.071875 0.0421875
12 0.56875 0.496875 0.1 0.0328125
14 0.56875 0.67734375 0.271875 0.40625