16 0.2421875 0.05859375 0.31875 0.1171875
10 0.3234375 0.175 0.09140625 0.078125
6 0.25234375 0.4171875 0.2671875 0.165625
6 0.30703125 0.35078125 0.11953125 0.1078125
14 0.2515625 0.25 0.396875 0.5
2 0.78203125 0.3234375 0.3171875 0.353125
16 0.3515625 0.67265625 0.278125 0.2578125
10 0.48125 0.8328125 0.0375 0.06875
10 0.2234375 0.83359375 0.0890625 0.0703125
6 0.2796875 0.9796875 0.109375 0.040625
6 0.4390625 0.978125 0.103125 0.04375
7 0.35625 0.5203125 0.125 0.040625
14 0.31796875 0.75 0.3640625 0.5
16 0.8796875 0.58515625 0.240625 0.1703125
6 0.91328125 0.9453125 0.1734375 0.109375
6 0.88828125 0.90390625 0.2234375 0.1359375
14 0.87109375 0.75 0.2578125 0.5