14 0.3953125 0.3296875 0.340625 0.659375
16 0.41015625 0.20859375 0.29453125 0.2609375
10 0.4421875 0.38125 0.09140625 0.071875
10 0.26171875 0.34609375 0.05859375 0.0578125
6 0.4453125 0.59140625 0.153125 0.1359375
6 0.34609375 0.55 0.1640625 0.1203125
9 0.32890625 0.01640625 0.1046875 0.0328125
7 0.33515625 0.03671875 0.11953125 0.071875
5 0.884375 0.4265625 0.23125 0.465625
9 0.13359375 0.86328125 0.2640625 0.1421875
8 0.14375 0.89375 0.24375 0.2125
13 0.14609375 0.7140625 0.2671875 0.109375
3 0.82109375 0.8828125 0.1046875 0.20625