16 0.078125 0.19921875 0.15625 0.2671875
10 0.04375 0.40078125 0.0859375 0.0671875
7 0.103125 0.028125 0.096875 0.05625
14 0.1515625 0.25 0.303125 0.5
1 0.86875 0.02421875 0.090625 0.0484375
14 0.74453125 0.25 0.5109375 0.5
16 0.8203125 0.27109375 0.359375 0.4578125
10 0.725 0.20703125 0.1015625 0.21015625
14 0.30390625 0.75 0.3421875 0.5
14 0.6140625 0.7546875 0.25 0.490625
16 0.61484375 0.815625 0.2515625 0.271875
12 0.58203125 0.5546875 0.1859375 0.078125
3 0.59375 0.61484375 0.03359375 0.04375