16 0.40703125 0.14453125 0.1859375 0.2890625
14 0.38515625 0.2 0.2296875 0.4
16 0.87890625 0.309375 0.2421875 0.18125
9 0.865625 0.15078125 0.13359375 0.040625
7 0.87734375 0.17109375 0.14140625 0.084375
12 0.8953125 0.0953125 0.20859375 0.0921875
14 0.8421875 0.2234375 0.315625 0.353125
16 0.11328125 0.44921875 0.2265625 0.0984375
10 0.228125 0.5 0.028125 0.046875
6 0.17109375 0.67265625 0.075 0.0984375
6 0.0625 0.70234375 0.08046875 0.1078125
14 0.1390625 0.5796875 0.278125 0.359375
16 0.78828125 0.48671875 0.3078125 0.1734375
10 0.8875 0.5765625 0.05 0.05625
10 0.5875 0.56796875 0.071875 0.0640625
6 0.63046875 0.77734375 0.10859375 0.1265625
6 0.775 0.809375 0.10859375 0.125
14 0.76328125 0.63984375 0.4453125 0.4796875