10 0.44375 0.06875 0.071875 0.084375
6 0.3453125 0.33046875 0.2359375 0.1515625
6 0.2328125 0.28359375 0.16640625 0.1359375
14 0.2953125 0.2140625 0.496875 0.428125
10 0.72578125 0.17109375 0.05 0.0640625
6 0.6515625 0.39609375 0.11875 0.0859375
14 0.6875 0.21953125 0.196875 0.4390625
12 0.23454861093749999 0.4390625 0.23454861093749999 0.4404296875 0.2310763890625 0.4423828125 0.22760416718749998 0.4482421875 0.220659721875 0.4521484375 0.220659721875 0.4541015625 0.2328125 0.4609375 0.236284721875 0.4609375 0.23975694375 0.462890625 0.25711805625 0.462890625 0.260590278125 0.46484375 0.2744791671875 0.46484375 0.2779513890625 0.466796875 0.2953125 0.466796875 0.298784721875 0.46875 0.3161458328125 0.46875 0.31961805625 0.470703125 0.3404513890625 0.470703125 0.3439236109375 0.47265625 0.354340278125 0.47265625 0.3578125 0.474609375 0.3682291671875 0.474609375 0.3717013890625 0.4765625 0.385590278125 0.4765625 0.3890625 0.478515625 0.4064236109375 0.478515625 0.40989583281249997 0.48046875 0.42725694374999995 0.48046875 0.43072916718750004 0.482421875 0.448090278125 0.482421875 0.4515625 0.484375 0.5244791671875 0.484375 0.526215278125 0.4833984375 0.526215278125 0.4736328125 0.5192708328125 0.4697265625 0.5192708328125 0.4619140625 0.5227430562500001 0.4599609375 0.5227430562500001 0.4462890625 0.526215278125 0.4443359375 0.526215278125 0.4390625 0.23454861093749999 0.4390625
9 0.44461805625000006 0.5546875 0.448090278125 0.5546875 0.4532986109375 0.5517578125 0.4532986109375 0.5498046875 0.4671875 0.5419921875 0.4671875 0.5322265625 0.470659721875 0.5302734375 0.4671875 0.5244140625 0.47760416718750004 0.5146484375 0.47413194374999995 0.5126953125 0.47413194374999995 0.5107421875 0.4671875 0.5068359375 0.4671875 0.5048828125 0.46197916718750004 0.501953125 0.45850694374999995 0.501953125 0.455034721875 0.5 0.4515625 0.5 0.4342013890625 0.494140625 0.416840278125 0.494140625 0.41336805625000006 0.4921875 0.361284721875 0.4921875 0.3578125 0.490234375 0.3473958328125 0.490234375 0.3439236109375 0.4921875 0.3369791671875 0.4921875 0.33350694375 0.490234375 0.2814236109375 0.490234375 0.2779513890625 0.4921875 0.267534721875 0.4921875 0.2640625 0.490234375 0.260590278125 0.4921875 0.2501736109375 0.4921875 0.2467013890625 0.494140625 0.24322916718749998 0.494140625 0.22760416718749998 0.5029296875 0.22760416718749998 0.5048828125 0.220659721875 0.5068359375 0.220659721875 0.5087890625 0.2154513890625 0.51171875 0.205034721875 0.513671875 0.19288194375 0.5205078125 0.19288194375 0.5283203125 0.1998263890625 0.5322265625 0.1998263890625 0.5361328125 0.21371527812500002 0.5478515625 0.21371527812500002 0.5517578125 0.2171875 0.5537109375 0.2171875 0.5576171875 0.220659721875 0.5595703125 0.220659721875 0.5634765625 0.22586805625 0.564453125 0.236284721875 0.5703125 0.2779513890625 0.5703125 0.2814236109375 0.572265625 0.2848958328125 0.5703125 0.291840278125 0.5703125 0.3092013890625 0.560546875 0.3126736109375 0.560546875 0.3161458328125 0.55859375 0.33350694375 0.55859375 0.345659721875 0.5654296875 0.345659721875 0.5673828125 0.3578125 0.572265625 0.3994791671875 0.572265625 0.401215278125 0.5712890625 0.4029513890625 0.5703125 0.43072916718750004 0.5703125 0.44288194374999995 0.5634765625 0.439409721875 0.5615234375 0.439409721875 0.5576171875 0.44461805625000006 0.5546875
7 0.392534721875 0.638671875 0.3994791671875 0.634765625 0.40989583281249997 0.6328125 0.42899305625000006 0.6220703125 0.42899305625000006 0.6201171875 0.4359375 0.6162109375 0.439409721875 0.6103515625 0.44635416718750004 0.6064453125 0.44635416718750004 0.6044921875 0.4498263890625 0.6025390625 0.4498263890625 0.5986328125 0.448090278125 0.59765625 0.44114583281249997 0.59765625 0.4359375 0.5947265625 0.4359375 0.5908203125 0.439409721875 0.5888671875 0.439409721875 0.5849609375 0.44288194374999995 0.5830078125 0.44288194374999995 0.5791015625 0.44635416718750004 0.5771484375 0.44635416718750004 0.5732421875 0.4498263890625 0.5712890625 0.4498263890625 0.5673828125 0.44461805625000006 0.564453125 0.44114583281249997 0.56640625 0.4376736109375 0.56640625 0.42725694374999995 0.572265625 0.4203125 0.572265625 0.416840278125 0.5703125 0.4064236109375 0.5703125 0.4029513890625 0.572265625 0.361284721875 0.572265625 0.3578125 0.57421875 0.3057291671875 0.57421875 0.30225694375 0.572265625 0.27100694375 0.572265625 0.267534721875 0.5703125 0.2467013890625 0.5703125 0.24496527812500002 0.5712890625 0.24496527812500002 0.5732421875 0.251909721875 0.5771484375 0.251909721875 0.5791015625 0.25538194375 0.5810546875 0.25538194375 0.5849609375 0.2588541671875 0.5869140625 0.2588541671875 0.5908203125 0.2623263890625 0.5927734375 0.2623263890625 0.6025390625 0.2657986109375 0.6044921875 0.2657986109375 0.6083984375 0.2692708328125 0.6103515625 0.2692708328125 0.6123046875 0.276215278125 0.6162109375 0.276215278125 0.6181640625 0.283159721875 0.6220703125 0.283159721875 0.6240234375 0.30225694375 0.634765625 0.3126736109375 0.63671875 0.31961805625 0.640625 0.323090278125 0.640625 0.3265625 0.642578125 0.3404513890625 0.642578125 0.3439236109375 0.64453125 0.35086805625 0.64453125 0.3526041671875 0.6435546875 0.354340278125 0.642578125 0.3751736109375 0.642578125 0.3786458328125 0.640625 0.385590278125 0.640625 0.3890625 0.638671875 0.392534721875 0.638671875
10 0 1 0.33524305625 1 0.33524305625 0.9970703125 0.338715278125 0.9951171875 0.338715278125 0.9912109375 0.33524305625 0.9892578125 0.33524305625 0.9794921875 0.3317708328125 0.9775390625 0.3282986109375 0.9716796875 0.31788194375 0.9658203125 0.31788194375 0.9638671875 0.30399305625 0.9560546875 0.30399305625 0.9541015625 0.298784721875 0.953125 0.28663194375 0.9462890625 0.28663194375 0.9443359375 0.2814236109375 0.943359375 0.276215278125 0.9404296875 0.2744791671875 0.9375 0.27100694375 0.9375 0.2640625 0.93359375 0.260590278125 0.93359375 0.2588541671875 0.9306640625 0.2536458328125 0.9296875 0.236284721875 0.919921875 0.21892361093749999 0.919921875 0.2154513890625 0.921875 0.205034721875 0.923828125 0.19461805625 0.9296875 0.1842013890625 0.931640625 0.17725694375 0.935546875 0.173784721875 0.935546875 0.166840278125 0.939453125 0.16336805625 0.939453125 0.1529513890625 0.9453125 0.1494791671875 0.9453125 0.142534721875 0.94921875 0.13211805625 0.951171875 0.12517361093749999 0.955078125 0.12170138906250001 0.955078125 0.111284721875 0.9609375 0.1078125 0.9609375 0.0973958328125 0.966796875 0.0939236109375 0.966796875 0.0453125 0.994140625 0.03836805625 0.994140625 0.0348958328125 0.998046875 0.0279513890625 0.998046875 0.0244791671875 0.99609375 0.02100694375 0.998046875 0 0.998046875 0 1
3 0.47595775781249994 0.541511853125 0.4747895203125 0.5484117546875 0.4747895203125 0.555640225 0.4829671828125 0.5536688234375 0.4946495578125 0.5454546546875 0.5034113390625 0.5355976499999999 0.5127572390624999 0.5244263796874999 0.5168460703125 0.5155550765625 0.5110048828125 0.50832660625 0.49757015156250006 0.5043838046875 0.4870560140625 0.5129265421875 0.4864718953125 0.5142408078125 0.4847195390625 0.5158836421874999 0.4806307078125 0.5240978125 0.4771259953125 0.5313262828124999 0.47595775781249994 0.541511853125
14 0.76796875 0.71953125 0.3578125 0.5609375
8 0.7078125 0.4625 0.115625 0.046875
3 0.78046875 0.45234375 0.0328125 0.0265625
3 0.63671875 0.44765625 0.0359375 0.0171875
11 0.8703125 0.84453125 0.1125 0.12265625
11 0.61484375 0.85078125 0.0515625 0.1203125