16 0.30625 0.16171875 0.221875 0.1859375
6 0.2796875 0.4390625 0.075 0.103125
6 0.4078125 0.4375 0.084375 0.103125
10 0.2 0.2828125 0.05 0.05
10 0.421875 0.2765625 0.05625 0.053125
9 0.28359375 0.0203125 0.1140625 0.0296875
7 0.28515625 0.03203125 0.1109375 0.0609375
12 0.28359375 0.00859375 0.1390625 0.0171875
14 0.296875 0.25390625 0.30625 0.5078125
6 0.66328125 0.52421875 0.08515625 0.10234375
6 0.57109375 0.56796875 0.0609375 0.0234375
6 0.8375 0.55234375 0.10625 0.0546875
6 0.90078125 0.54765625 0.0765625 0.0640625
16 0.62109375 0.096875 0.1546875 0.19375
14 0.60625 0.28984375 0.215625 0.5796875
14 0.85703125 0.28984375 0.2609375 0.5796875
5 0.27421875 0.8375 0.3515625 0.325