16 0.3359375 0.046875 0.146875 0.09375
10 0.2359375 0.10703125 0.04140625 0.0421875
10 0.41953125 0.115625 0.0203125 0.05
6 0.2875 0.2203125 0.08359375 0.078125
6 0.36796875 0.23984375 0.0609375 0.0765625
14 0.31953125 0.1390625 0.2203125 0.278125
14 0.64765625 0.2015625 0.4109375 0.403125
16 0.66015625 0.046875 0.2859375 0.09375
10 0.7859375 0.10859375 0.05859375 0.0640625
6 0.70703125 0.31171875 0.0890625 0.1140625
6 0.55546875 0.31796875 0.09140625 0.1421875
10 0.50546875 0.09375 0.05859375 0.06875
1 0.09609375 0.71484375 0.1921875 0.5703125
4 0.0984375 0.665625 0.196875 0.3125
1 0.71484375 0.71484375 0.5703125 0.5703125