16 0.43671875 0.30625 0.0265625 0.09375
6 0.4234375 0.44375 0.0359375 0.046875
14 0.42265625 0.34921875 0.0546875 0.2796875
0 0.92421875 0.29453125 0.1515625 0.4890625
0 0.70625 0.44140625 0.2796875 0.1859375
11 0.04375 0.953125 0.0875 0.09375
14 0.04921875 0.76953125 0.0984375 0.4609375
14 0.94765625 0.76953125 0.1046875 0.4609375
14 0.69765625 0.76953125 0.1609375 0.4609375
14 0.5171875 0.76953125 0.134375 0.4609375
14 0.78359375 0.76953125 0.1515625 0.4609375
7 0.7859375 0.55859375 0.053125 0.0390625
11 0.8765625 0.73984375 0.0375 0.07421875
11 0.721875 0.83359375 0.0375 0.0671875
11 0.61328125 0.734375 0.0421875 0.06328125