16 0.2953125 0.30859375 0.30625 0.2515625
12 0.28359375 0.06796875 0.1765625 0.0796875
14 0.2609375 0.29765625 0.378125 0.5421875
7 0.9109375 0.06640625 0.02109375 0.06953125
14 0.91484375 0.246875 0.1265625 0.49375
10 0.88125 0.28359375 0.02109375 0.040625
10 0.86953125 0.3296875 0.0296875 0.05703125
13 0.93203125 0.01484375 0.0484375 0.0296875
5 0.19140625 0.784375 0.3828125 0.43125
5 0.27890625 0.784375 0.3421875 0.43125
12 0.6 0.72265625 0.075 0.0921875
12 0.80625 0.621875 0.075 0.084375
16 0.62265625 0.88984375 0.1484375 0.2203125
16 0.83984375 0.83046875 0.1734375 0.2984375
14 0.6046875 0.8234375 0.2625 0.353125
14 0.8546875 0.78828125 0.265625 0.4234375