16 0.38046875 0.26015625 0.4171875 0.3703125
14 0.35546875 0.3046875 0.4671875 0.609375
16 0.70078125 0.26328125 0.2234375 0.2734375
6 0.64296875 0.5875 0.1078125 0.04375
12 0.66171875 0.03203125 0.1453125 0.0640625
14 0.75625 0.3046875 0.334375 0.609375
9 0.034375 0.98125 0.06875 0.0375
14 0.12734375 0.86328125 0.2546875 0.2734375
13 0.0640625 0.85390625 0.128125 0.1515625
13 0.3984375 0.74921875 0.38125 0.2796875
8 0.34296875 0.94921875 0.2359375 0.1015625
3 0.534375 0.909375 0.109375 0.18125
0 0.7140625 0.8 0.25 0.38125
0 0.86796875 0.85625 0.2640625 0.184375