16 0.27421875 0.33046875 0.15 0.1390625
10 0.17578125 0.4140625 0.046875 0.0375
10 0.36328125 0.41484375 0.0390625 0.0359375
6 0.2078125 0.515625 0.05 0.06875
6 0.2984375 0.53359375 0.065625 0.0703125
14 0.3046875 0.23515625 0.096875 0.06875
16 0.58359375 0.1984375 0.1484375 0.309375
10 0.66171875 0.40234375 0.08359375 0.0703125
12 0.65078125 0.284375 0.2828125 0.56875
16 0.2234375 0.79453125 0.15546875 0.1421875
10 0.1265625 0.88203125 0.04453125 0.0359375
10 0.32890625 0.88046875 0.03359375 0.0421875
6 0.23203125 0.97890625 0.0640625 0.0421875
6 0.16875 0.98203125 0.053125 0.0359375
9 0.23203125 0.6890625 0.071875 0.01875
7 0.2328125 0.6984375 0.071875 0.040625
12 0.22890625 0.66484375 0.09453125 0.0390625
14 0.22421875 0.8234375 0.2609375 0.353125
16 0.86171875 0.89609375 0.246875 0.2015625
9 0.87109375 0.74296875 0.10546875 0.0328125
7 0.86875 0.75390625 0.1 0.0640625
12 0.84453125 0.71015625 0.15 0.0640625
14 0.83671875 0.8390625 0.3265625 0.321875