10 0.16171875 0.059375 0.103125 0.075
10 0.30625 0.01171875 0.025 0.0234375
6 0.24609375 0.23046875 0.2109375 0.1296875
6 0.1609375 0.2984375 0.23125 0.1625
14 0.18984375 0.18984375 0.3796875 0.3796875
0 0.9703125 0.33984375 0.0328125 0.03203125
0 0.90625 0.34921875 0.03125 0.0609375
9 0.4515625 0.55078125 0.2328125 0.10546875
8 0.434375 0.61328125 0.18046875 0.20703125
13 0.453125 0.4265625 0.228125 0.09375
14 0.45390625 0.68984375 0.2703125 0.6203125
16 0.9390625 0.64296875 0.121875 0.3671875
14 0.92890625 0.68984375 0.1421875 0.6203125