16 0.08671875 0.2640625 0.1734375 0.334375
16 0.2703125 0.2609375 0.053125 0.25
10 0.26640625 0.490625 0.0890625 0.08125
6 0.2140625 0.6890625 0.240625 0.08125
6 0.0578125 0.65234375 0.115625 0.1359375
12 0.140625 0.0109375 0.240625 0.021875
14 0.1859375 0.36484375 0.371875 0.7296875
5 0.68984375 0.41328125 0.6203125 0.6328125
0 0.17109375 0.86484375 0.3421875 0.2703125
16 0.725 0.965625 0.315625 0.06875
9 0.753125 0.8671875 0.1359375 0.0375
7 0.74765625 0.8890625 0.1390625 0.0828125
12 0.7328125 0.81171875 0.20546875 0.09375
14 0.7234375 0.88671875 0.50625 0.2265625