16 0.23046875 0.0796875 0.2890625 0.159375
10 0.38203125 0.19140625 0.075 0.0640625
10 0.0953125 0.1953125 0.08046875 0.065625
6 0.32578125 0.3875 0.1078125 0.125
6 0.1640625 0.3890625 0.109375 0.121875
14 0.2265625 0.225 0.428125 0.45
5 0.59765625 0.2453125 0.1953125 0.346875
5 0.8484375 0.2703125 0.303125 0.359375
9 0.1171875 0.61953125 0.234375 0.1484375
8 0.1140625 0.68828125 0.228125 0.2484375
14 0.25 0.725 0.5 0.55
16 0.7234375 0.54765625 0.3 0.1953125
10 0.88203125 0.66796875 0.071875 0.0671875
10 0.5984375 0.6828125 0.0890625 0.06875
6 0.83203125 0.88125 0.10546875 0.146875
6 0.665625 0.88359375 0.09453125 0.1453125
14 0.72421875 0.71015625 0.4203125 0.5203125