16 0.2265625 0.10234375 0.2140625 0.1796875
10 0.35 0.2109375 0.05 0.05
10 0.1390625 0.22265625 0.0609375 0.0484375
6 0.21015625 0.36328125 0.075 0.0953125
6 0.328125 0.36015625 0.08359375 0.0984375
14 0.2390625 0.209375 0.3 0.41875
5 0.809375 0.31484375 0.38125 0.6296875
14 0.36171875 0.81484375 0.4109375 0.3703125
16 0.37421875 0.84453125 0.28359375 0.2515625
10 0.5015625 0.978125 0.05625 0.04375
10 0.2046875 0.9734375 0.05 0.053125
12 0.36640625 0.6453125 0.1671875 0.03125
9 0.9875 0.8140625 0.025 0.0125
11 0.95078125 0.984375 0.0515625 0.03125
7 0.9875 0.821875 0.025 0.040625
13 0.97421875 0.78984375 0.0515625 0.0296875
14 0.94296875 0.8859375 0.1140625 0.228125