14 0.30546875 0.25 0.6109375 0.5
16 0.2609375 0.14296875 0.35 0.2859375
10 0.5234375 0.29921875 0.06953125 0.0765625
6 0.1328125 0.47109375 0.15 0.0578125
16 0.69609375 0.15390625 0.0546875 0.2515625
16 0.4359375 0.77109375 0.1640625 0.1328125
10 0.3375 0.85625 0.04453125 0.0375
10 0.565625 0.85625 0.0390625 0.04375
6 0.39765625 0.9765625 0.0609375 0.046875
6 0.4578125 0.96796875 0.053125 0.0640625
12 0.45859375 0.66640625 0.096875 0.065625
14 0.44609375 0.815625 0.2859375 0.36875
14 0.81953125 0.71015625 0.3015625 0.4203125
16 0.81328125 0.55625 0.2578125 0.1125
10 0.878125 0.6546875 0.08046875 0.05625
6 0.83515625 0.8484375 0.20546875 0.13125
6 0.85703125 0.796875 0.1609375 0.1125