16 0.20859375 0.06015625 0.2421875 0.1203125
10 0.12109375 0.1296875 0.05 0.0625
6 0.20625 0.32578125 0.096875 0.0484375
14 0.1859375 0.175 0.2875 0.35
16 0.66953125 0.25 0.3171875 0.2
9 0.66328125 0.07578125 0.146875 0.0359375
7 0.65625 0.09375 0.1359375 0.0828125
12 0.6453125 0.03125 0.171875 0.0625
14 0.67421875 0.175 0.4609375 0.35
1 0.16484375 0.675 0.3296875 0.65
9 0.8 0.7734375 0.19453125 0.1203125
13 0.7921875 0.621875 0.21875 0.1421875
8 0.80625 0.81328125 0.178125 0.2015625
14 0.74609375 0.76875 0.5078125 0.4625