16 0.10859375 0.08671875 0.2171875 0.1734375
10 0.090625 0.096875 0.128125 0.04375
6 0.11328125 0.43828125 0.11640625 0.1671875
14 0.15546875 0.26640625 0.3109375 0.5328125
16 0.83203125 0.26171875 0.325 0.3203125
10 0.975 0.44921875 0.05 0.0546875
10 0.67109375 0.43984375 0.103125 0.0515625
12 0.8859375 0.0625 0.225 0.125
14 0.790625 0.275 0.41875 0.55
16 0.0734375 0.66484375 0.146875 0.1921875
10 0.20078125 0.78046875 0.05 0.0578125
6 0.07734375 0.92421875 0.06953125 0.0890625
6 0.01796875 0.95234375 0.0359375 0.0953125
7 0.0484375 0.56015625 0.096875 0.0203125
14 0.115625 0.775 0.23125 0.45
16 0.81796875 0.57109375 0.1109375 0.0421875
10 0.70234375 0.609375 0.04453125 0.04375
6 0.78671875 0.7296875 0.103125 0.065625
6 0.8984375 0.7125 0.096875 0.071875
14 0.81328125 0.65625 0.2890625 0.2125