16 0.30234375 0.26953125 0.1890625 0.1796875
10 0.1875 0.3875 0.05859375 0.046875
10 0.4265625 0.375 0.0359375 0.05
6 0.26953125 0.54921875 0.071875 0.1078125
6 0.32734375 0.51796875 0.05546875 0.0859375
9 0.3125 0.13125 0.096875 0.028125
7 0.31484375 0.14765625 0.0890625 0.0546875
12 0.30703125 0.10078125 0.128125 0.0546875
14 0.30625 0.346875 0.325 0.54375
16 0.865625 0.228125 0.26875 0.309375
10 0.909375 0.30625 0.128125 0.04375
10 0.775 0.378125 0.0859375 0.05625
6 0.7515625 0.57734375 0.121875 0.0828125
6 0.93125 0.59140625 0.115625 0.0546875
12 0.9015625 0.0265625 0.196875 0.053125
9 0.9015625 0.0546875 0.16640625 0.04375
7 0.8984375 0.07265625 0.1390625 0.06875
14 0.82578125 0.309375 0.3484375 0.61875
2 0.371875 0.809375 0.275 0.38125
16 0.765625 0.9 0.259375 0.2
12 0.765625 0.70859375 0.146875 0.0625
14 0.77109375 0.83515625 0.4140625 0.3296875