14 0.4203125 0.2640625 0.196875 0.528125
16 0.43828125 0.08984375 0.1609375 0.1796875
10 0.440625 0.22109375 0.09453125 0.0734375
6 0.44609375 0.4484375 0.1453125 0.13125
1 0.859375 0.25859375 0.28125 0.5171875
1 0.6140625 0.26015625 0.190625 0.5203125
1 0.26015625 0.940625 0.1859375 0.11875
1 0.3015625 0.8640625 0.1890625 0.221875
1 0.3828125 0.70703125 0.15078125 0.1859375
1 0.41484375 0.628125 0.1546875 0.178125
14 0.83984375 0.79375 0.3203125 0.4125
16 0.84296875 0.85703125 0.25859375 0.2578125
12 0.859375 0.6328125 0.175 0.08125