14 0.346875 0.3125 0.3390625 0.6140625
16 0.34921875 0.24296875 0.246875 0.2109375
10 0.25390625 0.384375 0.0890625 0.05
10 0.49140625 0.36796875 0.04140625 0.0640625
6 0.27890625 0.5515625 0.10859375 0.134375
6 0.41484375 0.540625 0.128125 0.11875
9 0.371875 0.08125 0.09453125 0.03125
7 0.36484375 0.09921875 0.103125 0.0671875
12 0.33828125 0.04296875 0.146875 0.0671875
14 0.703125 0.31484375 0.16875 0.6296875
10 0.7484375 0.2953125 0.0765625 0.07421875
15 0.7109375 0.58203125 0.184375 0.0921875
8 0.15703125 0.70234375 0.1484375 0.1453125
8 0.41953125 0.65859375 0.1703125 0.0578125
14 0.19296875 0.81484375 0.2984375 0.3703125
14 0.46953125 0.81484375 0.2984375 0.3703125
9 0.88515625 0.6546875 0.140625 0.03203125
10 0.64140625 0.975 0.0453125 0.05
7 0.89140625 0.67109375 0.13046875 0.0703125
12 0.8796875 0.63671875 0.175 0.0140625
14 0.809375 0.81484375 0.38125 0.3703125
11 0.6625 0.74296875 0.02890625 0.01796875
11 0.63203125 0.75234375 0.0265625 0.0171875
14 0.64609375 0.7640625 0.0546875 0.11875