10 0.13671875 0.06875 0.0859375 0.071875
10 0.39609375 0.0703125 0.0453125 0.0625
6 0.35859375 0.26484375 0.103125 0.1515625
6 0.19921875 0.2640625 0.0890625 0.14375
14 0.23984375 0.1859375 0.3578125 0.371875
16 0.80859375 0.10859375 0.2703125 0.2171875
6 0.83203125 0.44453125 0.1453125 0.0703125
6 0.73125 0.42578125 0.18125 0.1078125
14 0.8 0.23984375 0.4 0.4796875
12 0.01796875 0.53671875 0.0359375 0.0796875
16 0.05 0.7625 0.1 0.253125
14 0.15703125 0.73984375 0.3140625 0.5203125
14 0.709375 0.7765625 0.58125 0.446875
9 0.5859375 0.77578125 0.28671875 0.08046875