16 0.07890625 0.02890625 0.1140625 0.0578125
10 0.01640625 0.08125 0.0328125 0.028125
10 0.15 0.0703125 0.028125 0.03125
6 0.0578125 0.171875 0.04453125 0.059375
6 0.1078125 0.16484375 0.05546875 0.0640625
14 0.090625 0.1015625 0.18125 0.203125
16 0.5671875 0.23125 0.034375 0.121875
10 0.61015625 0.30234375 0.028125 0.0296875
6 0.56328125 0.41640625 0.0265625 0.0703125
14 0.58984375 0.28203125 0.0796875 0.3515625
16 0.3265625 0.6890625 0.33125 0.140625
10 0.503125 0.784375 0.09375 0.05625
10 0.16328125 0.7890625 0.10859375 0.05625
6 0.2046875 0.95703125 0.103125 0.0859375
6 0.40703125 0.97890625 0.1296875 0.0421875
14 0.3125 0.809375 0.475 0.38125
16 0.84296875 0.7703125 0.25859375 0.23125
10 0.9859375 0.8765625 0.028125 0.053125
10 0.690625 0.89140625 0.0640625 0.0640625
14 0.8203125 0.809375 0.359375 0.38125