10 0.06875 0.090625 0.10546875 0.078125
6 0.14921875 0.25859375 0.19453125 0.1390625
6 0.08984375 0.33203125 0.1796875 0.1640625
14 0.1484375 0.209375 0.296875 0.41875
16 0.70078125 0.184375 0.3828125 0.365625
10 0.92890625 0.37578125 0.0640625 0.0859375
14 0.7546875 0.209375 0.490625 0.41875
16 0.3140625 0.56171875 0.2859375 0.2546875
10 0.4625 0.7203125 0.071875 0.06875
10 0.18125 0.725 0.0859375 0.065625
6 0.23671875 0.9171875 0.103125 0.14375
6 0.39765625 0.92265625 0.10859375 0.1515625
7 0.3140625 0.4265625 0.128125 0.015625
14 0.30390625 0.709375 0.4109375 0.58125