6 0.00859375 0.15859375 0.0171875 0.0515625
6 0.1046875 0.11875 0.05859375 0.05625
10 0.01953125 0.3296875 0.0390625 0.134375
10 0.0609375 0.2984375 0.121875 0.10625
14 0.07734375 0.20390625 0.1546875 0.4078125
14 0.55078125 0.25 0.2890625 0.5
16 0.5453125 0.20390625 0.24140625 0.2296875
10 0.58984375 0.36796875 0.075 0.0515625
6 0.59296875 0.4734375 0.1546875 0.053125
7 0.584375 0.04375 0.08046875 0.0640625
12 0.53828125 0.01015625 0.1859375 0.0203125
2 0.62421875 0.86796875 0.4890625 0.2640625