6 0.28203125 0.20859375 0.1734375 0.1359375
14 0.27421875 0.14375 0.1890625 0.2875
16 0.6921875 0.11875 0.296875 0.2375
10 0.8609375 0.24609375 0.05546875 0.0765625
10 0.58984375 0.29140625 0.11953125 0.0734375
6 0.790625 0.42109375 0.184375 0.0359375
14 0.6859375 0.21953125 0.509375 0.4390625
16 0.603125 0.4875 0.284375 0.096875
10 0.759375 0.57109375 0.071875 0.0671875
10 0.48203125 0.57109375 0.08359375 0.0609375
6 0.709375 0.771875 0.1109375 0.146875
6 0.5484375 0.771875 0.1 0.140625
14 0.62734375 0.64140625 0.3890625 0.4046875