16 0.3921875 0.30546875 0.09375 0.1859375
10 0.31875 0.4234375 0.053125 0.04375
9 0.42890625 0.17109375 0.0203125 0.0265625
7 0.428125 0.18515625 0.021875 0.0515625
12 0.41015625 0.13828125 0.0578125 0.0578125
14 0.35546875 0.28828125 0.1671875 0.3609375
14 0.59765625 0.20390625 0.3171875 0.4078125
16 0.57578125 0.071875 0.2359375 0.14375
6 0.515625 0.3359375 0.071875 0.1125
6 0.66328125 0.3296875 0.10546875 0.1125
10 0.4671875 0.17578125 0.05625 0.0515625
10 0.709375 0.16015625 0.053125 0.046875
14 0.21953125 0.734375 0.4390625 0.53125
1 0.37734375 0.6984375 0.1234375 0.459375
0 1 1 1 0.46875 0.61626001875 0.46875 0.5947658171875 0.5052734453125 0.5463363828125 0.9284656078125 0.547782125 1 1 1