14 0.3984375 0.23984375 0.303125 0.4796875
16 0.41796875 0.0765625 0.2640625 0.153125
6 0.4578125 0.40625 0.18125 0.1375
6 0.365625 0.35390625 0.1640625 0.1234375
9 0.7953125 0.2484375 0.409375 0.24375
11 0.671875 0.471875 0.24375 0.175
13 0.8046875 0.065625 0.390625 0.13125
8 0.7859375 0.35390625 0.24765625 0.28125
14 0.775 0.2796875 0.45 0.559375
2 0.21875 0.68125 0.234375 0.24375
13 0.99609375 0.61484375 0.0078125 0.0359375
7 0.6515625 0.75078125 0.0171875 0.03515625
7 0.7609375 0.7703125 0.01484375 0.03515625
8 0.5921875 0.7703125 0.0125 0.03515625
7 0.721875 0.7734375 0.0125 0.0296875
7 0.803125 0.78046875 0.01484375 0.025
7 0.7796875 0.7828125 0.0125 0.0296875
13 0.87578125 0.79296875 0.03515625 0.05
7 0.6953125 0.81796875 0.01015625 0.0203125
7 0.87578125 0.8328125 0.025 0.05
14 0.9765625 0.7984375 0.046875 0.403125
14 0.7234375 0.8640625 0.028125 0.271875
14 0.78984375 0.87109375 0.0359375 0.2578125
14 0.75625 0.8765625 0.0375 0.246875
14 0.6546875 0.86640625 0.0625 0.2671875
14 0.88125 0.89140625 0.103125 0.2171875