16 0.125 0.04375 0.21875 0.0875
10 0.03984375 0.1171875 0.05859375 0.04375
10 0.2546875 0.10546875 0.05546875 0.0484375
6 0.23515625 0.2609375 0.0890625 0.1
6 0.115625 0.2609375 0.08359375 0.096875
14 0.1546875 0.15703125 0.309375 0.3140625
14 0.66875 0.21953125 0.4 0.4390625
16 0.66640625 0.11796875 0.3953125 0.2359375
11 0.82109375 0.209375 0.09140625 0.103125
11 0.4890625 0.19921875 0.040625 0.0859375
14 0.11640625 0.71953125 0.2328125 0.5609375
16 0.15859375 0.55390625 0.1203125 0.2296875
16 0.05 0.5484375 0.1 0.21875
10 0.02734375 0.70625 0.0546875 0.08125
6 0.08828125 0.92890625 0.1765625 0.1390625
1 0.68984375 0.79296875 0.3515625 0.4140625
1 0.9546875 0.75234375 0.090625 0.4953125