16 0.47109375 0.22421875 0.0765625 0.2609375
16 0.359375 0.23125 0.146875 0.24375
10 0.3609375 0.39296875 0.078125 0.0609375
7 0.3546875 0.0546875 0.096875 0.071875
12 0.403125 0.01171875 0.203125 0.0234375
14 0.3734375 0.225 0.271875 0.45
16 0.73671875 0.1140625 0.3171875 0.228125
10 0.90390625 0.25390625 0.078125 0.0703125
10 0.61328125 0.2703125 0.09140625 0.06875
6 0.66953125 0.42265625 0.0953125 0.0546875
6 0.84296875 0.4234375 0.1390625 0.053125
14 0.74140625 0.225 0.4609375 0.45
16 0.15390625 0.55234375 0.2578125 0.2046875
10 0.025 0.6578125 0.04453125 0.065625
10 0.18125 0.696875 0.10546875 0.06875
6 0.17421875 0.91015625 0.15859375 0.1359375
6 0.084375 0.8625 0.16875 0.121875
14 0.16875 0.71875 0.3375 0.5375
11 0.80859375 0.92890625 0.1890625 0.1421875
9 0.79375 0.77421875 0.27890625 0.1203125
8 0.61796875 0.47734375 0.2171875 0.0546875
14 0.7328125 0.725 0.446875 0.55
14 0.965625 0.725 0.06875 0.55