16 0.3671875 0.1625 0.203125 0.2625
10 0.24296875 0.29375 0.046875 0.065625
6 0.29296875 0.50234375 0.09140625 0.1359375
6 0.4328125 0.515625 0.071875 0.11875
14 0.33203125 0.28984375 0.2734375 0.5796875
14 0.80234375 0.328125 0.3546875 0.503125
16 0.74296875 0.36171875 0.23046875 0.2671875
10 0.9390625 0.51640625 0.0609375 0.0640625
12 0.7859375 0.13125 0.19140625 0.075
16 0.32578125 0.84765625 0.24140625 0.2078125
10 0.1921875 0.98203125 0.075 0.0359375
10 0.46015625 0.97265625 0.0171875 0.0546875
9 0.3359375 0.7046875 0.10546875 0.0328125
7 0.3328125 0.71953125 0.1140625 0.053125
12 0.334375 0.66328125 0.14140625 0.06875
14 0.30390625 0.81484375 0.3296875 0.3703125
14 0.59921875 0.74375 0.2609375 0.328125
6 0.58125 0.83203125 0.196875 0.1265625
6 0.646875 0.79140625 0.128125 0.1140625