16 0.3265625 0.2546875 0.15859375 0.16875
10 0.36171875 0.37265625 0.05546875 0.0484375
6 0.2625 0.50078125 0.0640625 0.0859375
6 0.39453125 0.49453125 0.1296875 0.0828125
12 0.34609375 0.10390625 0.1390625 0.053125
7 0.38359375 0.14609375 0.05546875 0.0421875
14 0.334375 0.30546875 0.25 0.4765625
16 0.8078125 0.22578125 0.23046875 0.2140625
10 0.64765625 0.34609375 0.05 0.0578125
10 0.93515625 0.346875 0.053125 0.05
6 0.76875 0.54375 0.0859375 0.11875
6 0.828125 0.49609375 0.0609375 0.0921875
12 0.79765625 0.0421875 0.14453125 0.0640625
14 0.78984375 0.3125 0.3890625 0.6046875
16 0.90390625 0.95234375 0.1421875 0.0953125
9 0.903125 0.8828125 0.05859375 0.01875
7 0.9 0.890625 0.06640625 0.0359375
12 0.89453125 0.86171875 0.09453125 0.0484375
14 0.896875 0.91953125 0.20625 0.1609375