16 0.3625 0.3078125 0.153125 0.253125
10 0.30703125 0.46953125 0.08359375 0.0609375
9 0.3953125 0.11953125 0.0875 0.0328125
7 0.3984375 0.1375 0.08125 0.065625
12 0.3890625 0.0734375 0.1 0.08125
14 0.3484375 0.30703125 0.18125 0.5453125
8 0.63125 0.0515625 0.196875 0.103125
14 0.71953125 0.28984375 0.5609375 0.5796875
8 0.196875 0.6453125 0.084375 0.13125
14 0.284375 0.78984375 0.309375 0.4203125
8 0.04296875 0.61328125 0.0859375 0.0671875
14 0.05625 0.78984375 0.1125 0.4203125
16 0.60859375 0.78125 0.275 0.340625
16 0.778125 0.809375 0.01953125 0.046875
10 0.78671875 0.9828125 0.0609375 0.034375
14 0.6546875 0.78984375 0.421875 0.4203125