16 0.49453125 0.2578125 0.2109375 0.30625
10 0.3171875 0.40078125 0.05546875 0.0640625
6 0.528125 0.66015625 0.14375 0.0796875
12 0.51015625 0.01796875 0.1796875 0.0359375
14 0.43359375 0.35 0.3328125 0.7
16 0.68984375 0.09765625 0.1796875 0.1671875
10 0.81015625 0.203125 0.0390625 0.05
6 0.70859375 0.3515625 0.06953125 0.096875
6 0.61875 0.328125 0.0375 0.08125
7 0.6984375 0.00625 0.09375 0.0125
14 0.72265625 0.2046875 0.2453125 0.409375
16 0.46015625 0.878125 0.2796875 0.24375
10 0.44296875 0.93203125 0.15 0.0578125
10 0.46953125 0.98671875 0.1328125 0.0265625
9 0.484375 0.71796875 0.146875 0.0359375
7 0.4859375 0.73671875 0.146875 0.0734375
14 0.4421875 0.85 0.315625 0.3