16 0.346875 0.0796875 0.165625 0.159375
10 0.296875 0.20546875 0.103125 0.0703125
6 0.3484375 0.39296875 0.128125 0.0921875
14 0.29609375 0.21953125 0.2671875 0.4390625
16 0.79921875 0.06875 0.3546875 0.1375
6 0.9078125 0.39765625 0.184375 0.0828125
6 0.75625 0.38046875 0.13125 0.1171875
14 0.80078125 0.21953125 0.3984375 0.4390625
16 0.19765625 0.79140625 0.3953125 0.3734375
10 0.40546875 0.97578125 0.0484375 0.0484375
12 0.2265625 0.47265625 0.25625 0.0671875
14 0.21484375 0.71953125 0.4296875 0.5609375
16 0.64609375 0.57421875 0.3671875 0.2703125
10 0.79140625 0.73046875 0.071875 0.0671875
10 0.44921875 0.69921875 0.0390625 0.0671875
6 0.49375 0.94296875 0.128125 0.1140625
6 0.6921875 0.9546875 0.153125 0.090625
14 0.665625 0.71953125 0.471875 0.5609375