10 0.1265625 0.10390625 0.046875 0.0640625
6 0.05234375 0.29765625 0.1046875 0.1265625
14 0.08203125 0.1875 0.1640625 0.375
16 0.5359375 0.36484375 0.234375 0.2546875
10 0.6671875 0.465625 0.01640625 0.046875
10 0.54296875 0.54765625 0.0859375 0.0421875
12 0.55703125 0.1203125 0.225 0.084375
7 0.6125 0.18515625 0.096875 0.075
9 0.61953125 0.16328125 0.053125 0.0296875
14 0.6296875 0.32109375 0.421875 0.4953125
5 0.209375 0.80234375 0.41875 0.3953125
16 0.50703125 0.86875 0.1765625 0.2625
12 0.5203125 0.615625 0.203125 0.09375
14 0.5265625 0.784375 0.215625 0.43125