14 0.37890625 0.159375 0.3578125 0.31875
16 0.38046875 0.06328125 0.2453125 0.1265625
10 0.51015625 0.153125 0.06953125 0.0625
10 0.25625 0.159375 0.0609375 0.05
6 0.32890625 0.29765625 0.0859375 0.0421875
6 0.46953125 0.2953125 0.0890625 0.046875
0 0.8078125 0.1609375 0.30625 0.18046875
9 0.34921875 0.4765625 0.140625 0.03203125
10 0.07734375 0.82265625 0.103125 0.09921875
10 0.51328125 0.82109375 0.0875 0.090625
7 0.35546875 0.49296875 0.13046875 0.0703125
12 0.34453125 0.43671875 0.175 0.06015625
14 0.28203125 0.69921875 0.5484375 0.6015625
11 0.1265625 0.56484375 0.02890625 0.01796875
8 0.07421875 0.55546875 0.0234375 0.0203125
13 0.0609375 0.53671875 0.05390625 0.02265625
11 0.09296875 0.57421875 0.03359375 0.0171875
14 0.0703125 0.5859375 0.13515625 0.11875
1 0.77421875 0.7734375 0.1921875 0.453125
12 0.9421875 0.7484375 0.115625 0.1375
14 0.8078125 0.79140625 0.384375 0.4171875
10 0.7234375 0.809375 0.228125 0.38125