14 0.23671875 0.30703125 0.2453125 0.5046875
16 0.27421875 0.2984375 0.1703125 0.21875
10 0.19375 0.43828125 0.075 0.0484375
9 0.3109375 0.134375 0.096875 0.03125
7 0.309375 0.1515625 0.1 0.065625
12 0.2875 0.09375 0.14375 0.065625
11 0.83203125 0.5453125 0.1359375 0.028125
9 0.6078125 0.125 0.1828125 0.053125
13 0.60078125 0.0625 0.18046875 0.08671875
8 0.60703125 0.14921875 0.1515625 0.1203125
13 0.8796875 0.06015625 0.0796875 0.04296875
14 0.9 0.15390625 0.14921875 0.21171875
14 0.64765625 0.2953125 0.5765625 0.528125
13 0.38671875 0.0515625 0.0546875 0.065625
14 0.23828125 0.753125 0.2421875 0.3875
10 0.16015625 0.6640625 0.06953125 0.0625
6 0.23671875 0.88046875 0.1359375 0.1203125
2 0.6293788578124999 0.559375 0.628125 0.61015625 0.6359375 0.63984375 0.6546875 0.65859375 0.64609375 0.6796875 0.59453125 0.6796875 0.57890625 0.6703125 0.55234375 0.6796875 0.51015625 0.66875 0.44765625 0.6765625 0.37734375 0.6703125 0.359375 0.663027871875 0.359375 1 0.7552083328125001 1 0.75625 0.99921875 0.75 0.98671875 0.76328125 0.9859375 0.7625 0.97578125 0.74921875 0.9828125 0.75 0.97578125 0.740625 0.96640625 0.75625 0.92890625 0.7546875 0.91328125 0.740625 0.89765625 0.740625 0.88828125 0.7546875 0.87421875 0.7578125 0.83984375 0.7515625 0.82578125 0.759375 0.76953125 0.7578125 0.67421875 0.75390625 0.665625 0.7390625 0.66171875 0.7546875 0.58515625 0.7550967265625 0.559375 0.6293788578124999 0.559375