10 0.36328125 0.0203125 0.0453125 0.040625
10 0.15546875 0.025 0.05 0.04375
6 0.221875 0.13671875 0.0609375 0.0796875
6 0.3109375 0.16640625 0.071875 0.0953125
14 0.26171875 0.10703125 0.2640625 0.2140625
16 0.7484375 0.26015625 0.16953125 0.1484375
10 0.8703125 0.3296875 0.040625 0.01875
12 0.753125 0.15625 0.10859375 0.0703125
14 0.75 0.23046875 0.3 0.2171875
16 0.41640625 0.65859375 0.2609375 0.2765625
6 0.50859375 0.9625 0.1015625 0.075
12 0.43828125 0.409375 0.18046875 0.0765625
14 0.4078125 0.68203125 0.303125 0.6359375
14 0.965625 0.67421875 0.06875 0.6515625
12 0.8671875 0.48515625 0.1 0.1640625
12 0.984375 0.396875 0.03125 0.115625
16 0.97890625 0.784375 0.0421875 0.43125
14 0.84921875 0.6890625 0.2015625 0.621875
1 0.85546875 0.696875 0.04609375 0.07890625
9 0.859375 0.56796875 0.0546875 0.04140625
9 0.984375 0.4859375 0.03125 0.046875