10 0.23828125 0.24921875 0.0421875 0.0703125
14 0.21171875 0.26796875 0.0953125 0.5359375
16 0.665625 0.1421875 0.396875 0.284375
10 0.9015625 0.29375 0.0640625 0.0875
6 0.81640625 0.53671875 0.1671875 0.0640625
6 0.625 0.5234375 0.128125 0.090625
14 0.7078125 0.284375 0.584375 0.56875
16 0.21875 0.87421875 0.08125 0.2515625
10 0.1734375 0.99140625 0.053125 0.0171875
9 0.23125 0.6828125 0.05625 0.034375
7 0.2296875 0.70546875 0.059375 0.0859375
12 0.23671875 0.63046875 0.0453125 0.0859375
14 0.18984375 0.78671875 0.1390625 0.4265625
14 0.65390625 0.784375 0.6734375 0.43125
9 0.61953125 0.6328125 0.2296875 0.128125
11 0.584375 0.9078125 0.1421875 0.16328125
11 0.3859375 0.93203125 0.115625 0.1359375
8 0.6203125 0.678125 0.165625 0.2140625