10 0.18125 0.12265625 0.096875 0.0484375
6 0.0578125 0.35859375 0.115625 0.1734375
14 0.1375 0.225 0.275 0.45
16 0.83984375 0.24921875 0.3203125 0.3046875
10 0.653125 0.428125 0.090625 0.04375
12 0.89296875 0.06015625 0.2140625 0.1203125
14 0.790625 0.225 0.41875 0.45
10 0.00625 0.8 0.0125 0.04375
16 0.62578125 0.7515625 0.196875 0.190625
10 0.5078125 0.84140625 0.0609375 0.0421875
10 0.7453125 0.84765625 0.04140625 0.0390625
6 0.6515625 0.9875 0.071875 0.025
6 0.5734375 0.9734375 0.071875 0.053125
12 0.65078125 0.5890625 0.125 0.0625
14 0.6328125 0.77421875 0.328125 0.4515625