16 0.015625 0.27421875 0.03125 0.1484375
10 0.0578125 0.36484375 0.0359375 0.0390625
14 0.03984375 0.31796875 0.0796875 0.3828125
2 0.778125 0.37421875 0.75546875 0.2484375 0.7453125 0.26484375 0.7515625 0.30859375 0.73671875 0.321875 0.7171875 0.31484375 0.725 0.26640625 0.70625 0.26484375 0.70625 0.35703125 0.71328125 0.375 0.71953125 0.34375 0.73828125 0.346875 0.74765625 0.3375 0.7578125 0.33671875 0.759375 0.40703125 0.7734375 0.42734375 0.775 0.44296875 0.784375 0.44609375 0.7875 0.43359375 0.78359375 0.4265625 0.778125 0.42890625 0.778125 0.42109375 0.7953125 0.40234375 0.778125 0.37421875
5 0.2296875 0.82109375 0.459375 0.3578125
16 0.7296875 0.64296875 0.21953125 0.2265625
10 0.615625 0.8 0.0859375 0.0625
10 0.8796875 0.77265625 0.04140625 0.0703125
6 0.6828125 0.9671875 0.15625 0.065625
6 0.7453125 0.9515625 0.109375 0.096875
7 0.76015625 0.51796875 0.1109375 0.0171875
14 0.7265625 0.7546875 0.371875 0.490625