2 0.3599826390625 0 0.3375 0.02890625 0.340625 0.08359375 0.3328125 0.10390625 0.3421875 0.11171875 0.34375 0.14453125 0.3390625 0.17734375 0.321875 0.19609375 0.3171875 0.21171875 0.3296875 0.22890625 0.3328125 0.26640625 0.3265625 0.27890625 0.32717013906250003 0.2796875 0.3822150734375 0.2796875 0.3953125 0.26796875 0.38671875 0.265625 0.359375 0.27578125 0.3546875 0.26484375 0.3578125 0.20078125 0.37578125 0.190625 0.39921875 0.2078125 0.4 0.20661458281249998 0.4 0.161953125 0.35546875 0.18125 0.3515625 0.17421875 0.35625 0.06328125 0.37103533906249997 0 0.3599826390625 0
9 0.89609375 0.265625 0.2015625 0.028125
13 0.71796875 0.22265625 0.13671875 0.09609375
13 0.896875 0.17578125 0.1921875 0.12265625
14 0.878125 0.19609375 0.24375 0.1671875
13 0.4328125 0.21484375 0.065625 0.1015625
13 0.709375 0.1546875 0.0625 0.0453125
12 0.48828125 0.16796875 0.06015625 0.0625
8 0.47421875 0.2546875 0.0515625 0.05
14 0.59453125 0.225 0.3703125 0.109375
16 0.05859375 0.44765625 0.1171875 0.3140625
12 0.04453125 0.6421875 0.0890625 0.10625
6 0.0375 0.93046875 0.046875 0.1015625
6 0.0921875 0.94140625 0.065625 0.1046875
14 0.08046875 0.63984375 0.1609375 0.7203125
9 0.55 0.44453125 0.3 0.3296875
8 0.525 0.60390625 0.25 0.4953125