14 0.19765625 0.24453125 0.2953125 0.4890625
16 0.19140625 0.13828125 0.25 0.2546875
10 0.271875 0.30703125 0.071875 0.0609375
6 0.20703125 0.4671875 0.2109375 0.04375
16 0.60078125 0.12265625 0.2421875 0.2453125
10 0.70625 0.23984375 0.05546875 0.0484375
6 0.6015625 0.45234375 0.096875 0.0734375
14 0.61953125 0.24453125 0.2796875 0.4890625
5 0.1296875 0.85078125 0.259375 0.2984375
5 0.378125 0.67421875 0.203125 0.3703125
5 0.615625 0.8109375 0.271875 0.378125
5 0.86953125 0.9015625 0.2609375 0.196875