10 0.14609375 0.084375 0.10546875 0.078125
6 0.07890625 0.27890625 0.1578125 0.1296875
6 0.03984375 0.23359375 0.0796875 0.1171875
14 0.15 0.18359375 0.3 0.3671875
6 0.678125 0.0234375 0.046875 0.046875
6 0.721875 0.01484375 0.05 0.0296875
16 0.22265625 0.53359375 0.1296875 0.1078125
10 0.31484375 0.59921875 0.0359375 0.0421875
10 0.1546875 0.60859375 0.0390625 0.0328125
6 0.19375 0.703125 0.05 0.06875
6 0.26875 0.715625 0.0609375 0.06875
14 0.23515625 0.6203125 0.2203125 0.28125
16 0.56328125 0.81953125 0.1640625 0.3203125
16 0.73984375 0.83046875 0.06640625 0.2703125
10 0.78671875 0.90546875 0.05546875 0.0703125
12 0.64375 0.53828125 0.24140625 0.0984375
14 0.68359375 0.740625 0.4359375 0.51875