16 0.06328125 0.2609375 0.1265625 0.265625
12 0.04140625 0.0328125 0.0828125 0.065625
14 0.1046875 0.259375 0.209375 0.51875
16 0.853125 0.2375 0.278125 0.25
10 0.98046875 0.39453125 0.0390625 0.0703125
10 0.71953125 0.396875 0.08359375 0.06875
9 0.85703125 0.04921875 0.15 0.0453125
7 0.85546875 0.0703125 0.146875 0.0859375
12 0.84921875 0.02109375 0.1703125 0.0421875
14 0.81796875 0.259375 0.3640625 0.51875
2 0.1359375 0.77265625 0.271875 0.4546875
3 0.9671875 0.7359375 0.065625 0.153125
4 0.72890625 0.671875 0.2078125 0.121875