16 0.3171875 0.09609375 0.21875 0.1921875
10 0.13984375 0.21875 0.053125 0.059375
6 0.2078125 0.42734375 0.18359375 0.1171875
6 0.32890625 0.403125 0.096875 0.10625
14 0.2671875 0.2453125 0.36875 0.490625
6 0.8171875 0.49609375 0.15 0.0765625
14 0.79453125 0.284375 0.4109375 0.56875
5 0.20078125 0.9125 0.4015625 0.175
16 0.6296875 0.615625 0.28125 0.071875
10 0.80078125 0.66796875 0.075 0.0734375
10 0.521875 0.69609375 0.065625 0.0671875
6 0.73671875 0.8859375 0.146875 0.153125
6 0.56171875 0.903125 0.10859375 0.159375
14 0.67109375 0.78359375 0.3640625 0.4078125