16 0.0796875 0.26796875 0.159375 0.1765625
10 0.165625 0.36328125 0.046875 0.0421875
12 0.0484375 0.11796875 0.096875 0.0390625
14 0.1015625 0.25078125 0.203125 0.3171875
16 0.69375 0.09921875 0.33125 0.1984375
10 0.79375 0.20078125 0.03359375 0.0578125
10 0.5015625 0.20546875 0.06640625 0.0671875
6 0.56484375 0.39375 0.1328125 0.03125
6 0.725 0.3890625 0.103125 0.040625
14 0.66953125 0.2046875 0.4359375 0.409375
16 0.3625 0.51875 0.134375 0.21875
10 0.2609375 0.61796875 0.08359375 0.0671875
6 0.3171875 0.87109375 0.146875 0.1328125
14 0.3140625 0.696875 0.23125 0.575
14 0.6265625 0.7046875 0.39375 0.590625
12 0.596875 0.44921875 0.1875 0.0796875
11 0.45 0.8453125 0.040625 0.08125
11 0.740625 0.85390625 0.07421875 0.0796875
7 0.596875 0.5203125 0.12734375 0.08671875