16 0.87578125 0.05234375 0.1390625 0.1046875
10 0.76875 0.11875 0.03046875 0.0375
6 0.9390625 0.23828125 0.06640625 0.0765625
6 0.8171875 0.2359375 0.1109375 0.0625
14 0.86796875 0.14453125 0.2640625 0.2890625
16 0.475 0.471875 0.15 0.140625
10 0.37265625 0.5546875 0.0390625 0.040625
6 0.4140625 0.65859375 0.078125 0.0703125
6 0.50859375 0.6875 0.0609375 0.08125
9 0.44765625 0.37421875 0.0703125 0.0109375
7 0.45078125 0.3859375 0.0578125 0.034375
14 0.44921875 0.55 0.2015625 0.3625
2 0.61328125 0.75625 0.1265625 0.334375