14 0.2125 0.228125 0.425 0.45625
16 0.21953125 0.0796875 0.2859375 0.159375
10 0.34296875 0.16953125 0.0640625 0.053125
10 0.05234375 0.1703125 0.071875 0.0625
6 0.30234375 0.38984375 0.11953125 0.1171875
6 0.12578125 0.39375 0.11953125 0.121875
9 0.48671875 0.2984375 0.1140625 0.0875
9 0.7546875 0.1953125 0.16796875 0.134375
13 0.4859375 0.2140625 0.1125 0.096875
13 0.75234375 0.059375 0.165625 0.0984375
8 0.7625 0.2421875 0.1609375 0.18515625
8 0.49375 0.34765625 0.128125 0.1515625
14 0.55625 0.33046875 0.253125 0.3984375
14 0.81328125 0.26796875 0.3734375 0.5234375
2 0.33515625 0.91640625 0.1890625 0.1671875
16 0.86171875 0.63125 0.1890625 0.178125
10 0.76875 0.74296875 0.053125 0.0421875
10 0.975 0.73828125 0.05 0.0484375
6 0.94921875 0.884375 0.08046875 0.1
6 0.8328125 0.88671875 0.08046875 0.0953125
14 0.85546875 0.734375 0.2890625 0.409375