6 0.215625 0.15078125 0.1875 0.1390625
14 0.21328125 0.1109375 0.1921875 0.221875
16 0.82109375 0.27578125 0.2421875 0.1859375
7 0.875 0.13046875 0.14140625 0.0890625
9 0.89296875 0.10859375 0.1 0.0421875
12 0.82265625 0.05 0.2859375 0.1
14 0.7875 0.184375 0.425 0.36875
16 0.23828125 0.59765625 0.1421875 0.3234375
12 0.26171875 0.71015625 0.0953125 0.1109375
14 0.2078125 0.684375 0.203125 0.63125
14 0.83203125 0.70234375 0.3359375 0.5953125
3 0.83359375 0.475 0.04375 0.04765625
8 0.746875 0.4875 0.10078125 0.05625
11 0.85859375 0.79296875 0.16328125 0.08984375
4 0.74375 0.45078125 0.0640625 0.02890625