16 0.28828125 0.37421875 0.225 0.1921875
10 0.16875 0.50078125 0.05859375 0.0453125
9 0.28984375 0.2265625 0.1 0.028125
12 0.275 0.19375 0.121875 0.05625
7 0.2859375 0.24140625 0.1 0.0609375
14 0.26640625 0.36171875 0.3046875 0.4140625
16 0.7171875 0.1125 0.15859375 0.175
10 0.75625 0.23671875 0.04140625 0.0421875
6 0.64375 0.3484375 0.08359375 0.084375
6 0.76328125 0.35703125 0.1390625 0.0765625
14 0.71640625 0.2 0.2859375 0.4
14 0.296875 0.784375 0.24375 0.43125
16 0.3140625 0.8921875 0.209375 0.215625
12 0.3328125 0.63515625 0.171875 0.1171875
16 0.74765625 0.78359375 0.25859375 0.2734375
10 0.76953125 0.97265625 0.0859375 0.0546875
7 0.8109375 0.60234375 0.096875 0.0671875
14 0.76328125 0.784375 0.4296875 0.43125