16 0.0890625 0.1984375 0.153125 0.121875
6 0.0625 0.38203125 0.0609375 0.0734375
6 0.13515625 0.38515625 0.0609375 0.0765625
12 0.08828125 0.096875 0.1015625 0.05625
14 0.09609375 0.253125 0.1921875 0.378125
9 0.58359375 0.19375 0.1671875 0.11875
11 0.68125 0.48203125 0.3625 0.0953125
8 0.60078125 0.28359375 0.165625 0.290625
14 0.6640625 0.26484375 0.328125 0.5296875
9 0.434375 0.9421875 0.13125 0.1
8 0.2359375 0.94296875 0.2125 0.1140625
8 0.44140625 0.9515625 0.1171875 0.096875
12 0.41484375 0.86015625 0.1703125 0.1390625
12 0.21171875 0.8203125 0.3546875 0.1375
14 0.2203125 0.87265625 0.440625 0.2546875
14 0.678125 0.76484375 0.34375 0.4703125
16 0.6765625 0.68125 0.2625 0.221875
6 0.63125 0.96953125 0.121875 0.0609375
6 0.7640625 0.9609375 0.15625 0.078125