16 0.1375 0.18515625 0.275 0.2515625
6 0.0578125 0.52890625 0.09375 0.1015625
6 0.225 0.52421875 0.121875 0.1109375
14 0.17734375 0.28984375 0.3546875 0.5796875
7 0.53125 0.21875 0.03359375 0.053125
14 0.5546875 0.37421875 0.109375 0.4109375
13 0.571875 0.1984375 0.053125 0.0515625
13 0.53359375 0.15234375 0.0453125 0.04140625
7 0.23046875 0.75703125 0.0484375 0.078125
7 0.396875 0.8265625 0.04296875 0.0890625
14 0.23828125 0.8328125 0.1359375 0.334375
10 0.28828125 0.9640625 0.0390625 0.071875
10 0.24453125 0.97734375 0.0421875 0.0453125
14 0.40390625 0.8625 0.1359375 0.275
13 0.42421875 0.74921875 0.0625 0.05
13 0.2296875 0.69375 0.04765625 0.04609375
14 0.79453125 0.78046875 0.1546875 0.4015625
10 0.753125 0.69296875 0.04765625 0.09296875
14 0.64140625 0.78984375 0.1703125 0.4203125