14 0.11328125 0.2109375 0.2265625 0.421875
16 0.09765625 0.06796875 0.1953125 0.1359375
10 0.07578125 0.1859375 0.0890625 0.059375
6 0.08046875 0.365625 0.1609375 0.13125
6 0.1484375 0.328125 0.1390625 0.109375
14 0.74921875 0.2453125 0.3453125 0.428125
16 0.74921875 0.2953125 0.246875 0.2375
10 0.61953125 0.42578125 0.0609375 0.0546875
10 0.81875 0.43984375 0.09375 0.0390625
9 0.69609375 0.1203125 0.10546875 0.034375
7 0.70859375 0.13828125 0.121875 0.06875
12 0.73515625 0.07109375 0.178125 0.06875
5 0.11796875 0.715625 0.2359375 0.5125
5 0.32421875 0.7109375 0.2890625 0.503125
16 0.67421875 0.63359375 0.1546875 0.3484375
14 0.659375 0.7296875 0.215625 0.540625
14 0.88984375 0.7296875 0.2203125 0.540625