10 0.06640625 0.0234375 0.0640625 0.046875
6 0.0484375 0.1921875 0.0890625 0.1125
1 0.77578125 0.25390625 0.4484375 0.4109375
16 0.37109375 0.690625 0.20859375 0.171875
10 0.2796875 0.80625 0.053125 0.0375
10 0.490625 0.7984375 0.053125 0.046875
6 0.3546875 0.94609375 0.06953125 0.0921875
6 0.46875 0.94296875 0.09140625 0.0921875
9 0.34765625 0.5640625 0.096875 0.0234375
7 0.34609375 0.5765625 0.09453125 0.046875
12 0.34453125 0.53359375 0.1140625 0.0515625
14 0.36953125 0.7546875 0.2984375 0.484375
14 0.6046875 0.64453125 0.171875 0.3703125
16 0.58125 0.50859375 0.125 0.0984375
10 0.65859375 0.5578125 0.05546875 0.065625
6 0.5453125 0.765625 0.053125 0.128125
6 0.615625 0.7375 0.16953125 0.10625