14 0.22578125 0.1796875 0.4515625 0.359375
16 0.125 0.18046875 0.25 0.3359375
16 0.7109375 0.3078125 0.146875 0.103125
12 0.74375 0.221875 0.08359375 0.0609375
7 0.73671875 0.25390625 0.075 0.0375
14 0.70859375 0.27421875 0.2609375 0.1703125
16 0.25703125 0.65078125 0.19140625 0.1734375
10 0.13046875 0.76171875 0.05 0.0546875
10 0.41640625 0.7609375 0.04453125 0.059375
6 0.27734375 0.91484375 0.071875 0.1109375
6 0.17734375 0.921875 0.078125 0.10625
9 0.28046875 0.53828125 0.0890625 0.0265625
7 0.2828125 0.54765625 0.0890625 0.0453125
12 0.27890625 0.50390625 0.121875 0.0625
14 0.26484375 0.725 0.371875 0.5125
1 0.69375 0.6796875 0.315625 0.640625