16 0.15 0.2140625 0.2 0.184375
10 0.0546875 0.31171875 0.05859375 0.0484375
10 0.303125 0.3265625 0.04453125 0.046875
6 0.19296875 0.46875 0.0859375 0.08125
6 0.125 0.46171875 0.06640625 0.0859375
12 0.1765625 0.059375 0.11953125 0.0578125
14 0.18515625 0.27109375 0.3109375 0.4765625
10 0.95546875 0.0703125 0.071875 0.075
6 0.68515625 0.30390625 0.1109375 0.1609375
6 0.90546875 0.34609375 0.15 0.1796875
14 0.81484375 0.2234375 0.3703125 0.446875
10 0.26015625 0.53046875 0.03046875 0.0359375
10 0.0921875 0.540625 0.028125 0.03125
6 0.15234375 0.63203125 0.053125 0.0609375
6 0.23125 0.63828125 0.05546875 0.0640625
14 0.1796875 0.590625 0.225 0.1625
16 0.90625 0.784375 0.1875 0.25625
10 0.778125 0.92109375 0.046875 0.0609375
12 0.934375 0.5578125 0.13125 0.084375
14 0.85859375 0.75625 0.2828125 0.4875