10 0.24296875 0.0359375 0.05546875 0.05625
10 0.0125 0.046875 0.025 0.053125
6 0.24453125 0.22421875 0.10859375 0.1203125
6 0.103125 0.20546875 0.0859375 0.1296875
14 0.16328125 0.14609375 0.3265625 0.2921875
16 0.675 0.26015625 0.315625 0.1796875
7 0.7578125 0.1140625 0.13046875 0.096875
12 0.6828125 0.0390625 0.253125 0.078125
14 0.67578125 0.175 0.3859375 0.35
16 0.084375 0.475 0.16875 0.25
6 0.13046875 0.840625 0.15 0.15
14 0.1203125 0.646875 0.240625 0.59375
14 0.5828125 0.675 0.3625 0.65
15 0.51640625 0.940625 0.1078125 0.11875