16 0.10625 0.0671875 0.2125 0.134375
10 0.0203125 0.16640625 0.040625 0.0453125
10 0.228125 0.15703125 0.05859375 0.0453125
6 0.0828125 0.315625 0.078125 0.1125
6 0.21171875 0.31484375 0.09140625 0.1046875
14 0.13515625 0.18671875 0.2703125 0.3734375
10 0.78125 0.01484375 0.053125 0.0296875
10 0.55859375 0.0171875 0.0640625 0.034375
6 0.6296875 0.16328125 0.078125 0.1046875
6 0.75859375 0.16328125 0.096875 0.1078125
14 0.659375 0.11796875 0.31875 0.2359375
1 0.12109375 0.7453125 0.2421875 0.509375
14 0.65625 0.725 0.3125 0.55
16 0.65859375 0.59140625 0.2796875 0.2828125
6 0.6359375 0.96484375 0.228125 0.0703125
10 0.56171875 0.7703125 0.1140625 0.071875