16 0.4828125 0.1703125 0.2125 0.2625
10 0.3625 0.30390625 0.04453125 0.0609375
6 0.571875 0.521875 0.034375 0.09375
6 0.4296875 0.50703125 0.121875 0.0984375
14 0.43515625 0.284375 0.3078125 0.56875
16 0.6203125 0.05390625 0.0625 0.1078125
10 0.6765625 0.12109375 0.0359375 0.0421875
6 0.63359375 0.22578125 0.05546875 0.0609375
14 0.6453125 0.1390625 0.1125 0.278125
14 0.37578125 0.8265625 0.3421875 0.346875
16 0.334375 0.89375 0.21875 0.2125
12 0.3671875 0.69296875 0.1859375 0.078125
2 0.6609375 0.82265625 0.14375 0.3546875