10 0.0859375 0.01875 0.05625 0.0375
6 0.06328125 0.109375 0.103125 0.059375
6 0.134375 0.12734375 0.1109375 0.0640625
14 0.1015625 0.08203125 0.203125 0.1640625
16 0.52890625 0.25859375 0.20859375 0.2421875
10 0.659375 0.37109375 0.053125 0.0578125
9 0.575 0.06875 0.0859375 0.03125
7 0.56796875 0.08671875 0.096875 0.0703125
12 0.52109375 0.03125 0.1953125 0.0625
14 0.50859375 0.2 0.3546875 0.4
0 0.10625 0.86640625 0.2125 0.2671875
16 0.68828125 0.47578125 0.2859375 0.1515625
10 0.86171875 0.56875 0.05546875 0.065625
6 0.7921875 0.77734375 0.14453125 0.1265625
6 0.65390625 0.7625 0.10859375 0.1203125
14 0.715625 0.62421875 0.38125 0.4484375