16 0.1515625 0.34765625 0.20546875 0.1859375
10 0.03515625 0.47265625 0.0609375 0.0453125
10 0.2921875 0.45859375 0.04140625 0.0515625
9 0.16171875 0.2078125 0.09140625 0.0265625
7 0.16328125 0.2234375 0.09453125 0.0546875
12 0.14921875 0.1734375 0.13046875 0.053125
14 0.1609375 0.33671875 0.321875 0.3859375
14 0.90078125 0.28515625 0.1984375 0.4890625
16 0.93515625 0.3125 0.1296875 0.24375
12 0.94296875 0.084375 0.1140625 0.06875
16 0.3375 0.725 0.1109375 0.09375
10 0.39453125 0.7875 0.03046875 0.028125
10 0.27109375 0.78515625 0.03359375 0.0265625
6 0.3546875 0.87265625 0.05 0.0578125
6 0.28125 0.8625 0.0359375 0.046875
9 0.34375 0.65546875 0.05 0.0140625
7 0.34375 0.66171875 0.046875 0.028125
12 0.3390625 0.63828125 0.0640625 0.0296875
14 0.340625 0.76796875 0.175 0.2796875
6 0.91640625 0.55703125 0.0578125 0.0546875
6 0.82109375 0.53984375 0.0546875 0.0203125