14 0.365625 0.21484375 0.3875 0.4296875
16 0.3984375 0.128125 0.2859375 0.253125
10 0.515625 0.26171875 0.0640625 0.0484375
10 0.22265625 0.26484375 0.071875 0.0640625
10 0.5828125 0.11953125 0.046875 0.0578125
6 0.5796875 0.29375 0.040625 0.1125
5 0.0859375 0.6703125 0.171875 0.446875
5 0.36875 0.68984375 0.38125 0.4359375
5 0.3484375 0.91875 0.421875 0.1625
14 0.76875 0.71484375 0.41875 0.5703125
16 0.7453125 0.659375 0.371875 0.284375
7 0.7453125 0.47265625 0.1296875 0.0796875
11 0.571875 0.80078125 0.025 0.0671875
11 0.87890625 0.8125 0.0890625 0.0671875