16 0.1953125 0.29453125 0.2609375 0.2578125
10 0.11796875 0.45703125 0.06640625 0.0578125
12 0.1953125 0.06328125 0.196875 0.0734375
14 0.1953125 0.29140625 0.303125 0.5546875
13 0.6265625 0.06640625 0.115625 0.1203125
9 0.63359375 0.18125 0.1296875 0.1125
11 0.80859375 0.3640625 0.115625 0.11328125
8 0.621875 0.2109375 0.10625 0.159375
14 0.7703125 0.3015625 0.403125 0.534375
16 0.3078125 0.87578125 0.284375 0.2484375
9 0.28515625 0.69140625 0.14453125 0.034375
7 0.29296875 0.70625 0.146875 0.0734375
12 0.2921875 0.6328125 0.16640625 0.0890625
14 0.31484375 0.79765625 0.4609375 0.4046875
2 1 0.8845982140625 0.97578125 0.8984375 0.90703125 0.965625 0.88359375 0.959375 0.875 0.93828125 0.9390625 0.86171875 0.92578125 0.8578125 0.91328125 0.8640625 0.86875 0.90703125 0.8453125 0.97890625 0.85859375 0.96875 0.877648628125 1 0.904296875 1 0.9125 0.98359375 0.97578125 0.9296875 1 0.917578125 1 0.8845982140625