10 0.1515625 0.084375 0.0640625 0.05625
6 0.0796875 0.25546875 0.09140625 0.1265625
14 0.10625 0.1625 0.2125 0.325
14 0.86171875 0.2546875 0.2765625 0.509375
8 0.9484375 0.01796875 0.103125 0.0359375
11 0.81484375 0.4359375 0.128125 0.1015625
0 0.46875 0.612567971875 0.1572735984375 0.6863613859375001 0.2197632234375 0.8347129984375 0.3884852578125 0.9596405125 0.46875 0.9370960703125 0.46875 0.612567971875
0 0.46875 0.509375 0.178288790625 0.509375 0.17602055781249998 0.611404853125 0.36817608125 0.7956730125 0.46875 0.643705503125 0.46875 0.509375
9 0.92265625 0.64921875 0.0890625 0.05078125
8 0.78359375 0.7921875 0.07421875 0.1078125
13 0.75234375 0.6984375 0.115625 0.07421875
13 0.92265625 0.5859375 0.10078125 0.05546875
14 0.64921875 0.821875 0.3296875 0.35625
14 0.90078125 0.70703125 0.1984375 0.3296875
4 0.7859375 0.7640625 0.06953125 0.0453125