16 0.33359375 0.12890625 0.20546875 0.1796875
10 0.44453125 0.2390625 0.05546875 0.053125
10 0.2390625 0.24375 0.05546875 0.04375
6 0.2984375 0.38671875 0.06953125 0.0984375
6 0.41640625 0.38515625 0.0890625 0.0984375
9 0.315625 0.00546875 0.103125 0.0109375
7 0.315625 0.01875 0.096875 0.0375
14 0.328125 0.21953125 0.303125 0.4390625
9 0.7546875 0.13203125 0.15 0.1453125
8 0.7515625 0.18828125 0.14375 0.2296875
1 0.26171875 0.78828125 0.1921875 0.4171875
1 0.596875 0.78984375 0.165625 0.4203125
12 0.4421875 0.73828125 0.13828125 0.13828125
14 0.39140625 0.78984375 0.5765625 0.4203125
10 0.20703125 0.80390625 0.2359375 0.3921875
10 0.6296875 0.78984375 0.1 0.4203125