10 0.2609375 0.0171875 0.04375 0.034375
6 0.0484375 0.253125 0.096875 0.121875
6 0.20703125 0.24375 0.096875 0.128125
14 0.1703125 0.15859375 0.340625 0.3171875
1 0.62890625 0.21953125 0.3515625 0.4390625
16 0.10390625 0.5796875 0.2078125 0.221875
10 0.2234375 0.71640625 0.0609375 0.0609375
10 0.009375 0.7171875 0.01875 0.059375
6 0.1609375 0.89375 0.09140625 0.128125
6 0.03125 0.88515625 0.0625 0.1171875
7 0.09609375 0.45546875 0.1109375 0.0328125
14 0.13671875 0.70234375 0.2734375 0.5265625
14 0.8375 0.71953125 0.325 0.5609375
11 0.70390625 0.6890625 0.19921875 0.48046875
11 0.93828125 0.6171875 0.1234375 0.28125
8 0.8765625 0.50546875 0.121875 0.1328125
14 0.62109375 0.71953125 0.2984375 0.5609375