14 0.3671875 0.24140625 0.378125 0.4828125
16 0.40078125 0.0890625 0.2640625 0.178125
10 0.23046875 0.20078125 0.05 0.0671875
6 0.37109375 0.4140625 0.1359375 0.1125
16 0.9640625 0.25 0.071875 0.1
10 0.921875 0.3125 0.0359375 0.0375
6 0.98671875 0.39375 0.0265625 0.05625
6 0.96015625 0.40390625 0.0640625 0.0640625
9 0.97890625 0.1796875 0.0421875 0.015625
7 0.97890625 0.1875 0.0421875 0.028125
12 0.9734375 0.16484375 0.053125 0.0328125
14 0.946875 0.29375 0.10625 0.290625
10 0.22421875 0.63515625 0.0359375 0.0109375
10 0.078125 0.6484375 0.05 0.0375
6 0.1140625 0.7765625 0.125 0.084375
6 0.1765625 0.75 0.10546875 0.090625
14 0.146875 0.72421875 0.221875 0.1890625
5 0.6015625 0.81484375 0.084375 0.3703125