16 0.415625 0.28984375 0.10625 0.2609375
7 0.415625 0.12265625 0.10625 0.0765625
9 0.39609375 0.09921875 0.0859375 0.0328125
12 0.41171875 0.0484375 0.1140625 0.08125
14 0.3828125 0.3 0.171875 0.6
16 0.67421875 0.259375 0.1390625 0.15
10 0.5671875 0.3484375 0.03046875 0.0375
6 0.7375 0.46796875 0.06640625 0.0765625
6 0.615625 0.465625 0.1109375 0.0625
12 0.63671875 0.125 0.10546875 0.0421875
14 0.66875 0.3109375 0.26640625 0.415625
10 0.1375 0.659375 0.06953125 0.0625
10 0.44140625 0.64765625 0.05 0.0703125
6 0.20546875 0.796875 0.071875 0.115625
6 0.34296875 0.86640625 0.096875 0.1453125
14 0.28046875 0.77421875 0.3765625 0.3484375
1 0.65703125 0.89453125 0.3046875 0.2109375
1 0.92734375 0.7609375 0.1453125 0.321875