14 0.40390625 0.30078125 0.3515625 0.4578125
16 0.44140625 0.3296875 0.2765625 0.25
10 0.2640625 0.45 0.0609375 0.059375
12 0.45859375 0.11015625 0.171875 0.0765625
16 0.88828125 0.08671875 0.2234375 0.1734375
10 0.875 0.253125 0.13359375 0.090625
6 0.88984375 0.45234375 0.2203125 0.1546875
6 0.95 0.4046875 0.1 0.15625
14 0.8578125 0.26484375 0.284375 0.5296875
16 0.209375 0.61875 0.159375 0.140625
6 0.17109375 0.825 0.059375 0.08125
6 0.2640625 0.83125 0.0671875 0.078125
12 0.21953125 0.7 0.2734375 0.340625
14 0.86875 0.76484375 0.2625 0.4703125
16 0.93125 0.62734375 0.1375 0.1953125
10 0.7921875 0.7296875 0.0640625 0.065625
6 0.92734375 0.96796875 0.1453125 0.0640625
6 0.91875 0.9390625 0.1625 0.121875