16 0.28828125 0.1171875 0.2890625 0.234375
10 0.17578125 0.28515625 0.1140625 0.0671875
10 0.43125 0.23984375 0.015625 0.0703125
6 0.3609375 0.4640625 0.15625 0.159375
6 0.2171875 0.50390625 0.14140625 0.1640625
14 0.2515625 0.2984375 0.375 0.596875
16 0.6046875 0.13125 0.33125 0.2625
10 0.77265625 0.2640625 0.0609375 0.065625
10 0.44765625 0.2609375 0.0171875 0.075
6 0.534375 0.5171875 0.1390625 0.134375
6 0.734375 0.5296875 0.1609375 0.15
14 0.66015625 0.30625 0.4421875 0.6125
6 0.109375 0.80234375 0.1140625 0.1484375
6 0.284375 0.778125 0.15859375 0.140625
14 0.19140625 0.7546875 0.3828125 0.25
16 0.6234375 0.75234375 0.275 0.2453125
10 0.48125 0.87890625 0.053125 0.0671875
10 0.6578125 0.9171875 0.1 0.06875
14 0.62109375 0.81484375 0.3640625 0.3703125