16 0.2171875 0.23828125 0.16953125 0.1484375
10 0.33984375 0.3203125 0.04140625 0.04375
10 0.121875 0.3296875 0.04453125 0.0375
12 0.221875 0.134375 0.10859375 0.0703125
14 0.21875 0.234375 0.3 0.26875
16 0.71015625 0.10234375 0.3140625 0.2046875
10 0.74375 0.278125 0.09140625 0.084375
14 0.7375 0.184375 0.415625 0.36875
16 0.1875 0.6625 0.271875 0.271875
10 0.36796875 0.8203125 0.06640625 0.06875
6 0.17578125 0.97578125 0.0390625 0.0203125
12 0.19375 0.428125 0.175 0.0796875
14 0.2265625 0.6921875 0.384375 0.615625
16 0.85859375 0.703125 0.246875 0.271875
12 0.87578125 0.46484375 0.19140625 0.0875
14 0.8578125 0.703125 0.284375 0.59375