16 0.33359375 0.0828125 0.2703125 0.165625
10 0.22734375 0.209375 0.09453125 0.06875
6 0.28125 0.40546875 0.09140625 0.1453125
6 0.428125 0.39765625 0.08125 0.1484375
14 0.30546875 0.2453125 0.3265625 0.490625
16 0.765625 0.3046875 0.28359375 0.271875
10 0.8796875 0.47890625 0.09453125 0.0734375
10 0.628125 0.46171875 0.06953125 0.0703125
9 0.74296875 0.1046875 0.13046875 0.040625
12 0.76796875 0.05078125 0.2 0.0890625
7 0.75 0.12578125 0.14140625 0.0828125
14 0.7875 0.2796875 0.425 0.559375
9 0.11484375 0.7859375 0.2296875 0.096875
8 0.08828125 0.84453125 0.1765625 0.2015625
13 0.09609375 0.69140625 0.1921875 0.0984375
14 0.234375 0.8234375 0.46875 0.353125
3 0.2109375 0.8890625 0.06640625 0.12734375
16 0.815625 0.621875 0.21875 0.125
10 0.63828125 0.7109375 0.053125 0.059375
6 0.70625 0.91953125 0.18359375 0.1171875
6 0.82734375 0.8953125 0.096875 0.10625
14 0.765625 0.77109375 0.36875 0.4234375