14 0.25 0.2234375 0.21875 0.446875
16 0.27421875 0.065625 0.1703125 0.13125
10 0.18359375 0.14296875 0.0609375 0.0546875
10 0.34765625 0.171875 0.0234375 0.06875
6 0.26328125 0.33359375 0.146875 0.1203125
6 0.33203125 0.3734375 0.0546875 0.13125
5 0.73203125 0.275 0.5359375 0.55
5 0.5375 0.16640625 0.35625 0.3328125
5 0.1578125 0.80546875 0.315625 0.3890625
9 0.4046875 0.57890625 0.090625 0.0578125
11 0.6484375 0.659375 0.13671875 0.146875
8 0.40546875 0.59609375 0.0921875 0.0921875
14 0.4625 0.709375 0.20625 0.31875
14 0.90625 0.6984375 0.1875 0.296875
8 0.65546875 0.559375 0.0515625 0.01875