6 0.075 0.075 0.05859375 0.090625
6 0.11953125 0.05625 0.053125 0.075
14 0.1125 0.065625 0.225 0.13125
16 0.39375 0.51875 0.2125 0.21875
10 0.25859375 0.646875 0.05859375 0.06875
6 0.44609375 0.86328125 0.1078125 0.1265625
6 0.29765625 0.90078125 0.146875 0.1609375
14 0.3453125 0.70234375 0.309375 0.5859375
16 0.73671875 0.66484375 0.24140625 0.2828125
10 0.934375 0.8296875 0.053125 0.0625
6 0.8140625 0.9875 0.18125 0.025
6 0.64609375 0.9609375 0.1453125 0.078125
12 0.77109375 0.43125 0.1921875 0.04375
14 0.76484375 0.7046875 0.4140625 0.590625