16 0.2484375 0.28125 0.121875 0.26875
10 0.2109375 0.4546875 0.0859375 0.065625
9 0.28359375 0.078125 0.0515625 0.040625
12 0.26484375 0.03515625 0.0890625 0.0703125
7 0.284375 0.09609375 0.05 0.0703125
14 0.209375 0.259375 0.2 0.51875
16 0.6 0.209375 0.225 0.2
10 0.70390625 0.325 0.0390625 0.04375
10 0.4625 0.30703125 0.05 0.0515625
6 0.6375 0.46953125 0.071875 0.0828125
6 0.534375 0.48515625 0.078125 0.0671875
12 0.60703125 0.0375 0.13359375 0.0421875
14 0.5875 0.26484375 0.328125 0.5078125
2 0.309375 0.51875 0.0248883921875 0.51875 0.05703125 0.54375 0.09609375 0.559375 0.13671875 0.6078125 0.2265625 0.63359375 0.2578125 0.75390625 0.22109375 0.765625 0.17890625 0.803125 0.08671875 0.8203125 0.04140625 0.8359375 0.0109375 0.85390625 0.0046875 0.88515625 0 0.88984375 0 0.9623437499999999 0.0109375 0.97109375 0.0181640625 1 0.114122596875 1 0.11953125 0.9765625 0.18828125 0.96875 0.190625 0.98359375 0.18515625 1 0.2692073171875 1 0.278125 0.96953125 0.2921875 0.95078125 0.29375 0.93828125 0.309375 0.9299236921875 0.309375 0.51875
8 0.890625 0.54296875 0.08125 0.0484375
11 0.82890625 0.88984375 0.08203125 0.125
9 0.88359375 0.759375 0.2328125 0.48125