14 0.23125 0.26015625 0.396875 0.5203125
16 0.25859375 0.1015625 0.3078125 0.203125
10 0.084375 0.21953125 0.075 0.0703125
6 0.31640625 0.42734375 0.11640625 0.1171875
6 0.1625 0.4453125 0.153125 0.13125
11 0.990625 0.14921875 0.01875 0.0859375
14 0.31875 0.76328125 0.396875 0.4671875
16 0.359375 0.5984375 0.29375 0.1375
10 0.16796875 0.68828125 0.06640625 0.0734375
6 0.4140625 0.8890625 0.1390625 0.125
6 0.27265625 0.921875 0.18046875 0.1359375
14 0.86640625 0.76484375 0.2671875 0.4703125
16 0.8875 0.6203125 0.225 0.18125
10 0.778125 0.71875 0.06640625 0.0625
10 0.95703125 0.75859375 0.0859375 0.0734375
6 0.94609375 0.95 0.1078125 0.1
6 0.865625 0.9203125 0.18046875 0.134375