14 0.1484375 0.353125 0.296875 0.571875
16 0.11171875 0.30625 0.2234375 0.21875
10 0.084375 0.45546875 0.078125 0.0546875
10 0.24453125 0.41171875 0.05859375 0.0578125
6 0.08515625 0.60546875 0.1703125 0.0671875
6 0.19609375 0.59140625 0.1640625 0.0953125
9 0.14140625 0.13671875 0.0890625 0.028125
7 0.12890625 0.14921875 0.0890625 0.0625
12 0.084375 0.09765625 0.16875 0.0640625
14 0.68671875 0.29453125 0.3734375 0.5890625
16 0.68359375 0.18359375 0.25859375 0.2265625
10 0.82109375 0.31953125 0.078125 0.0578125
10 0.565625 0.32109375 0.0609375 0.0546875
6 0.79765625 0.50625 0.103125 0.134375
6 0.6515625 0.50078125 0.10546875 0.1203125
9 0.646875 0.015625 0.115625 0.03125
7 0.65078125 0.03125 0.1140625 0.0625
5 0.25 0.84609375 0.5 0.3078125
14 0.84921875 0.796875 0.3015625 0.315625
10 0.77578125 0.65859375 0.0453125 0.0390625
6 0.96015625 0.878125 0.0796875 0.11875
6 0.83125 0.86953125 0.103125 0.1171875