16 0.4125 0.3625 0.246875 0.265625
10 0.42421875 0.534375 0.09140625 0.065625
9 0.340625 0.16796875 0.078125 0.0328125
7 0.36015625 0.1828125 0.096875 0.06875
12 0.41171875 0.11328125 0.18359375 0.075
14 0.415625 0.35859375 0.346875 0.5828125
14 0.81484375 0.325 0.3703125 0.65
11 0.93046875 0.4125 0.071875 0.08203125
7 0.78359375 0.034375 0.1359375 0.06875
1 0.265625 0.78984375 0.12265625 0.24140625
9 0.8046875 0.79296875 0.12734375 0.0765625
12 0.79140625 0.71640625 0.2234375 0.1328125
8 0.80859375 0.8265625 0.125 0.14921875
14 0.81484375 0.825 0.3703125 0.35