16 0.34921875 0.0703125 0.2796875 0.140625
6 0.4484375 0.3484375 0.08125 0.109375
6 0.2984375 0.39296875 0.096875 0.1390625
14 0.32421875 0.2359375 0.3296875 0.471875
10 0.2296875 0.14375 0.05859375 0.0734375
16 0.90625 0.021875 0.14375 0.04375
10 0.8140625 0.06328125 0.046875 0.0453125
10 0.99375 0.0625 0.0125 0.04375
6 0.8828125 0.1953125 0.05859375 0.090625
6 0.92734375 0.1765625 0.053125 0.075
14 0.89296875 0.12578125 0.2140625 0.2515625
16 0.2953125 0.68046875 0.221875 0.1015625
10 0.475 0.75859375 0.028125 0.0640625
6 0.40859375 0.9484375 0.1609375 0.103125
6 0.2109375 0.93515625 0.171875 0.1296875
14 0.29140625 0.81484375 0.3953125 0.3703125
16 0.7015625 0.825 0.24453125 0.265625
10 0.58046875 0.97734375 0.0796875 0.0453125
7 0.6578125 0.66171875 0.1 0.0640625
14 0.71796875 0.81484375 0.3859375 0.3703125