16 0.10234375 0.17578125 0.16953125 0.1703125
10 0.175 0.278125 0.05 0.021875
12 0.115625 0.028125 0.140625 0.05625
7 0.14140625 0.0671875 0.06953125 0.05
14 0.109375 0.14453125 0.21875 0.2890625
0 0.6758554078125 0 0.46039312812500005 0.138059684375 0.3890625 0.22416952031249998 0.3890625 0.2890625 0.8655292984375 0.2890625 0.9696835437499999 0.20520824375000002 1 0.1893975390625 1 0.077231890625 0.8728246734375 0.0053241375 0.83447504375 0 0.6758554078125 0
16 0.35390625 0.471875 0.0703125 0.10625
10 0.31953125 0.540625 0.03359375 0.028125
6 0.34296875 0.62421875 0.046875 0.0578125
7 0.37734375 0.40234375 0.0234375 0.0296875
9 0.38046875 0.3953125 0.0171875 0.015625
12 0.36171875 0.37734375 0.0546875 0.0328125
14 0.33515625 0.51484375 0.1078125 0.3140625
0 0.3890625 0.2890625 0.3890625 0.9578428640624999 0.4775646171875 0.8486432374999999 0.49787367343749994 0.6753063125000001 0.5791102578125 0.489476403125 0.660346721875 0.32238582031249996 0.6579655093750001 0.2890625 0.3890625 0.2890625