14 0.45859375 0.325 0.1421875 0.65
16 0.48203125 0.20625 0.0953125 0.278125
10 0.50703125 0.3921875 0.0453125 0.071875
6 0.49375 0.59765625 0.071875 0.1046875
7 0.4921875 0.0296875 0.075 0.059375
6 0.4890625 0.5484375 0.08125 0.134375
2 0.85546875 0.45078125 0.2890625 0.3984375
2 0.5671875 0.4 0.075 0.5
3 0.83671875 0.165625 0.0390625 0.053125
9 0.10703125 0.784375 0.2140625 0.184375
8 0.10859375 0.8578125 0.2171875 0.284375
14 0.23984375 0.825 0.4796875 0.35
11 0.63046875 0.79140625 0.05390625 0.05390625
11 0.77890625 0.78046875 0.03046875 0.0453125
15 0.7078125 0.978125 0.1 0.04375
14 0.7015625 0.825 0.225 0.35