6 0.16328125 0.15703125 0.225 0.1421875
6 0.02890625 0.13203125 0.0578125 0.1421875
14 0.16328125 0.1203125 0.3265625 0.240625
16 0.90390625 0.03125 0.1546875 0.0625
10 0.8078125 0.07890625 0.04453125 0.0359375
10 0.99609375 0.07734375 0.0078125 0.0421875
6 0.9140625 0.1953125 0.0640625 0.08125
6 0.85078125 0.2046875 0.053125 0.0875
14 0.8875 0.12734375 0.225 0.2546875
16 0.29609375 0.67421875 0.21953125 0.1921875
10 0.16328125 0.79921875 0.05859375 0.0578125
10 0.45859375 0.78984375 0.05 0.0578125
6 0.33515625 0.93359375 0.06953125 0.0890625
6 0.25234375 0.95703125 0.0828125 0.0859375
12 0.3015625 0.50234375 0.125 0.0625
9 0.303125 0.53984375 0.096875 0.0265625
7 0.3046875 0.55234375 0.1 0.0546875
14 0.30859375 0.7359375 0.3609375 0.528125
16 0.9546875 0.64453125 0.090625 0.2609375
10 0.9296875 0.7984375 0.0609375 0.046875
9 0.915625 0.46328125 0.08359375 0.0375
12 0.9390625 0.41015625 0.121875 0.0765625
7 0.9296875 0.48125 0.1109375 0.071875
14 0.896875 0.6859375 0.20625 0.628125