16 0.33828125 0.1609375 0.29140625 0.29375
10 0.33125 0.1546875 0.2109375 0.10625
6 0.2640625 0.48046875 0.121875 0.0390625
7 0.34140625 0.0125 0.1421875 0.025
14 0.3359375 0.25 0.375 0.5
16 0.8625 0.33359375 0.1140625 0.0984375
6 0.8703125 0.475 0.046875 0.05
6 0.828125 0.47578125 0.05 0.0484375
12 0.8609375 0.2453125 0.0625 0.03125
14 0.8671875 0.3640625 0.19375 0.271875
10 0.2921875 0.540625 0.04453125 0.046875
10 0.48359375 0.54375 0.0390625 0.040625
6 0.44765625 0.66875 0.0609375 0.084375
6 0.34453125 0.6421875 0.0609375 0.0625
14 0.3875 0.609375 0.253125 0.21875
12 0.925 0.72578125 0.06875 0.0671875
16 0.74453125 0.92890625 0.1203125 0.1421875
16 0.93984375 0.89453125 0.0984375 0.2109375
12 0.7484375 0.78671875 0.06875 0.0859375
14 0.74375 0.8625 0.15 0.275
14 0.92265625 0.840625 0.1546875 0.31875