14 0.28984375 0.29296875 0.3828125 0.5859375
16 0.31796875 0.1265625 0.3140625 0.253125
10 0.13046875 0.28125 0.0640625 0.071875
6 0.38046875 0.48515625 0.128125 0.1234375
6 0.23046875 0.5125 0.1890625 0.1453125
10 0.99453125 0.32890625 0.0109375 0.0515625
14 0.3515625 0.83359375 0.334375 0.3328125
16 0.36484375 0.90625 0.2890625 0.1875
12 0.3796875 0.7109375 0.1609375 0.0734375
14 0.78359375 0.8296875 0.4046875 0.340625
11 0.64609375 0.9046875 0.08203125 0.06953125
11 0.9265625 0.89375 0.071875 0.0671875