16 0.4 0.12265625 0.340625 0.2453125
10 0.58828125 0.26171875 0.05 0.0640625
10 0.2671875 0.25234375 0.046875 0.0609375
6 0.5140625 0.4765625 0.11875 0.065625
6 0.3484375 0.471875 0.103125 0.075
14 0.41640625 0.2546875 0.4640625 0.509375
9 0.1484375 0.7578125 0.2671875 0.13203125
8 0.2078125 0.846875 0.1609375 0.2640625
8 0.50625 0.8296875 0.18515625 0.22578125
13 0.14375 0.578125 0.25 0.1375
13 0.5359375 0.59453125 0.303125 0.1703125
14 0.56640625 0.7546875 0.4046875 0.490625
14 0.16640625 0.759375 0.3328125 0.48125
10 0.7984375 0.715625 0.059375 0.0875
14 0.81171875 0.7546875 0.0859375 0.490625