16 0.259375 0.328125 0.246875 0.3125
10 0.46015625 0.52421875 0.078125 0.0671875
12 0.31953125 0.04921875 0.2390625 0.0984375
14 0.3359375 0.3296875 0.446875 0.659375
0 0.9203125 0.31875 0.159375 0.6375
16 0.25390625 0.7015625 0.1140625 0.084375
10 0.1875 0.7671875 0.04140625 0.028125
10 0.325 0.75625 0.028125 0.03125
6 0.2328125 0.8578125 0.04453125 0.059375
6 0.2828125 0.85078125 0.05546875 0.0640625
14 0.25859375 0.77421875 0.1953125 0.2296875
2 0.809375 0.82109375 0.78671875 0.6953125 0.7765625 0.71171875 0.7828125 0.75546875 0.76796875 0.76875 0.7484375 0.76171875 0.75625 0.71328125 0.7375 0.71171875 0.7375 0.80390625 0.74453125 0.821875 0.75078125 0.790625 0.76953125 0.79375 0.77890625 0.784375 0.7890625 0.78359375 0.790625 0.85390625 0.8046875 0.87421875 0.80625 0.88984375 0.815625 0.89296875 0.81875 0.88046875 0.81484375 0.8734375 0.809375 0.87578125 0.809375 0.86796875 0.8265625 0.84921875 0.809375 0.82109375