14 0.196875 0.3296875 0.24375 0.659375
16 0.22109375 0.225 0.1953125 0.2375
10 0.11796875 0.35546875 0.0609375 0.0546875
10 0.29453125 0.384375 0.0484375 0.06875
6 0.19765625 0.54609375 0.146875 0.1203125
6 0.27890625 0.5859375 0.0796875 0.13125
9 0.19453125 0.05 0.10546875 0.034375
7 0.20703125 0.06796875 0.121875 0.06875
12 0.23125 0.0171875 0.175 0.034375
14 0.75625 0.35390625 0.35 0.6296875
16 0.759375 0.3640625 0.29140625 0.3125
10 0.6625 0.5609375 0.078125 0.084375
7 0.70390625 0.16328125 0.121875 0.08125
12 0.75546875 0.08671875 0.253125 0.0875
0 0.159375 0.834375 0.31875 0.33125
14 0.59140625 0.834375 0.4328125 0.33125
16 0.6484375 0.8 0.284375 0.2625
10 0.440625 0.95859375 0.071875 0.0828125