16 0.2734375 0.1671875 0.121875 0.115625
10 0.346875 0.23125 0.025 0.034375
10 0.2078125 0.2359375 0.0359375 0.0375
6 0.22890625 0.3375 0.05 0.059375
6 0.30078125 0.33515625 0.05546875 0.0640625
12 0.30625 0.09453125 0.08046875 0.0546875
14 0.27578125 0.221875 0.1890625 0.309375
16 0.64140625 0.2765625 0.125 0.109375
10 0.56796875 0.34921875 0.04453125 0.0390625
10 0.71484375 0.34140625 0.03359375 0.0359375
6 0.646875 0.4453125 0.046875 0.065625
6 0.5875 0.4375 0.0390625 0.059375
9 0.65234375 0.19765625 0.0609375 0.0171875
7 0.65 0.203125 0.0640625 0.0390625
12 0.64375 0.178125 0.08359375 0.0375
14 0.6375 0.32421875 0.21953125 0.334375
16 0.1421875 0.8125 0.13046875 0.121875
10 0.2234375 0.87890625 0.03046875 0.0359375
10 0.0578125 0.8921875 0.03359375 0.03125
6 0.1265625 0.97734375 0.05625 0.0453125
6 0.18046875 0.97734375 0.0578125 0.0453125
12 0.1328125 0.7140625 0.09140625 0.04375
9 0.13984375 0.73515625 0.06953125 0.01875
7 0.13828125 0.7421875 0.0609375 0.0296875
14 0.1390625 0.84140625 0.20625 0.3171875
12 0.465625 0.6828125 0.053125 0.1
16 0.475 0.90546875 0.071875 0.1890625
14 0.73671875 0.80859375 0.2546875 0.3828125
14 0.50234375 0.80390625 0.1265625 0.3921875
3 0.7421875 0.7 0.01953125 0.0421875