16 0.1984375 0.11875 0.1109375 0.09375
6 0.215625 0.26640625 0.05 0.0578125
6 0.1421875 0.25625 0.0359375 0.046875
12 0.2 0.03203125 0.0640625 0.0296875
14 0.2015625 0.16171875 0.175 0.2796875
9 0.38203125 0.56015625 0.2484375 0.1609375
8 0.3921875 0.64765625 0.209375 0.24765625
16 0.3171875 0.9140625 0.465625 0.171875
14 0.275 0.73984375 0.55 0.5203125
9 0.8390625 0.51796875 0.20625 0.0765625
11 0.72421875 0.6328125 0.0734375 0.30625
11 0.9609375 0.62890625 0.078125 0.2984375
8 0.8375 0.58046875 0.1625 0.2015625
14 0.80546875 0.73984375 0.3890625 0.5203125