16 0.43203125 0.265625 0.171875 0.153125
10 0.33359375 0.36484375 0.046875 0.0328125
10 0.54296875 0.3515625 0.0390625 0.040625
6 0.4 0.49375 0.075 0.090625
6 0.4609375 0.46640625 0.0640625 0.0828125
12 0.4390625 0.1546875 0.1109375 0.071875
14 0.43203125 0.32890625 0.2734375 0.4296875
16 0.7234375 0.23515625 0.309375 0.3078125
10 0.884375 0.37578125 0.071875 0.0609375
14 0.76484375 0.275 0.3921875 0.55
16 0.38359375 0.56328125 0.1328125 0.0265625
10 0.3015625 0.59609375 0.028125 0.0359375
10 0.46640625 0.5875 0.046875 0.034375
6 0.36640625 0.6984375 0.046875 0.06875
6 0.409375 0.6875 0.05 0.05625
14 0.3796875 0.64296875 0.225 0.1859375
14 0.903125 0.7921875 0.19375 0.415625
16 0.93125 0.74765625 0.1375 0.1546875
10 0.840625 0.840625 0.05 0.0375
6 0.965625 0.96875 0.06875 0.0625
6 0.875 0.959375 0.053125 0.078125
12 0.9515625 0.6125 0.096875 0.04375
9 0.96484375 0.6390625 0.0703125 0.021875
7 0.9609375 0.6515625 0.078125 0.04375