14 0.3265625 0.265625 0.346875 0.528125
16 0.33046875 0.2859375 0.2640625 0.253125
10 0.35 0.459375 0.0859375 0.065625
9 0.2625 0.09375 0.1109375 0.0328125
7 0.26953125 0.1125 0.1140625 0.0703125
12 0.31953125 0.0453125 0.2 0.075
0 0.51875 0 0.51875 0.46168755937499995 0.6681380234375001 0.4735970421875 0.9555903203125 0.0004338671875 0.9553590015625 0 0.51875 0
16 0.85703125 0.7046875 0.23046875 0.196875
10 0.7484375 0.83125 0.05859375 0.046875
10 0.9734375 0.82421875 0.053125 0.0578125
6 0.8171875 0.96953125 0.08125 0.0609375
6 0.9578125 0.97109375 0.084375 0.0578125
9 0.8390625 0.5578125 0.10546875 0.028125
7 0.8375 0.571875 0.10859375 0.0546875
12 0.83828125 0.5421875 0.1296875 0.025
14 0.84375 0.76484375 0.3125 0.4703125