16 0.1890625 0.3140625 0.315625 0.33125
12 0.2390625 0.03671875 0.26875 0.0734375
14 0.19296875 0.23984375 0.3859375 0.4796875
1 0.70546875 0.3546875 0.4328125 0.25
16 0.196875 0.53828125 0.246875 0.1171875
10 0.08828125 0.6328125 0.096875 0.059375
6 0.08515625 0.7828125 0.1703125 0.109375
6 0.215625 0.821875 0.203125 0.11875
14 0.1921875 0.6765625 0.384375 0.39375
16 0.93359375 0.52890625 0.1203125 0.0984375
10 0.87109375 0.5921875 0.03046875 0.03125
10 0.99296875 0.58203125 0.0140625 0.0328125
6 0.90390625 0.68046875 0.046875 0.0609375
6 0.9703125 0.68515625 0.059375 0.0640625
14 0.9203125 0.59921875 0.159375 0.2390625