10 0.04375 0.175 0.03046875 0.028125
14 0.03203125 0.1640625 0.0640625 0.290625
14 0.6390625 0.234375 0.390625 0.46875
16 0.58515625 0.24140625 0.2140625 0.2640625
10 0.778125 0.39921875 0.06640625 0.0640625
12 0.625 0.02578125 0.178125 0.0515625
16 0.1328125 0.5625 0.265625 0.1875
10 0.3078125 0.66953125 0.05546875 0.0640625
6 0.22421875 0.92265625 0.1390625 0.1546875
6 0.0453125 0.921875 0.090625 0.15625
14 0.18046875 0.734375 0.3609375 0.53125
16 0.7203125 0.559375 0.3 0.18125
10 0.8046875 0.70625 0.09453125 0.078125
6 0.75625 0.92890625 0.225 0.1421875
6 0.63828125 0.89296875 0.0890625 0.1328125
14 0.73203125 0.734375 0.3796875 0.53125