16 0.10859375 0.05390625 0.2171875 0.1078125
10 0.015625 0.1359375 0.03125 0.05
10 0.23125 0.13359375 0.0609375 0.0515625
6 0.06484375 0.303125 0.08359375 0.109375
6 0.1984375 0.30234375 0.1 0.1140625
14 0.13828125 0.18828125 0.2765625 0.3765625
2 0.57734375 0.31953125 0.2171875 0.4890625
2 0.93671875 0.3109375 0.1265625 0.475
16 0.71484375 0.66640625 0.2140625 0.0546875
10 0.6265625 0.72421875 0.05859375 0.0421875
10 0.8421875 0.71171875 0.05546875 0.0453125
6 0.703125 0.8671875 0.08359375 0.09375
6 0.8171875 0.86484375 0.08359375 0.0984375
14 0.728125 0.78046875 0.328125 0.2828125