16 0.2546875 0.25546875 0.24453125 0.2578125
10 0.12734375 0.40078125 0.0703125 0.0359375
12 0.2296875 0.0296875 0.2 0.059375
14 0.2265625 0.209375 0.3 0.41875
16 0.65390625 0.29375 0.2484375 0.25
12 0.63671875 0.05390625 0.1984375 0.08125
14 0.6828125 0.215625 0.30625 0.40625
2 0 0.41875 0 0.991796875 0.01640625 1 0.27061298125 1 0.28359375 0.99375 0.30234375 0.99375 0.30546875 0.9859375 0.32265625 0.9796875 0.34921875 0.9765625 0.35390625 0.96875 0.38046875 0.9578125 0.396875 0.97265625 0.40338541718750004 1 0.4974609375 1 0.478125 0.97890625 0.45625 0.93828125 0.46328125 0.9296875 0.47421875 0.928125 0.478125 0.91328125 0.4875 0.90703125 0.4921875 0.88671875 0.4875 0.87421875 0.4921875 0.87109375 0.47890625 0.8671875 0.46796875 0.846875 0.43671875 0.8375 0.42578125 0.81875 0.34921875 0.7921875 0.3234375 0.75390625 0.325 0.55390625 0.3296875 0.52890625 0.346875 0.51796875 0.35 0.49453125 0.36640625 0.478125 0.44449728281249995 0.41875 0 0.41875
9 0.6125 0.54375 0.1515625 0.0796875
9 0.9234375 0.43515625 0.153125 0.0328125
13 0.6203125 0.44921875 0.18125 0.0609375
8 0.6140625 0.5953125 0.16171875 0.2
8 0.921875 0.49453125 0.15625 0.1515625
14 0.653125 0.709375 0.246875 0.58125
14 0.8578125 0.709375 0.284375 0.58125