16 0.21953125 0.03984375 0.2046875 0.0796875
10 0.1265625 0.1046875 0.05546875 0.04375
10 0.32890625 0.09765625 0.05 0.0484375
6 0.1828125 0.2484375 0.0640625 0.1
6 0.30234375 0.24921875 0.075 0.0984375
14 0.2296875 0.1515625 0.309375 0.303125
14 0.7265625 0.28359375 0.4 0.5671875
16 0.78671875 0.10234375 0.2609375 0.2046875
10 0.575 0.2390625 0.0640625 0.0796875
6 0.81953125 0.44609375 0.1140625 0.1359375
6 0.65390625 0.48359375 0.21640625 0.1421875
0 0.011062385937499999 0.5796875 0.2295837109375 1 0.459375 1 0.459375 0.8148377484375 0.39195047656250004 0.5796875 0.011062385937499999 0.5796875