14 0.26484375 0.2078125 0.2296875 0.415625
16 0.28515625 0.06796875 0.1890625 0.1359375
10 0.20703125 0.16015625 0.05546875 0.0546875
6 0.296875 0.334375 0.1140625 0.11875
16 0.771875 0.0578125 0.240625 0.115625
10 0.9046875 0.1359375 0.0609375 0.059375
10 0.65625 0.140625 0.05859375 0.053125
6 0.73125 0.31015625 0.09140625 0.1109375
6 0.87421875 0.3125 0.08359375 0.11875
14 0.77734375 0.18984375 0.3609375 0.3796875
16 0.1921875 0.64140625 0.234375 0.0828125
10 0.0875 0.7109375 0.071875 0.05
10 0.3234375 0.70859375 0.0609375 0.0515625
6 0.15703125 0.878125 0.08359375 0.109375
6 0.290625 0.87734375 0.1 0.1140625
14 0.19765625 0.77578125 0.3421875 0.3515625
5 0.5796875 0.740625 0.4 0.28125
5 0.86484375 0.67109375 0.2703125 0.1421875