16 0.1703125 0.07734375 0.315625 0.1546875
10 0.35390625 0.15703125 0.0609375 0.0796875
10 0.03359375 0.2140625 0.0671875 0.090625
6 0.084375 0.4015625 0.10546875 0.159375
6 0.2890625 0.42265625 0.175 0.1328125
14 0.2109375 0.24453125 0.421875 0.4890625
16 0.6046875 0.06640625 0.13125 0.1328125
10 0.7109375 0.1421875 0.04140625 0.053125
6 0.55859375 0.32890625 0.0390625 0.1109375
6 0.60703125 0.2796875 0.0890625 0.10625
14 0.634375 0.19921875 0.190625 0.3984375
16 0.121875 0.6640625 0.15859375 0.146875
10 0.025 0.75078125 0.04140625 0.0390625
10 0.25 0.74296875 0.0359375 0.0421875
6 0.09375 0.88828125 0.05859375 0.0921875
6 0.14140625 0.86171875 0.0640625 0.0734375
12 0.1328125 0.5609375 0.096875 0.0671875
14 0.1390625 0.7359375 0.278125 0.41875
14 0.94296875 0.7640625 0.1140625 0.471875
16 0.96015625 0.80234375 0.0796875 0.2640625