14 0.19296875 0.175 0.3859375 0.35
16 0.21484375 0.22890625 0.3078125 0.2421875
12 0.18984375 0.02109375 0.1828125 0.0421875
14 0.809375 0.096875 0.34375 0.19375
6 0.76328125 0.1265625 0.121875 0.128125
6 0.89765625 0.1046875 0.15546875 0.11875
1 0.24765625 0.73828125 0.2765625 0.5234375
14 0.65546875 0.596875 0.3140625 0.49375
16 0.64453125 0.4625 0.25859375 0.21875
10 0.5890625 0.609375 0.096875 0.05625
10 0.7875 0.5765625 0.0609375 0.0625
6 0.61015625 0.778125 0.13359375 0.1328125
6 0.7390625 0.75546875 0.16953125 0.1140625