16 0.634375 0.309375 0.24140625 0.209375
10 0.76953125 0.41015625 0.0296875 0.0390625
9 0.6546875 0.14765625 0.121875 0.0359375
12 0.62890625 0.11328125 0.13359375 0.0640625
7 0.6484375 0.16640625 0.1109375 0.0625
14 0.63515625 0.25390625 0.3671875 0.3515625
14 0.30625 0.72578125 0.165625 0.5484375
16 0.33671875 0.66796875 0.1046875 0.2078125
6 0.3421875 0.95390625 0.071875 0.0921875
10 0.28984375 0.80390625 0.06640625 0.0515625
12 0.3515625 0.48359375 0.075 0.0578125
9 0.3640625 0.515625 0.05 0.03125
7 0.36640625 0.53125 0.0453125 0.059375
14 0.61953125 0.71484375 0.4109375 0.5703125
16 0.6328125 0.66875 0.2859375 0.259375
10 0.7578125 0.81328125 0.05859375 0.0640625
6 0.67890625 0.9796875 0.0890625 0.040625
6 0.5265625 0.97578125 0.090625 0.0484375
12 0.64453125 0.45390625 0.1671875 0.0484375
10 0.47734375 0.7984375 0.05859375 0.06875