16 0.29296875 0.03828125 0.2734375 0.0765625
10 0.12890625 0.07890625 0.0609375 0.0734375
6 0.37890625 0.328125 0.1 0.13125
6 0.20390625 0.33125 0.121875 0.128125
14 0.253125 0.20234375 0.353125 0.4046875
16 0.78359375 0.0625 0.2859375 0.125
10 0.63515625 0.14375 0.06640625 0.071875
10 0.90859375 0.1640625 0.096875 0.075
6 0.8609375 0.38046875 0.103125 0.1578125
6 0.7078125 0.35703125 0.14453125 0.1453125
14 0.78984375 0.2296875 0.4203125 0.459375
14 0.21875 0.75625 0.309375 0.4875
16 0.19609375 0.76875 0.246875 0.23125
12 0.19140625 0.559375 0.184375 0.075
0 0.60390625 0.7296875 0.3484375 0.540625
0 0.83515625 0.86953125 0.31796875 0.18515625