16 0.23828125 0.35390625 0.21953125 0.1921875
10 0.10546875 0.47890625 0.05859375 0.0578125
10 0.40078125 0.46953125 0.05 0.0578125
12 0.24375 0.18203125 0.125 0.0625
9 0.2453125 0.21953125 0.096875 0.0265625
7 0.246875 0.23203125 0.1 0.0546875
14 0.25078125 0.33046875 0.3609375 0.3578125
16 0.8640625 0.21171875 0.271875 0.2703125
10 0.725 0.37421875 0.09140625 0.0703125
9 0.89140625 0.0125 0.1546875 0.025
7 0.884375 0.03515625 0.165625 0.0703125
14 0.81484375 0.2546875 0.3703125 0.509375
9 0.32265625 0.946875 0.4578125 0.10625
1 0.284375 0.7546875 0.56875 0.490625
16 0.7859375 0.77421875 0.13359375 0.1359375
10 0.70625 0.85234375 0.04140625 0.0359375
10 0.8734375 0.859375 0.0359375 0.0375
6 0.7875 0.96484375 0.065625 0.0703125
6 0.721875 0.965625 0.05 0.06875
12 0.80234375 0.65390625 0.08359375 0.0375
9 0.80546875 0.67421875 0.06640625 0.01875
7 0.80234375 0.68515625 0.075 0.0375
14 0.78046875 0.81484375 0.2296875 0.3703125