16 0.2640625 0.1140625 0.328125 0.228125
10 0.415625 0.234375 0.0359375 0.0625
10 0.1046875 0.23046875 0.053125 0.0578125
6 0.34296875 0.46796875 0.096875 0.1203125
6 0.1796875 0.46640625 0.103125 0.1203125
14 0.26328125 0.27109375 0.4453125 0.5421875
5 0.759375 0.26953125 0.48125 0.5390625
9 0.3140625 0.8140625 0.409375 0.2875
8 0.32421875 0.83359375 0.3890625 0.3328125
8 0.01328125 0.83203125 0.0265625 0.1390625
13 0.30234375 0.61171875 0.4328125 0.1046875
14 0.0625 0.84296875 0.125 0.3140625
3 0.10234375 0.8859375 0.10234375 0.22421875
10 0.97265625 0.59765625 0.046875 0.0640625
10 0.67109375 0.596875 0.05 0.0625
6 0.91875 0.83046875 0.10546875 0.1234375
6 0.75625 0.83046875 0.096875 0.1234375
14 0.79609375 0.72890625 0.4078125 0.3390625