16 0.078125 0.40234375 0.15625 0.1328125
12 0.08046875 0.29375 0.103125 0.071875
7 0.08359375 0.33359375 0.06953125 0.03125
14 0.11328125 0.3640625 0.2265625 0.209375
0 0.90078125 0.08203125 0.1984375 0.1640625
0 0.778125 0.39453125 0.31875 0.1484375
9 0.146875 0.8640625 0.071875 0.03828125
12 0.16171875 0.8015625 0.1078125 0.0765625
12 0.009375 0.9296875 0.01875 0.03125
8 0.14921875 0.88203125 0.0765625 0.0796875
14 0.1609375 0.86953125 0.225 0.2609375
5 0.76015625 0.65390625 0.4796875 0.2171875
5 0.76484375 0.9078125 0.4703125 0.184375