16 0.48984375 0.13984375 0.2109375 0.1828125
10 0.61171875 0.24921875 0.05 0.0578125
10 0.396875 0.259375 0.053125 0.040625
6 0.4671875 0.40390625 0.0609375 0.0984375
6 0.58671875 0.40078125 0.08359375 0.0953125
9 0.47421875 0.01484375 0.1 0.0265625
7 0.47265625 0.02578125 0.0859375 0.0515625
14 0.4984375 0.2296875 0.321875 0.459375
2 0.10546875 0.8203125 0.2109375 0.359375
9 0.55078125 0.53515625 0.0796875 0.0109375
11 0.46015625 0.709375 0.0375 0.03125
11 0.60078125 0.74296875 0.04921875 0.03515625
15 0.48125 0.83828125 0.11796875 0.040625
15 0.5515625 0.8765625 0.0828125 0.05
7 0.55078125 0.54609375 0.0796875 0.0328125
14 0.5453125 0.71875 0.24375 0.378125