16 0.3109375 0.10859375 0.25625 0.2171875
10 0.159375 0.25234375 0.078125 0.0609375
6 0.328125 0.453125 0.11640625 0.15
6 0.19765625 0.42734375 0.08359375 0.1265625
14 0.28046875 0.26875 0.3578125 0.5375
16 0.74453125 0.128125 0.2109375 0.25625
10 0.58359375 0.2953125 0.071875 0.075
6 0.5765625 0.48203125 0.203125 0.1109375
6 0.7703125 0.49453125 0.121875 0.1203125
14 0.66328125 0.27890625 0.3890625 0.5578125
16 0.2953125 0.8796875 0.25 0.240625
9 0.17734375 0.703125 0.0890625 0.03125
12 0.23359375 0.6640625 0.1828125 0.05
7 0.19375 0.721875 0.103125 0.0703125
14 0.26640625 0.81953125 0.3140625 0.3609375
16 0.853125 0.89765625 0.29375 0.2046875
12 0.84765625 0.74296875 0.20859375 0.134375
14 0.8140625 0.83828125 0.371875 0.3234375