6 0.19375 0.11640625 0.071875 0.1140625
6 0.078125 0.08203125 0.05859375 0.0765625
14 0.16015625 0.0953125 0.3203125 0.190625
16 0.69375 0.17734375 0.28125 0.2640625
7 0.825 0.02734375 0.103125 0.0546875
14 0.7609375 0.1546875 0.475 0.309375
1 0.33515625 0.38515625 0.06640625 0.12890625
1 0.1078125 0.38359375 0.0578125 0.115625
9 0.2015625 0.34140625 0.2 0.0640625
14 0.184375 0.6546875 0.36875 0.690625
2 0.8578125 0.85234375 0.8515625 0.84453125 0.8578125 0.83984375 0.8515625 0.83671875 0.8578125 0.83359375 0.865625 0.80234375 0.865625 0.71796875 0.8484375 0.53828125 0.83671875 0.5171875 0.821875 0.53671875 0.8359375 0.65078125 0.8359375 0.73984375 0.72890625 0.74375 0.7125 0.73203125 0.7203125 0.65234375 0.721875 0.50859375 0.71171875 0.5046875 0.6953125 0.51328125 0.690625 0.74296875 0.67421875 0.7765625 0.6515625 0.77578125 0.6421875 0.80859375 0.6421875 0.86171875 0.6234375 0.89609375 0.640625 0.89453125 0.6375 0.92890625 0.65234375 0.95 0.6625 0.91953125 0.67265625 0.9234375 0.68046875 0.915625 0.72578125 0.9328125 0.73515625 0.9296875 0.73984375 0.9390625 0.76015625 0.9421875 0.76640625 0.95 0.78125 0.94921875 0.8015625 0.93828125 0.80078125 0.928125 0.80859375 0.934375 0.82734375 0.9234375 0.85625 0.88984375 0.8578125 0.85234375