14 0.07109375 0.19453125 0.1421875 0.3890625
10 0.0140625 0.09296875 0.028125 0.0703125
6 0.05234375 0.30703125 0.1046875 0.1453125
9 0.6578125 0.08515625 0.3125 0.1703125
11 0.75390625 0.40234375 0.1921875 0.2546875
8 0.66171875 0.15625 0.1859375 0.3125
14 0.6046875 0.26484375 0.490625 0.5296875
7 0.3484375 0.67578125 0.021875 0.1046875
10 0.3 0.71171875 0.0328125 0.1265625
14 0.3109375 0.8046875 0.096875 0.390625
10 0.259375 0.925 0.05625 0.08046875
13 0.3515625 0.63359375 0.015625 0.0453125
14 0.7328125 0.73671875 0.328125 0.4140625
16 0.721875 0.603125 0.271875 0.146875
10 0.68359375 0.71171875 0.0890625 0.0546875
10 0.87265625 0.675 0.05546875 0.065625
6 0.70078125 0.88203125 0.1140625 0.1328125
6 0.81015625 0.85625 0.153125 0.115625