10 0.20546875 0.06875 0.05546875 0.065625
6 0.1359375 0.27734375 0.14453125 0.1265625
6 0.02578125 0.26171875 0.0515625 0.1203125
14 0.125 0.17421875 0.25 0.3484375
6 0.5671875 0.04140625 0.034375 0.0828125
6 0.58984375 0.0265625 0.0453125 0.053125
16 0.19140625 0.51796875 0.225 0.1921875
10 0.071875 0.64453125 0.05859375 0.0453125
10 0.3609375 0.62109375 0.04140625 0.0578125
6 0.165625 0.82265625 0.1 0.1234375
6 0.2265625 0.771875 0.08359375 0.09375
14 0.20234375 0.65625 0.3703125 0.475
16 0.86953125 0.771875 0.2609375 0.26875
10 0.68828125 0.89375 0.05859375 0.0625
12 0.8984375 0.553125 0.153125 0.0828125
14 0.8171875 0.759375 0.365625 0.48125