16 0.39140625 0.23828125 0.178125 0.1515625
10 0.4765625 0.32890625 0.0359375 0.0421875
10 0.33046875 0.35234375 0.05 0.0484375
6 0.365625 0.4859375 0.125 0.084375
6 0.428125 0.459375 0.10546875 0.090625
7 0.43203125 0.140625 0.06953125 0.0453125
9 0.440625 0.128125 0.053125 0.021875
12 0.40703125 0.0984375 0.128125 0.046875
14 0.3984375 0.2984375 0.221875 0.459375
14 0.80859375 0.28671875 0.2953125 0.5734375
16 0.80234375 0.13828125 0.25 0.2546875
10 0.8828125 0.30703125 0.071875 0.0609375
6 0.81875 0.51015625 0.2109375 0.1296875
16 0.1546875 0.71328125 0.271875 0.2078125
10 0.33515625 0.8390625 0.06640625 0.06875
6 0.14296875 0.9921875 0.0390625 0.015625
14 0.19375 0.8046875 0.384375 0.390625
6 0.97109375 0.778125 0.0578125 0.140625
14 0.91953125 0.78125 0.1609375 0.34375