14 0.06328125 0.24453125 0.1265625 0.4890625
16 0.04296875 0.09375 0.0859375 0.1875
10 0.06640625 0.19609375 0.053125 0.0578125
6 0.0265625 0.41484375 0.053125 0.1265625
15 0.78359375 0.3546875 0.13359375 0.0765625
15 0.85703125 0.3234375 0.14921875 0.059375
11 0.709375 0.07265625 0.090625 0.06640625
11 0.946875 0.075 0.07109375 0.059375
13 0.81015625 0.21015625 0.3796875 0.4203125
14 0.64296875 0.7921875 0.3640625 0.415625
16 0.65546875 0.81875 0.24453125 0.209375
10 0.5328125 0.96328125 0.078125 0.0546875
10 0.796875 0.94765625 0.06640625 0.0640625
9 0.65625 0.6578125 0.11640625 0.03125
7 0.65 0.67578125 0.1109375 0.05625
12 0.64140625 0.6203125 0.14453125 0.0640625