16 0.4171875 0.0328125 0.24375 0.065625
10 0.53125 0.084375 0.015625 0.059375
10 0.26640625 0.07109375 0.05 0.0546875
6 0.32734375 0.27734375 0.09453125 0.1203125
6 0.47421875 0.3015625 0.0890625 0.125
14 0.38671875 0.1890625 0.3046875 0.378125
14 0.65 0.2296875 0.221875 0.459375
16 0.63828125 0.1265625 0.1984375 0.253125
10 0.6828125 0.28984375 0.0890625 0.0578125
6 0.63359375 0.4390625 0.1890625 0.040625
6 0.6515625 0.42421875 0.14375 0.0703125
10 0.3671875 0.4921875 0.053125 0.040625
10 0.52734375 0.49140625 0.0234375 0.0359375
6 0.4921875 0.59609375 0.0640625 0.0671875
6 0.4046875 0.59375 0.04453125 0.065625
14 0.4359375 0.546875 0.20625 0.175
14 0.84140625 0.7296875 0.3171875 0.540625
16 0.8796875 0.7046875 0.2109375 0.25625
10 0.7515625 0.84296875 0.0609375 0.0671875
10 0.9671875 0.8890625 0.065625 0.08125
9 0.803125 0.50859375 0.06640625 0.034375
7 0.82265625 0.528125 0.096875 0.075
12 0.88046875 0.48046875 0.2046875 0.0421875