16 0.35859375 0.27109375 0.0828125 0.2796875
10 0.2734375 0.425 0.0640625 0.0625
14 0.29921875 0.26953125 0.2015625 0.5390625
16 0.5515625 0.05 0.225 0.1
10 0.65546875 0.115625 0.0390625 0.04375
10 0.41953125 0.09765625 0.0390625 0.0515625
6 0.5890625 0.26015625 0.071875 0.0828125
6 0.4859375 0.2984375 0.078125 0.1125
14 0.5515625 0.18515625 0.303125 0.3703125
1 0.0078125 0.76796875 0.015625 0.1140625
14 0.084375 0.76953125 0.16875 0.4609375
16 0.68671875 0.58046875 0.2859375 0.0828125
10 0.54453125 0.6453125 0.071875 0.071875
10 0.82265625 0.659375 0.09453125 0.071875
6 0.77109375 0.87421875 0.09140625 0.1609375
6 0.61015625 0.85546875 0.13046875 0.1421875
14 0.7125 0.74921875 0.428125 0.4203125