16 0.3921875 0.14609375 0.134375 0.2921875
10 0.28984375 0.26328125 0.06640625 0.0703125
14 0.3390625 0.175 0.240625 0.35
16 0.76953125 0.20625 0.25 0.26875
14 0.8078125 0.175 0.384375 0.35
16 0.07890625 0.57578125 0.1578125 0.2265625
10 0.1984375 0.70546875 0.04140625 0.0703125
6 0.03984375 0.93359375 0.0796875 0.1328125
6 0.06484375 0.8953125 0.10859375 0.11875
9 0.08671875 0.40390625 0.103125 0.0359375
7 0.07890625 0.42265625 0.1109375 0.075
12 0.071875 0.375 0.14375 0.05
14 0.115625 0.675 0.23125 0.65
16 0.496875 0.53828125 0.075 0.1359375
6 0.4984375 0.74609375 0.078125 0.0640625
12 0.4828125 0.40234375 0.046875 0.0390625
14 0.50546875 0.58046875 0.0921875 0.4046875