16 0.1015625 0.2890625 0.203125 0.2
12 0.08828125 0.0546875 0.1765625 0.10625
7 0.09765625 0.14453125 0.15 0.0984375
14 0.13359375 0.19453125 0.2671875 0.3890625
9 0.75390625 0.03828125 0.3296875 0.0765625
8 0.75234375 0.10703125 0.2640625 0.2140625
14 0.75 0.19453125 0.5 0.3890625
16 0.16171875 0.47109375 0.3234375 0.1640625
10 0.3109375 0.559375 0.0359375 0.0625
10 0.01328125 0.55546875 0.0265625 0.0578125
6 0.23828125 0.79296875 0.096875 0.1203125
6 0.075 0.79140625 0.103125 0.1203125
14 0.190625 0.628125 0.38125 0.478125
16 0.6265625 0.5953125 0.253125 0.2625
6 0.53671875 0.9453125 0.0734375 0.109375
6 0.62734375 0.9421875 0.10859375 0.115625
14 0.63515625 0.69453125 0.2703125 0.6109375