14 0.34453125 0.240625 0.2703125 0.48125
16 0.36953125 0.10078125 0.2203125 0.2015625
10 0.26640625 0.2296875 0.05859375 0.053125
6 0.4609375 0.41328125 0.0375 0.1296875
6 0.34609375 0.40546875 0.1 0.1203125
14 0.8234375 0.16953125 0.34375 0.3390625
16 0.82265625 0.03046875 0.2609375 0.0609375
10 0.75078125 0.09921875 0.09453125 0.05625
10 0.96484375 0.0625 0.05546875 0.0625
6 0.77734375 0.271875 0.121875 0.128125
6 0.91171875 0.25 0.15546875 0.11875
12 0.2421875 0.62734375 0.034375 0.0578125
16 0.33671875 0.64140625 0.1171875 0.0859375
14 0.3453125 0.634375 0.26875 0.153125
16 0.78125 0.6 0.240625 0.2
10 0.9140625 0.7203125 0.0609375 0.059375
10 0.665625 0.725 0.05859375 0.053125
6 0.740625 0.89453125 0.09140625 0.1109375
6 0.88359375 0.896875 0.08359375 0.11875
14 0.78671875 0.73203125 0.3609375 0.4640625