16 0.40234375 0.12578125 0.24140625 0.2078125
10 0.26953125 0.275 0.075 0.065625
10 0.55234375 0.25625 0.046875 0.065625
7 0.40859375 0.01171875 0.1140625 0.0234375
14 0.403125 0.184375 0.375 0.36875
16 0.70859375 0.23046875 0.19140625 0.1734375
10 0.83359375 0.334375 0.04140625 0.053125
9 0.72109375 0.103125 0.09140625 0.0296875
7 0.72109375 0.11875 0.0890625 0.046875
12 0.7109375 0.07265625 0.10546875 0.05
14 0.7390625 0.2109375 0.259375 0.315625
2 0.18046875 0.69609375 0.3609375 0.6078125
6 0.9640625 0.98671875 0.071875 0.0265625
16 0.9296875 0.5515625 0.140625 0.25
14 0.890625 0.684375 0.21875 0.63125