16 0.27421875 0.2546875 0.275 0.340625
16 0.44140625 0.2828125 0.0171875 0.046875
7 0.390625 0.03515625 0.11875 0.0703125
14 0.2796875 0.234375 0.340625 0.46875
9 0.81796875 0.02421875 0.1203125 0.0484375
8 0.8171875 0.05 0.071875 0.09375
12 0.8203125 0.01015625 0.121875 0.0203125
14 0.8125 0.234375 0.3625 0.46875
9 0.240625 0.6234375 0.25703125 0.240625
8 0.234375 0.83984375 0.1921875 0.21640625
14 0.225 0.76015625 0.45 0.4796875
4 0.23515625 0.7828125 0.21484375 0.1203125
9 0.853125 0.65703125 0.18515625 0.11328125
8 0.853125 0.70859375 0.1421875 0.2015625
13 0.85234375 0.53359375 0.2109375 0.1296875
14 0.76640625 0.734375 0.4671875 0.53125