16 0.43359375 0.159375 0.2921875 0.159375
7 0.52109375 0.0359375 0.1171875 0.071875
14 0.41640625 0.11953125 0.3265625 0.2390625
5 0.78984375 0.1625 0.4203125 0.153125
16 0.3 0.60859375 0.31640625 0.3390625
10 0.36640625 0.834375 0.09453125 0.075
6 0.3671875 0.97734375 0.125 0.0453125
7 0.37109375 0.3859375 0.13046875 0.1046875
12 0.3015625 0.29296875 0.246875 0.103125
14 0.29921875 0.621875 0.3890625 0.75625
16 0.89921875 0.4140625 0.2015625 0.334375
10 0.98515625 0.63984375 0.0296875 0.0734375
6 0.915625 0.8765625 0.16875 0.16875
14 0.87109375 0.596875 0.2578125 0.715625