16 0.171875 0.1421875 0.1109375 0.09375
10 0.22890625 0.2046875 0.03046875 0.028125
10 0.10546875 0.20234375 0.03359375 0.0265625
6 0.1890625 0.28984375 0.05 0.0578125
6 0.115625 0.2796875 0.0359375 0.046875
9 0.178125 0.07265625 0.05 0.0140625
7 0.178125 0.07890625 0.046875 0.028125
12 0.1734375 0.05546875 0.0640625 0.0296875
14 0.175 0.18515625 0.175 0.2796875
16 0.92734375 0.31171875 0.1453125 0.1890625
10 0.8515625 0.4421875 0.0640625 0.05625
6 0.92578125 0.5734375 0.0796875 0.071875
9 0.9640625 0.17265625 0.071875 0.0265625
7 0.96328125 0.18828125 0.0734375 0.0546875
12 0.95 0.140625 0.1 0.059375
14 0.90390625 0.35859375 0.1921875 0.5015625
6 0.21875 0.64921875 0.065625 0.0796875
6 0.30703125 0.659375 0.06953125 0.0875
14 0.2390625 0.66171875 0.278125 0.1046875
10 0.66640625 0.71484375 0.075 0.0640625
6 0.51328125 0.93984375 0.1078125 0.1203125
6 0.571875 0.91640625 0.09140625 0.0828125
14 0.584375 0.8046875 0.25 0.390625