16 0.51015625 0.03828125 0.2953125 0.0765625
6 0.4453125 0.33515625 0.096875 0.1609375
6 0.61953125 0.3171875 0.15 0.15
14 0.496875 0.21015625 0.465625 0.4203125
8 0.9546875 0.40859375 0.090625 0.2609375
16 0.525 0.58046875 0.3 0.0828125
10 0.6203125 0.63359375 0.053125 0.0546875
10 0.32734375 0.625 0.05546875 0.0625
6 0.371875 0.80546875 0.09453125 0.0984375
6 0.5140625 0.86796875 0.11640625 0.1296875
14 0.49921875 0.74140625 0.4203125 0.4046875
16 0.771875 0.69453125 0.084375 0.1484375
6 0.81484375 0.9171875 0.10625 0.078125
12 0.7625 0.56171875 0.065625 0.0453125
14 0.809375 0.75390625 0.159375 0.4296875