16 0.21875 0.1296875 0.309375 0.259375
10 0.36953125 0.275 0.0203125 0.071875
10 0.1109375 0.30859375 0.103125 0.0703125
6 0.159375 0.5015625 0.128125 0.115625
6 0.3109375 0.49296875 0.1375 0.1328125
16 0.596875 0.05390625 0.21875 0.1078125
10 0.41953125 0.134375 0.053125 0.059375
6 0.4875 0.34296875 0.18359375 0.1171875
6 0.60859375 0.31875 0.096875 0.10625
14 0.55546875 0.203125 0.3515625 0.40625
13 0.0328125 0.6359375 0.065625 0.153125
13 0.1265625 0.6890625 0.165625 0.1203125
9 0.03046875 0.75078125 0.0609375 0.1109375
9 0.13046875 0.80390625 0.1875 0.11328125
11 0.32734375 0.9640625 0.1046875 0.071875
8 0.02265625 0.79765625 0.0453125 0.1984375
8 0.12578125 0.83359375 0.14921875 0.15859375
14 0.21484375 0.828125 0.3296875 0.34375
14 0.059375 0.79609375 0.11875 0.4078125
11 0.44140625 0.65859375 0.05078125 0.14296875