14 0.4171875 0.2234375 0.203125 0.3125
16 0.4484375 0.28671875 0.140625 0.1859375
9 0.46875 0.1453125 0.1 0.028125
7 0.47109375 0.159375 0.0953125 0.059375
12 0.46484375 0.10625 0.1078125 0.059375
2 0.808203125 0 0.8046875 0.06328125 0.79296875 0.096875 0.77890625 0.0921875 0.7625 0.10390625 0.765625 0.16171875 0.7703125 0.17734375 0.7859375 0.18203125 0.784375 0.21640625 0.79375 0.21796875 0.7921875 0.26328125 0.796875 0.26640625 0.7984375 0.29453125 0.80703125 0.2921875 0.81640625 0.303125 0.84296875 0.3125 0.853125 0.32265625 0.8809094546875 0.3796875 0.9430352390625 0.3796875 0.9140625 0.31484375 0.9015625 0.29921875 0.88203125 0.28125 0.8515625 0.28671875 0.846875 0.25234375 0.8546875 0.18828125 0.91171875 0.19375 0.92109375 0.2015625 0.96484375 0.2109375 0.99765625 0.2328125 1 0.23350183750000003 1 0.13229166718750002 0.99609375 0.13125 0.99375 0.15234375 0.98671875 0.15 0.97734375 0.165625 0.96484375 0.1609375 0.96171875 0.1671875 0.94140625 0.1671875 0.93046875 0.1546875 0.8921875 0.14765625 0.89296875 0.140625 0.9078125 0.13671875 0.88984375 0.134375 0.89140625 0.125 0.93828125 0.1234375 0.93671875 0.11875 0.92578125 0.1203125 0.921875 0.11015625 0.94375 0.10703125 0.90703125 0.1046875 0.88203125 0.0828125 0.8578125 0.08359375 0.8611297125 0 0.808203125 0
16 0.28671875 0.6328125 0.1640625 0.321875
14 0.675 0.63203125 0.3125 0.5046875
16 0.6453125 0.51015625 0.2359375 0.2046875
10 0.5421875 0.64765625 0.046875 0.0515625
10 0.78984375 0.63125 0.05859375 0.05625
6 0.584375 0.8203125 0.096875 0.125
6 0.725 0.8125 0.13359375 0.11875
7 0.64375 0.3859375 0.10625 0.0125