16 0.23203125 0.04296875 0.3109375 0.0859375
10 0.4 0.09453125 0.05 0.0640625
10 0.096875 0.0953125 0.04453125 0.065625
6 0.3453125 0.32578125 0.10859375 0.1234375
6 0.18203125 0.33046875 0.096875 0.1234375
14 0.240625 0.20078125 0.453125 0.4015625
16 0.865625 0.14296875 0.203125 0.2546875
10 0.7203125 0.29296875 0.040625 0.0578125
6 0.7734375 0.49140625 0.146875 0.1171875
6 0.878125 0.4703125 0.071875 0.10625
10 0.51484375 0.5625 0.0609375 0.025
10 0.278125 0.5625 0.065625 0.025
6 0.453125 0.721875 0.09140625 0.128125
6 0.315625 0.71328125 0.078125 0.1171875
14 0.390625 0.671875 0.35 0.24375
1 0.85 0.74921875 0.3 0.3984375