14 0.165625 0.3640625 0.33125 0.69375
16 0.12109375 0.2875 0.2421875 0.24375
10 0.2796875 0.421875 0.05 0.0625
6 0.20859375 0.6453125 0.1359375 0.121875
6 0.05625 0.62734375 0.10859375 0.1171875
12 0.11328125 0.0609375 0.171875 0.078125
12 0.748046875 0.3439453125 0.75 0.3302734375 0.7216796875 0.282421875 0.7001953125 0.26875 0.6923828125 0.266796875 0.6748046875 0.26875 0.6630859375 0.27265625 0.64453125 0.2912109375 0.63671875 0.3048828125 0.6328125 0.3380859375 0.640625 0.3498046875 0.646484375 0.3537109375 0.65234375 0.3380859375 0.6611328125 0.329296875 0.6806640625 0.3234375 0.7158203125 0.329296875 0.7392578125 0.352734375 0.748046875 0.3439453125
4 0.65493795 0.36518857968749996 0.71998255 0.3608335265625 0.7187376734375001 0.3362586203125 0.653693071875 0.3443465765625 0.65493795 0.36518857968749996
8 0.72278351875 0.36269997656249997 0.6533818578125 0.3682993265625 0.6592950078125 0.3903856390625 0.67547834375 0.4099833484375 0.6941514328125 0.41060549999999996 0.724650821875 0.3931853046875 0.72278351875 0.36269997656249997
3 0.738344428125 0.34154689375 0.7277630046875 0.34154689375 0.7241399109375 0.36896491875000004 0.7370995499999999 0.370787934375 0.738344428125 0.34154689375
11 0.5634765625 0.6046875 0.5615234375 0.602734375 0.5458984375 0.602734375 0.5439453125 0.60078125 0.5400390625 0.60078125 0.53515625 0.6037109375 0.53515625 0.6115234375 0.5439453125 0.626171875 0.5517578125 0.63203125 0.5693359375 0.63984375 0.578125 0.6388671875 0.5859375 0.6349609375 0.587890625 0.6271484375 0.583984375 0.6173828125 0.5751953125 0.60859375 0.5693359375 0.6046875 0.5634765625 0.6046875
11 0.693359375 0.6466796875 0.693359375 0.6427734375 0.69140625 0.6408203125 0.689453125 0.6212890625 0.6845703125 0.61640625 0.6708984375 0.610546875 0.6591796875 0.602734375 0.6240234375 0.602734375 0.62109375 0.6076171875 0.609375 0.6173828125 0.607421875 0.6271484375 0.625 0.6447265625 0.6298828125 0.653515625 0.6376953125 0.657421875 0.650390625 0.6564453125 0.6611328125 0.65546875 0.6669921875 0.6515625 0.6728515625 0.6515625 0.6748046875 0.649609375 0.6904296875 0.649609375 0.693359375 0.6466796875
6 0.76171875 0.9328125 0.0953125 0.065625
6 0.615625 0.93203125 0.096875 0.0640625
14 0.6921875 0.9421875 0.365625 0.084375