16 0.4921875 0.0421875 0.075 0.084375
6 0.51484375 0.184375 0.0296875 0.053125
6 0.46875 0.18359375 0.0390625 0.0546875
14 0.47890625 0.1078125 0.1015625 0.215625
14 0.63984375 0.12578125 0.2203125 0.2515625
6 0.615625 0.18828125 0.153125 0.1203125
16 0.34453125 0.50234375 0.18046875 0.1640625
10 0.2390625 0.60546875 0.053125 0.0421875
10 0.459375 0.60546875 0.05 0.0515625
6 0.2765625 0.7203125 0.06640625 0.075
6 0.37734375 0.75234375 0.0640625 0.1046875
9 0.35703125 0.38046875 0.09140625 0.025
7 0.35703125 0.39453125 0.078125 0.0484375
12 0.35703125 0.3671875 0.1109375 0.015625
14 0.34921875 0.5828125 0.2921875 0.446875
16 0.9703125 0.61796875 0.059375 0.1171875
10 0.928125 0.69375 0.03359375 0.034375
6 0.959375 0.7984375 0.046875 0.0625
6 0.959375 0.7984375 0.046875 0.0625
9 0.98125 0.53515625 0.0375 0.0171875
7 0.98125 0.5453125 0.0375 0.034375
12 0.9796875 0.5125 0.040625 0.0375
14 0.94765625 0.66328125 0.1046875 0.3484375