14 0.30703125 0.18984375 0.2953125 0.3796875
16 0.29375 0.246875 0.246875 0.234375
9 0.3453125 0.0765625 0.06953125 0.028125
7 0.3328125 0.08984375 0.0859375 0.059375
12 0.28359375 0.0390625 0.19453125 0.078125
14 0.67734375 0.13046875 0.3421875 0.2609375
6 0.6078125 0.1953125 0.0890625 0.115625
6 0.75078125 0.19453125 0.09140625 0.1171875
10 0.55625 0.03515625 0.0640625 0.0484375
10 0.803125 0.02890625 0.05859375 0.0515625
8 0.440625 0.9109375 0.096875 0.178125
13 0.41875 0.69296875 0.140625 0.1984375
9 0.43125 0.8921875 0.115625 0.215625
3 0.990625 0.58125 0.01875 0.128125
4 0.92265625 0.540625 0.1234375 0.10078125