16 0.184375 0.3171875 0.23125 0.24375
12 0.1734375 0.090625 0.20546875 0.0734375
14 0.16015625 0.24375 0.2796875 0.390625
9 0.4484375 0.16875 0.0984375 0.08671875
13 0.69765625 0.0796875 0.2796875 0.159375
8 0.615625 0.2875 0.084375 0.2234375
14 0.72578125 0.21953125 0.3546875 0.4390625
14 0.9734375 0.33125 0.05 0.215625
14 0.92265625 0.32734375 0.0359375 0.2234375
13 0.409375 0.0375 0.1625 0.075
8 0.4484375 0.23359375 0.11328125 0.2015625
14 0.415625 0.21953125 0.23125 0.4390625
13 0.934375 0.22421875 0.03359375 0.02890625
13 0.97265625 0.23515625 0.02890625 0.0171875
16 0.13671875 0.53203125 0.2734375 0.1859375
10 0.2828125 0.64140625 0.034375 0.0734375
10 0.02890625 0.66953125 0.0578125 0.0671875
6 0.2328125 0.859375 0.134375 0.153125
6 0.06484375 0.8765625 0.10859375 0.159375
14 0.15 0.7 0.3 0.521875
16 0.6625 0.534375 0.31875 0.190625
10 0.76484375 0.6359375 0.0390625 0.05625
10 0.465625 0.63671875 0.06953125 0.0703125
6 0.709375 0.8671875 0.10546875 0.125
6 0.53984375 0.87734375 0.13359375 0.1234375
14 0.63203125 0.7 0.4390625 0.521875