14 0.16640625 0.284375 0.3328125 0.56875
16 0.184375 0.26953125 0.2953125 0.2671875
6 0.11484375 0.55546875 0.1640625 0.0265625
12 0.159375 0.03046875 0.215625 0.0609375
3 0.2 0.07890625 0.0375 0.040625
13 0.7859375 0.24375 0.0296875 0.03515625
7 0.9234375 0.25859375 0.025 0.06484375
7 0.79140625 0.28125 0.025 0.06015625
7 0.58125 0.40859375 0.01484375 0.025
13 0.65390625 0.42109375 0.03515625 0.05
7 0.65390625 0.4609375 0.025 0.05
14 0.775 0.396875 0.0875 0.34375
14 0.90703125 0.3921875 0.0921875 0.353125
14 0.57734375 0.46953125 0.0171875 0.1984375
14 0.66015625 0.48984375 0.1046875 0.1578125
13 0.9125 0.22109375 0.0328125 0.03984375
1 0.2 0.7515625 0.27109375 0.35546875
9 0.440625 0.70234375 0.25625 0.2671875