16 0.33984375 0.090625 0.3046875 0.18125
10 0.365625 0.1046875 0.128125 0.04375
10 0.23125 0.1765625 0.0859375 0.05625
6 0.2078125 0.371875 0.121875 0.075
6 0.3875 0.3859375 0.115625 0.046875
14 0.346875 0.2046875 0.478125 0.409375
5 0.6890625 0.0859375 0.103125 0.171875
10 0.8734375 0.0203125 0.0625 0.040625
2 0.2578125 0.84609375 0.2515625 0.83828125 0.2578125 0.83359375 0.2515625 0.83046875 0.2578125 0.82734375 0.265625 0.79609375 0.265625 0.71171875 0.2484375 0.53203125 0.23671875 0.5109375 0.221875 0.53046875 0.2359375 0.64453125 0.2359375 0.73359375 0.12890625 0.7375 0.1125 0.72578125 0.1203125 0.64609375 0.121875 0.50234375 0.11171875 0.4984375 0.0953125 0.50703125 0.090625 0.73671875 0.07421875 0.7703125 0.0515625 0.76953125 0.0421875 0.80234375 0.0421875 0.85546875 0.0234375 0.88984375 0.040625 0.88828125 0.0375 0.92265625 0.05234375 0.94375 0.0625 0.91328125 0.07265625 0.9171875 0.08046875 0.909375 0.12578125 0.9265625 0.13515625 0.9234375 0.13984375 0.9328125 0.16015625 0.9359375 0.16640625 0.94375 0.18125 0.94296875 0.2015625 0.93203125 0.20078125 0.921875 0.20859375 0.928125 0.22734375 0.9171875 0.25625 0.88359375 0.2578125 0.84609375
14 0.84375 0.7515625 0.3125 0.496875
16 0.8765625 0.765625 0.246875 0.259375
10 0.740625 0.90234375 0.05 0.0640625
12 0.90390625 0.5390625 0.16640625 0.0828125