14 0.19296875 0.209375 0.3203125 0.41875
16 0.19140625 0.16171875 0.2609375 0.2640625
10 0.3078125 0.33984375 0.071875 0.0703125
5 0.71953125 0.209375 0.5609375 0.41875
16 0.209375 0.50234375 0.246875 0.1671875
10 0.1296875 0.63125 0.071875 0.065625
6 0.20234375 0.81484375 0.18359375 0.1140625
6 0.19140625 0.7703125 0.1609375 0.103125
14 0.19609375 0.65078125 0.2890625 0.4640625
16 0.7 0.49453125 0.353125 0.1515625
10 0.5125 0.6171875 0.08359375 0.078125
10 0.9375 0.596875 0.06640625 0.078125
6 0.80390625 0.8140625 0.128125 0.1625
6 0.60859375 0.87421875 0.11953125 0.1890625
14 0.71953125 0.709375 0.5609375 0.58125