14 0.08515625 0.33046875 0.1703125 0.5390625
16 0.059375 0.28984375 0.11875 0.2109375
6 0.0765625 0.56640625 0.121875 0.0671875
12 0.02421875 0.0859375 0.0484375 0.0625
5 0.68359375 0.29375 0.6328125 0.3
11 0.29291720312499997 1 0.291015625 0.946227575 0.2890625 0.9425455734374999 0.287109375 0.9241355609374999 0.2783203125 0.9038845484374999 0.2646484375 0.9038845484374999 0.2626953125 0.9075665515625 0.2529296875 0.911248553125 0.2412109375 0.9259765625 0.2373046875 0.9259765625 0.2314453125 0.940704571875 0.2236328125 0.9443865734375001 0.2109375 0.9720015921874999 0.2109375 0.990411603125 0.212890625 0.9940936062500001 0.2109375 0.9977756078125001 0.21164545937499998 1 0.29291720312499997 1
13 0.95859375 0.68359375 0.0296875 0.025
14 0.93984375 0.7328125 0.078125 0.15703125
11 0.9640625 0.7328125 0.01484375 0.03203125
14 0.7875 0.81953125 0.109375 0.3609375
10 0.753125 0.93046875 0.02734375 0.07109375
13 0.7984375 0.67109375 0.04453125 0.04140625