16 0.49609375 0.02734375 0.1359375 0.0546875
10 0.415625 0.06953125 0.03046875 0.0359375
6 0.465625 0.1859375 0.053125 0.071875
6 0.54296875 0.1734375 0.053125 0.059375
14 0.4875 0.11015625 0.184375 0.2203125
16 0.925 0.34296875 0.15 0.2765625
12 0.95546875 0.09296875 0.0890625 0.0765625
14 0.91015625 0.26875 0.1796875 0.440625
16 0.12109375 0.60390625 0.1859375 0.2296875
14 0.13125 0.74453125 0.2625 0.5109375
16 0.6140625 0.7234375 0.06875 0.128125
10 0.66328125 0.8 0.04453125 0.04375
6 0.61328125 0.9171875 0.06640625 0.071875
9 0.59765625 0.628125 0.0359375 0.01875
7 0.6015625 0.6375 0.04375 0.0375
12 0.6015625 0.60859375 0.04375 0.0359375
14 0.640625 0.775 0.121875 0.371875