14 0.2875 0.26875 0.14375 0.4
16 0.7375 0.1875 0.24453125 0.265625
10 0.6171875 0.35078125 0.08046875 0.0671875
7 0.69375 0.028125 0.1 0.05625
14 0.75390625 0.234375 0.3859375 0.46875
2 0.2301818421875 1 0.2292609375 0.990625 0.22784062500000002 0.8542609375 0.259090625 0.85 0.29744375 0.899715625 0.3230109375 0.925284375 0.3289742015625 0.9223032890624999 0.29318125 0.82869375 0.26477343750000004 0.75625 0.26477343750000004 0.7363640625000001 0.26619375 0.712215625 0.26328125 0.6859375 0.23671875 0.6859375 0.21171875 0.6625 0.16015625 0.6484375 0.140625 0.65859375 0.206534375 0.71931875 0.2079546875 0.774715625 0.1951703125 0.81306875 0.209375 0.8414765624999999 0.203125 0.99609375 0.203559028125 1 0.2301818421875 1
16 0.55703125 0.64921875 0.1890625 0.1765625
6 0.5125 0.90546875 0.071875 0.0953125
6 0.628125 0.90625 0.08125 0.103125
12 0.5390625 0.49296875 0.115625 0.0484375
14 0.5546875 0.71640625 0.3125 0.4953125