6 0.06015625 0.04296875 0.0890625 0.0859375
6 0.12890625 0.02421875 0.0671875 0.0484375
14 0.8 0.184375 0.4 0.36875
16 0.8234375 0.16171875 0.19453125 0.2546875
10 0.6546875 0.29375 0.0640625 0.065625
10 0.9359375 0.33359375 0.115625 0.0703125
7 0.7765625 0.0109375 0.109375 0.021875
16 0.11484375 0.47734375 0.2296875 0.2171875
10 0.05625 0.46328125 0.1125 0.0578125
10 0.065625 0.53125 0.13125 0.053125
6 0.13984375 0.85703125 0.10859375 0.1703125
14 0.1453125 0.66015625 0.290625 0.5828125
2 0.5203125 0.59921875 0.103125 0.4609375
2 0.8671875 0.6078125 0.265625 0.478125