16 0.20703125 0.0609375 0.1859375 0.121875
10 0.1 0.1484375 0.05 0.040625
10 0.309375 0.13828125 0.046875 0.0453125
6 0.11953125 0.265625 0.05546875 0.08125
6 0.246875 0.29921875 0.08359375 0.1109375
14 0.20078125 0.1828125 0.2828125 0.365625
16 0.71796875 0.13671875 0.2765625 0.2734375
10 0.81484375 0.29921875 0.06640625 0.0796875
6 0.70859375 0.51640625 0.1453125 0.0859375
14 0.759375 0.2796875 0.359375 0.559375
16 0.3609375 0.6984375 0.325 0.278125
10 0.5296875 0.86484375 0.1 0.0546875
10 0.20078125 0.85546875 0.103125 0.0515625
14 0.3453125 0.7796875 0.46875 0.440625
16 0.76953125 0.59765625 0.2890625 0.0765625
10 0.88515625 0.65546875 0.04140625 0.0609375
10 0.60234375 0.6359375 0.0453125 0.065625
6 0.65234375 0.84453125 0.09140625 0.1359375
6 0.79921875 0.8578125 0.0859375 0.11875
14 0.7765625 0.740625 0.39375 0.3625