16 0.4125 0.0515625 0.4125 0.103125
6 0.5484375 0.38359375 0.140625 0.1109375
6 0.34765625 0.378125 0.1171875 0.121875
14 0.3875 0.21953125 0.4625 0.4390625
9 0.909375 0.15859375 0.1734375 0.08671875
8 0.89375 0.21484375 0.1515625 0.1828125
13 0.890625 0.07265625 0.21875 0.1453125
14 0.809375 0.21953125 0.38125 0.4390625
16 0.47109375 0.65703125 0.271875 0.2828125
10 0.578125 0.8359375 0.08125 0.06875
10 0.32265625 0.81484375 0.0640625 0.0734375
6 0.39375 0.97890625 0.153125 0.0421875
9 0.44453125 0.45546875 0.1359375 0.0328125
7 0.45234375 0.475 0.1328125 0.071875
14 0.44921875 0.71953125 0.3390625 0.5609375