6 0.18828125 0.16171875 0.10546875 0.1546875
6 0.33515625 0.14765625 0.0890625 0.1515625
14 0.21171875 0.11875 0.3359375 0.2375
16 0.72890625 0.0828125 0.3421875 0.165625
10 0.7796875 0.23203125 0.103125 0.0796875
14 0.7484375 0.13984375 0.45 0.2796875
9 0.13984375 0.64296875 0.2796875 0.1265625
8 0.0984375 0.7140625 0.196875 0.26875
12 0.178125 0.43671875 0.35625 0.3140625
14 0.70546875 0.6390625 0.4421875 0.71875
16 0.74375 0.55234375 0.325 0.2890625
10 0.5421875 0.70234375 0.071875 0.0703125
6 0.6109375 0.93828125 0.15 0.1234375
6 0.7703125 0.93203125 0.11640625 0.1203125
12 0.7203125 0.30859375 0.184375 0.0578125