16 0.103125 0.046875 0.146875 0.09375
10 0.01484375 0.11328125 0.0296875 0.0390625
10 0.1984375 0.109375 0.0359375 0.04375
6 0.14296875 0.23359375 0.05859375 0.0796875
6 0.046875 0.23046875 0.05546875 0.0796875
14 0.109375 0.13671875 0.21875 0.2734375
10 0.8421875 0.03125 0.04453125 0.040625
6 0.88828125 0.14375 0.05859375 0.08125
6 0.9734375 0.15 0.053125 0.078125
12 0.9 0.09453125 0.2 0.1890625
16 0.14296875 0.68359375 0.19140625 0.1734375
10 0.0203125 0.79453125 0.040625 0.0546875
10 0.30234375 0.79375 0.04453125 0.059375
6 0.1625 0.94609375 0.071875 0.1078125
6 0.0625 0.95078125 0.078125 0.0984375
9 0.16640625 0.57109375 0.0890625 0.0265625
7 0.16875 0.58046875 0.0890625 0.0453125
12 0.1640625 0.54296875 0.121875 0.0484375
14 0.16796875 0.759375 0.3359375 0.48125
2 1 0.51875 0.746875 0.51875 0.746875 0.58359375 0.7234375 0.65859375 0.64375 0.74296875 0.640625 0.75703125 0.6546875 0.78828125 0.6375 0.80859375 0.6296875 0.82890625 0.63125 0.85390625 0.6453125 0.86328125 0.6375 0.93359375 0.61953125 0.9546875 0.59375 0.96796875 0.5921875 0.98203125 0.61015625 1 0.63046875 1 0.66171875 0.984375 0.678125 0.96796875 0.6859375 0.93359375 0.70390625 0.9078125 0.84453125 0.91875 0.99296875 0.915625 1 0.9240171374999999 1 0.6799479171875 0.9859375 0.66015625 0.984375 0.61796875 1 0.5333333328125 1 0.51875