1 0.84375 0.2265625 0.259375 0.453125
14 0.8046875 0.26953125 0.390625 0.5390625
4 0.8265625 0.15234375 0.1515625 0.171875
14 0.26953125 0.76953125 0.2484375 0.4609375
7 0.8234375 0.725 0.01796875 0.04296875
14 0.60546875 0.7796875 0.0734375 0.203125
14 0.8140625 0.8125 0.0765625 0.2515625
13 0.609375 0.68125 0.02421875 0.021875
13 0.8265625 0.69296875 0.02578125 0.0234375
11 0.796875 0.7578125 0.01328125 0.025
11 0.82421875 0.796875 0.0125 0.0234375
8 0.60703125 0.71796875 0.01875 0.03203125
9 0.6078125 0.70859375 0.02109375 0.021875
15 0.58984375 0.88671875 0.02578125 0.040625
15 0.6171875 0.8859375 0.0234375 0.04140625
15 0.82578125 0.915625 0.02421875 0.04609375