10 0.93671875 0.08984375 0.078125 0.0640625
6 0.946875 0.2984375 0.10625 0.121875
14 0.93046875 0.18671875 0.1390625 0.3734375
9 0.2625 0.80546875 0.14453125 0.10546875
8 0.12890625 0.87421875 0.09609375 0.165625
8 0.26640625 0.84296875 0.14453125 0.1515625
13 0.08515625 0.69375 0.1703125 0.16875
13 0.2359375 0.67578125 0.18046875 0.125
14 0.09296875 0.8 0.1859375 0.4
14 0.33359375 0.80703125 0.4015625 0.3859375
9 0.89375 0.95234375 0.2125 0.0953125
8 0.90859375 0.95234375 0.1828125 0.0953125
13 0.8640625 0.796875 0.271875 0.20625