2 0.5859375 0.06015625 0.5765625 0.08828125 0.553125 0.21171875 0.55625 0.24296875 0.5978687500000001 0.3160515625 0.5875 0.21796875 0.5859375 0.17421875 0.5796875 0.15703125 0.5859375 0.09609375 0.59921875 0.0421875 0.5859375 0.06015625
16 0.7296875 0.13359375 0.221875 0.2671875
10 0.89921875 0.29765625 0.071875 0.0859375
14 0.78984375 0.18984375 0.3421875 0.3796875
2 0.2890625 0.81015625 0.31484375 0.803125 0.31640625 0.809375 0.32265625 0.8046875 0.32578125 0.809375 0.3390625 0.78671875 0.33515625 0.78125 0.33203125 0.7859375 0.30234375 0.7859375 0.296875 0.77734375 0.3 0.76171875 0.33125 0.70546875 0.32734375 0.6953125 0.29140625 0.7515625 0.28046875 0.7 0.2703125 0.71640625 0.278125 0.77109375 0.27421875 0.7765625 0.259375 0.77265625 0.2578125 0.81796875 0.26796875 0.8359375 0.296875 0.83828125 0.3078125 0.82890625 0.30078125 0.8234375 0.29453125 0.828125 0.29609375 0.81875 0.28671875 0.828125 0.2890625 0.81015625
16 0.89375 0.65234375 0.203125 0.2328125
10 0.78359375 0.8203125 0.0890625 0.0625
6 0.84140625 0.9734375 0.1546875 0.053125
6 0.90234375 0.95625 0.1109375 0.0875
9 0.928125 0.46953125 0.096875 0.034375
7 0.92109375 0.4890625 0.1109375 0.0765625
12 0.88125 0.42734375 0.1859375 0.06875
14 0.84375 0.69453125 0.3125 0.6109375