2 0 0.22369791718749998 0.05078125 0.19375 0.06640625 0.2 0.11640625 0.2 0.14765625 0.2296875 0.18984375 0.253125 0.21640625 0.278125 0.2171875 0.26484375 0.2109375 0.24921875 0.18515625 0.221875 0.1296875 0.17890625 0.13984375 0.1734375 0.171875 0.17421875 0.15703125 0.1625 0.08671875 0.1484375 0.00390625 0.14375 0 0.1453947375 0 0.22369791718749998
12 0.51015625 0.0453125 0.0828125 0.07578125
12 0.59765625 0.096875 0.03515625 0.040625
12 0.77734375 0.1203125 0.08515625 0.090625
12 0.7296875 0.12421875 0.021875 0.0359375
14 0.4921875 0.27421875 0.159375 0.5109375
14 0.59453125 0.2484375 0.07578125 0.36328125
14 0.73671875 0.30390625 0.2171875 0.4515625
16 0.4984375 0.22421875 0.15703125 0.2203125
16 0.5953125 0.2015625 0.07578125 0.1296875
16 0.73828125 0.325 0.21171875 0.27265625
2 0.011125 0.5296875 0.0296875 0.60703125 0.025 0.69921875 0.015625 0.70859375 0.009375 0.73828125 0.0203125 0.75859375 0.028125 0.76171875 0.04375 0.73984375 0.0359375 0.59296875 0.04921875 0.5921875 0.053125 0.57578125 0.037256659375 0.5296875 0.011125 0.5296875
2 0.675 0.67578125 0.13125 0.2390625