14 0.36171875 0.275 0.1546875 0.55
15 0.403125 0.51484375 0.071875 0.0703125
11 0.35390625 0.23828125 0.0796875 0.08203125
12 0.93515625 0.12890625 0.1265625 0.1421875
14 0.87421875 0.28828125 0.2515625 0.5234375
14 0.615625 0.28984375 0.353125 0.5203125
14 0.47109375 0.3171875 0.0640625 0.44375
3 0.49921875 0.20859375 0.04140625 0.06953125
9 0.80546875 0.70390625 0.0890625 0.05078125
8 0.66640625 0.846875 0.07421875 0.1078125
8 0.96484375 0.78203125 0.0703125 0.0890625
11 0.9734375 0.8953125 0.053125 0.0875
13 0.63515625 0.753125 0.115625 0.07421875
13 0.80546875 0.640625 0.10078125 0.05546875
13 0.95234375 0.6984375 0.0953125 0.08125
14 0.56796875 0.84921875 0.2578125 0.3015625
14 0.78984375 0.7625 0.209375 0.3296875
14 0.9328125 0.821875 0.134375 0.35625
4 0.66875 0.81875 0.06953125 0.0453125
4 0.9625 0.7515625 0.075 0.0375