14 0.3046875 0.26953125 0.26875 0.5390625
7 0.378125 0.03515625 0.121875 0.0703125
11 0.23515625 0.36328125 0.0796875 0.0796875
16 0.65078125 0.11796875 0.2640625 0.2359375
16 0.9296875 0.13203125 0.140625 0.2640625
6 0.459375 0.3734375 0.040625 0.1
14 0.62421875 0.228125 0.3265625 0.45625
14 0.88515625 0.23359375 0.2296875 0.4671875
16 0.375 0.67109375 0.128125 0.2640625
14 0.365625 0.76953125 0.146875 0.4609375
0 1 1 1 0.7338616984375 0.9853187546874999 0.7317399859375 0.5041485984375 0.8457363859375 0.5666382234375 0.9940879984375 0.5746227328125 1 1 1
0 0.603774046875 0.5390625 0.5260199906249999 0.6302363328125 0.5228955578125001 0.770779853125 0.71505108125 0.9550480125 0.8494037500000001 0.7520407046875001 0.9337647671875 0.5818268921875 0.9396253250000001 0.5390625 0.603774046875 0.5390625